0.9938673067097894 0.9999501138297587 0.9999371192068203 0.9999196306182007 0.999900091445524 1.0 1.0 1.0 0.9999835545873741 0.9999838617996996 1.0 0.9989015519587473 0.9999911776911841 0.9999371192068203 0.9999196306182007 0.999900091445524 1.0 1.0 1.0 0.9999835545873741 
0.9999501138297587 0.986173279820608 0.9997944265903463 0.9996469295619765 1.0 1.0 1.0 1.0 1.0 1.0 1.0 1.0 0.9998474154579859 0.9997944265903463 0.9996469295619765 1.0 1.0 1.0 1.0 1.0 
0.9999371192068203 0.9997944265903463 0.9954718245519771 0.9999568788818305 0.9999922944495185 1.0 0.9999560842943012 0.9999560842943012 1.0 0.9999931629535476 0.999965044706779 0.9999900128551941 0.999881922281665 0.9954718245519771 0.9999568788818305 0.9999922944495185 1.0 0.9999560842943012 0.9999560842943012 1.0 
0.9999196306182007 0.9996469295619765 0.9999568788818305 0.9940894852382526 0.9998508394972082 1.0 1.0 1.0 0.9998944764215539 1.0 0.9999035317934377 1.0 0.999977192765171 0.9999438814930421 0.9940894852382526 0.9998508394972082 1.0 1.0 1.0 0.9998944764215539 
0.999900091445524 1.0 0.9999922944495185 0.9998508394972082 0.9901010053316656 1.0 1.0 1.0 1.0 1.0 0.9999161764122602 0.9999440093251007 1.0 0.9999811983284069 0.9997925007057645 0.9901010053316656 1.0 1.0 1.0 1.0 
1.0 1.0 1.0 1.0 1.0 0.9860668678308724 1.0 1.0 1.0 0.9998994746621502 1.0 1.0 1.0 1.0 1.0 1.0 0.9860668678308724 1.0 1.0 1.0 
1.0 1.0 0.9999560842943012 1.0 1.0 1.0 0.9944788275532895 0.9944788275532895 1.0 0.9999239077164871 1.0 1.0 1.0 0.9999472552233216 1.0 1.0 1.0 0.9944788275532895 0.9944788275532895 1.0 
1.0 1.0 0.9999560842943012 1.0 1.0 1.0 0.9944788275532895 0.9944788275532895 1.0 0.9999239077164871 1.0 1.0 1.0 0.9999472552233216 1.0 1.0 1.0 0.9944788275532895 0.9944788275532895 1.0 
0.9999835545873741 1.0 1.0 0.9998944764215539 1.0 1.0 1.0 1.0 0.994440673631702 1.0 0.9999579682076296 0.9999623221612695 0.9999914780468544 1.0 0.9999000940606868 1.0 1.0 1.0 1.0 0.994440673631702 
0.9999838617996996 1.0 0.9999931629535476 1.0 1.0 0.9998994746621502 0.9999239077164871 0.9999239077164871 1.0 0.992710191285892 0.9999814522365209 0.9999788075089137 1.0 0.9999879093247973 1.0 1.0 0.9999504422518901 0.9998900404943133 0.9998900404943133 1.0 
1.0 1.0 0.999965044706779 0.9999035317934377 0.9999161764122602 1.0 1.0 1.0 0.9999579682076296 0.9999814522365209 0.9923342747486524 1.0 0.9999360338523894 0.9999376247497619 0.9998900344144315 0.9999379475703366 1.0 1.0 1.0 0.9999095151865902 
0.9989015519587473 1.0 0.9999900128551941 1.0 0.9999440093251007 1.0 1.0 1.0 0.9999623221612695 0.9999788075089137 1.0 0.9933914225760608 1.0 0.9999851962978148 1.0 0.999965354355061 1.0 1.0 1.0 0.9999548148820993 
0.9999911776911841 0.9998474154579859 0.999881922281665 0.999977192765171 1.0 1.0 1.0 1.0 0.9999914780468544 1.0 0.9999360338523894 1.0 0.9879105703834746 0.9996379888556662 0.9999474148815727 1.0 1.0 1.0 1.0 0.9999792692753876 
0.9999371192068203 0.9997944265903463 0.9954718245519771 0.9999438814930421 0.9999811983284069 1.0 0.9999472552233216 0.9999472552233216 1.0 0.9999879093247973 0.9999376247497619 0.9999851962978148 0.9996379888556662 0.9954718245519771 0.9999568788818305 0.9999922944495185 1.0 0.9999560842943012 0.9999560842943012 1.0 
0.9999196306182007 0.9996469295619765 0.9999568788818305 0.9940894852382526 0.9997925007057645 1.0 1.0 1.0 0.9999000940606868 1.0 0.9998900344144315 1.0 0.9999474148815727 0.9999568788818305 0.9940894852382526 0.9998508394972082 1.0 1.0 1.0 0.9998944764215539 
0.999900091445524 1.0 0.9999922944495185 0.9998508394972082 0.9901010053316656 1.0 1.0 1.0 1.0 1.0 0.9999379475703366 0.999965354355061 1.0 0.9999922944495185 0.9998508394972082 0.9901010053316656 1.0 1.0 1.0 1.0 
1.0 1.0 1.0 1.0 1.0 0.9860668678308724 1.0 1.0 1.0 0.9999504422518901 1.0 1.0 1.0 1.0 1.0 1.0 0.9860668678308724 1.0 1.0 1.0 
1.0 1.0 0.9999560842943012 1.0 1.0 1.0 0.9944788275532895 0.9944788275532895 1.0 0.9998900404943133 1.0 1.0 1.0 0.9999560842943012 1.0 1.0 1.0 0.9944788275532895 0.9944788275532895 1.0 
1.0 1.0 0.9999560842943012 1.0 1.0 1.0 0.9944788275532895 0.9944788275532895 1.0 0.9998900404943133 1.0 1.0 1.0 0.9999560842943012 1.0 1.0 1.0 0.9944788275532895 0.9944788275532895 1.0 
0.9999835545873741 1.0 1.0 0.9998944764215539 1.0 1.0 1.0 1.0 0.994440673631702 1.0 0.9999095151865902 0.9999548148820993 0.9999792692753876 1.0 0.9998944764215539 1.0 1.0 1.0 1.0 0.994440673631702 
