0.19469804608568728 0.1272179691548527 0.2416929693368862 0.2416929693368862 0.19469804608568728 
0.15420048366210765 0.34886795149227273 0.15420048366210765 0.18853059752140414 0.15420048366210765 
0.17480934314738605 0.2137276688970563 0.17480934314738605 0.26184430166078543 0.17480934314738605 
0.29959110854625975 0.029129233231671044 0.239595614221898 0.19208842977827292 0.239595614221898 
0.15811284242942708 0.12932159074624627 0.19370887739142592 0.36074384700347356 0.15811284242942708 
0.16138022639784086 0.1077387256268405 0.3713767935727333 0.16138022639784086 0.19812402800474452 
0.19147430099047413 0.19147430099047413 0.19147430099047413 0.23410279603810322 0.19147430099047413 
0.19147430099047413 0.19147430099047413 0.19147430099047413 0.23410279603810322 0.19147430099047413 
0.10911504294826507 0.01589143979804835 0.06996114593262268 0.717768480670579 0.0872638906504848 
0.18364575867622646 0.22453136198566015 0.18364575867622646 0.22453136198566015 0.18364575867622646 
0.16555403534443666 0.11052519375217064 0.3083111130545664 0.25005562250438956 0.16555403534443666 
0.052817745106323574 0.12154701514033088 0.052817745106323574 0.7199997495406986 0.052817745106323574 
0.1506649712753773 0.1232299252590187 0.1506649712753773 0.4247751609148488 0.1506649712753773 
0.17480934314738605 0.2137276688970563 0.17480934314738605 0.26184430166078543 0.17480934314738605 
0.29959110854625975 0.029129233231671044 0.239595614221898 0.19208842977827292 0.239595614221898 
0.15811284242942708 0.12932159074624627 0.19370887739142592 0.36074384700347356 0.15811284242942708 
0.16138022639784086 0.1077387256268405 0.3713767935727333 0.16138022639784086 0.19812402800474452 
0.19147430099047413 0.19147430099047413 0.19147430099047413 0.23410279603810322 0.19147430099047413 
0.19147430099047413 0.19147430099047413 0.19147430099047413 0.23410279603810322 0.19147430099047413 
0.10911504294826507 0.01589143979804835 0.06996114593262268 0.717768480670579 0.0872638906504848 
0.18188812442370433 0.18188812442370433 0.18188812442370433 0.27244750230518255 0.18188812442370433 
0.19455677292453688 0.15912933433150755 0.292627785487911 0.15912933433150755 0.19455677292453688 
0.17643222088223307 0.21571185274517785 0.21571185274517785 0.21571185274517785 0.17643222088223307 
0.10826585003849666 0.3731937983003814 0.10826585003849666 0.3020086515841289 0.10826585003849666 
0.2412974146702102 0.16042921636779897 0.19654673792398214 0.16042921636779897 0.2412974146702102 
0.17643222088223307 0.21571185274517785 0.21571185274517785 0.21571185274517785 0.17643222088223307 
0.2 0.2 0.2 0.2 0.2 
0.15240073371846963 0.10174394473177573 0.4343597761588119 0.12439550278258978 0.18710004260835297 
0.19147430099047413 0.19147430099047413 0.19147430099047413 0.23410279603810322 0.19147430099047413 
0.17126424110108873 0.17126424110108873 0.17126424110108873 0.3149430355956448 0.17126424110108873 
0.18789995867687906 0.1536846797760521 0.18789995867687906 0.28261544419331086 0.18789995867687906 
0.24003666242191515 0.19510462069126047 0.19510462069126047 0.12971743377364847 0.24003666242191515 
0.2 0.2 0.2 0.2 0.2 
0.1629705230403193 0.1629705230403193 0.13274624067198693 0.3783421902070552 0.1629705230403193 
0.0034162202714553987 0.04656915464437848 0.005159917031400828 0.9406606668381766 0.004194041214588737 
0.9968388125704926 6.095585607721677E-17 2.8589057937870245E-10 5.37112262883007E-16 0.0031611871436163404 
1.2285674866484446E-4 2.604738158169085E-6 0.9995286238046475 3.204601981002286E-6 3.4271010654871053E-4 
1.6023466107324526E-5 0.9999153711114435 1.6023466107324526E-5 3.655849023437838E-5 1.6023466107324526E-5 
1.0564097798663007E-7 0.9997420569284765 1.0564097798663007E-7 2.576261485895146E-4 1.0564097798663007E-7 
1.0901058011094945E-18 2.199216483340891E-18 4.436350560008476E-19 1.0 8.673617379884357E-19 
0.06350410116995142 0.234138993079152 0.051504979474494325 0.5873478251064506 0.06350410116995142 
0.30418358044172294 0.11996872567937268 0.09570207536684507 0.24007280925602964 0.24007280925602964 
0.4081054014128759 9.78395972831688E-4 0.17836306332735466 0.004447737874062279 0.4081054014128759 
0.12068631583462498 0.22193374646944838 0.12068631583462498 0.41600730602667685 0.12068631583462498 
0.16509267519526238 0.002689797467780499 0.011425859132931735 0.7268109679502608 0.09398070025376447 
0.19829319090211614 0.16218537651713266 0.19829319090211614 0.24293505077651895 0.19829319090211614 
0.07000401417035593 0.07000401417035593 0.07000401417035593 0.7199839433185761 0.07000401417035593 
0.19147430099047413 0.23410279603810327 0.19147430099047413 0.19147430099047413 0.19147430099047413 
0.2 0.2 0.2 0.2 0.2 
0.2 0.2 0.2 0.2 0.2 
0.18188812442370433 0.18188812442370433 0.18188812442370433 0.27244750230518255 0.18188812442370433 
0.19147430099047413 0.19147430099047413 0.19147430099047413 0.23410279603810322 0.19147430099047413 
0.363659135749711 0.0540556133019618 0.15240093064979182 0.0662251845488247 0.363659135749711 
0.40688443731901436 0.03956135991657008 0.16889322979564858 0.059258369567646234 0.32540260340112054 
0.20505221306026844 0.1108116010254812 0.312415123823299 0.16666884903068296 0.20505221306026844 
0.4515751495066914 0.02211561695263866 0.14583817226576573 0.02211561695263866 0.3583554443222654 
0.263489271114926 0.11646289913390835 0.21416717670708965 0.14239138192914974 0.263489271114926 
0.2 0.2 0.2 0.2 0.2 
0.25035972057520056 0.047241209163602214 0.25035972057520056 0.2016796291107959 0.25035972057520056 
0.24904817852970004 0.1345873179493294 0.2024292869081743 0.16488703808309613 0.24904817852970004 
0.19138277710975451 0.19138277710975451 0.2344688915609822 0.19138277710975451 0.19138277710975451 
0.2 0.2 0.2 0.2 0.2 
0.18364575867622646 0.22453136198566015 0.18364575867622646 0.22453136198566015 0.18364575867622646 
0.3458719812544108 0.051411666125554416 0.17951742057167666 0.07732695079394723 0.3458719812544108 
0.16967858868922567 0.16967858868922567 0.31398310102629096 0.13878129485062451 0.20787842674463333 
0.18593790976663552 0.07865452001531949 0.36353175068477367 0.18593790976663552 0.18593790976663552 
0.15646058967968146 0.15646058967968146 0.23733814423493907 0.29328008672601646 0.15646058967968146 
0.13428202594165645 0.13428202594165645 0.13428202594165645 0.46287189623337466 0.13428202594165645 
0.10501733555251662 0.12839765837055572 0.10501733555251662 0.5565503349718943 0.10501733555251662 
0.14692560481966596 0.06272336844245573 0.07733603965927911 0.566089382258933 0.14692560481966596 
0.18027400319000136 0.14744735787752714 0.271145442749465 0.22085919299300535 0.18027400319000136 
0.13479366429446082 0.3101943773222149 0.11002391676664848 0.3101943773222149 0.13479366429446082 
0.21586713904286245 0.17619929143570645 0.17619929143570645 0.21586713904286245 0.21586713904286245 
0.3450045575916466 0.06831821189777323 0.1345865397287625 0.10708613319017078 0.3450045575916466 
