0.319696519010456 0.1671124021279353 0.08915199552621164 0.25692668120746187 0.1671124021279353 
0.2 0.2 0.2 0.2 0.2 
0.17643222088223307 0.21571185274517785 0.21571185274517785 0.17643222088223307 0.21571185274517785 
0.2234630379464884 0.2234630379464884 0.05155352355712567 0.2780573626034095 0.2234630379464884 
0.32399362733179565 0.14320597184207143 0.17508834472387344 0.21450608426018808 0.14320597184207143 
0.6551753186258866 0.03208681079856093 0.11060365565875845 0.17004740411823308 0.03208681079856093 
0.18188812442370433 0.18188812442370433 0.27244750230518255 0.18188812442370433 0.18188812442370433 
0.18188812442370433 0.18188812442370433 0.27244750230518255 0.18188812442370433 0.18188812442370433 
0.14960217718267002 0.2882349872082956 0.04284429422213386 0.23108355417860488 0.2882349872082956 
0.18364575867622646 0.22453136198566015 0.18364575867622646 0.18364575867622646 0.22453136198566015 
0.5316963280559759 0.05169681578174778 0.14420877515751485 0.2207012652230137 0.05169681578174778 
0.16081299113549283 0.24087937523083602 0.16081299113549283 0.1966152672673423 0.24087937523083602 
0.15525452573442944 0.232553433006913 0.18981930412587236 0.18981930412587236 0.232553433006913 
0.17643222088223307 0.21571185274517785 0.21571185274517785 0.17643222088223307 0.21571185274517785 
0.2234630379464884 0.2234630379464884 0.05155352355712567 0.2780573626034095 0.2234630379464884 
0.32399362733179565 0.14320597184207143 0.17508834472387344 0.21450608426018808 0.14320597184207143 
0.6551753186258866 0.03208681079856093 0.11060365565875845 0.17004740411823308 0.03208681079856093 
0.18188812442370433 0.18188812442370433 0.27244750230518255 0.18188812442370433 0.18188812442370433 
0.18188812442370433 0.18188812442370433 0.27244750230518255 0.18188812442370433 0.18188812442370433 
0.14960217718267002 0.2882349872082956 0.04284429422213386 0.23108355417860488 0.2882349872082956 
0.17126424110108873 0.17126424110108873 0.3149430355956448 0.17126424110108873 0.17126424110108873 
0.3957787706944414 0.11481789148579519 0.11481789148579519 0.2597675548481735 0.11481789148579519 
0.26184430166078543 0.17480934314738608 0.17480934314738608 0.21372766889705624 0.17480934314738608 
0.11844435441565516 0.17741602770900594 0.4082792357506779 0.11844435441565516 0.17741602770900594 
0.14491716155955217 0.2664925875830114 0.14491716155955217 0.1771805017148727 0.2664925875830114 
0.17619929143570645 0.21586713904286245 0.21586713904286245 0.17619929143570645 0.21586713904286245 
0.2 0.2 0.2 0.2 0.2 
0.6803287815796073 0.03331868627338405 0.03331868627338405 0.21971515960024043 0.03331868627338405 
0.2 0.2 0.2 0.2 0.2 
0.2 0.2 0.2 0.2 0.2 
0.2344688915609822 0.19138277710975451 0.19138277710975451 0.19138277710975451 0.19138277710975451 
0.13935833216065807 0.25627028668709545 0.13935833216065807 0.20874276230449285 0.25627028668709545 
0.2 0.2 0.2 0.2 0.2 
0.12920857411556824 0.23760558710514884 0.23760558710514884 0.15797466456898535 0.23760558710514884 
0.0015769369479498368 0.4972663380171058 0.003060347498882707 8.30039518955973E-4 0.4972663380171058 
3.9443008131336584E-11 0.49999952932494784 1.9447011189999748E-9 9.393659602907752E-7 0.49999952932494784 
0.1 0.0 0.0 0.0 0.0 
0.11540126685000555 0.17285783233927488 0.39778967318979996 0.14109339528164463 0.17285783233927488 
0.0711853707671637 0.1682809715682124 0.5210673153292475 0.0711853707671637 0.1682809715682124 
0.016903238864164425 0.3954736404861909 0.15255469029168386 0.03959478987176991 0.3954736404861909 
0.060926345448496295 0.21848014103269378 0.4271558621862236 0.07495751029989207 0.21848014103269378 
1.538601063317028E-17 2.735111227791347E-16 0.9999999999999996 5.517379629978333E-17 2.735111227791347E-16 
0.0039469064592816735 0.008561045673565687 0.9677733352951186 0.01115766689846839 0.008561045673565687 
0.18364575867622646 0.22453136198566015 0.18364575867622646 0.18364575867622646 0.22453136198566015 
0.0010390426189189404 0.4031049380336698 0.1781733637196898 0.014577717594051498 0.4031049380336698 
0.17643222088223307 0.21571185274517785 0.17643222088223307 0.21571185274517785 0.21571185274517785 
0.2 0.2 0.2 0.2 0.2 
0.1682609102320395 0.20572133881923121 0.2520355018974585 0.1682609102320395 0.20572133881923121 
0.2 0.2 0.2 0.2 0.2 
0.19147430099047413 0.19147430099047413 0.23410279603810327 0.19147430099047413 0.19147430099047413 
0.2 0.2 0.2 0.2 0.2 
0.19147430099047413 0.19147430099047413 0.23410279603810327 0.19147430099047413 0.19147430099047413 
0.026723963526292808 0.43302783928775057 0.032673599278665935 0.07454675861954015 0.43302783928775057 
0.04895906247629217 0.32285331233031567 0.16876252742906792 0.13657178543400872 0.32285331233031567 
0.2333663848985487 0.0809767160213463 0.45289206602462845 0.15178811703412998 0.0809767160213463 
0.035132323376210826 0.36133226104423893 0.12110157726765562 0.12110157726765562 0.36133226104423893 
0.12971743377364847 0.24003666242191515 0.19510462069126047 0.19510462069126047 0.24003666242191515 
0.19147430099047413 0.19147430099047413 0.23410279603810327 0.19147430099047413 0.19147430099047413 
0.2748671787183338 0.2208992209847929 0.06243515832728807 0.2208992209847929 0.2208992209847929 
0.10084879204899691 0.28131869550533223 0.1854539190426661 0.15105989789767246 0.28131869550533223 
0.3432682908068691 0.12305684986350422 0.18432501568247656 0.22629299378364578 0.12305684986350422 
0.2 0.2 0.2 0.2 0.2 
0.16678424679364126 0.2498236298095381 0.16678424679364126 0.16678424679364126 0.2498236298095381 
0.05138149628803285 0.27712952207109726 0.27712952207109726 0.1172299374986756 0.27712952207109726 
0.4948109749372998 0.09174095954127998 0.11239465441578905 0.2093124515643513 0.09174095954127998 
0.6324653176323318 0.041186671024961326 0.041186671024961326 0.24397466929278425 0.041186671024961326 
0.30964410871796916 0.16298485959249034 0.20140131250455964 0.16298485959249034 0.16298485959249034 
0.19147430099047413 0.19147430099047413 0.23410279603810327 0.19147430099047413 0.19147430099047413 
0.19147430099047413 0.19147430099047413 0.23410279603810327 0.19147430099047413 0.19147430099047413 
0.03740270955363641 0.2466466484191303 0.3846829447479035 0.08462104886019928 0.2466466484191303 
0.29619076116561893 0.10618021822534524 0.29619076116561893 0.19525804121807178 0.10618021822534524 
0.0667879612364122 0.1511031526460646 0.549348569109195 0.0816571643622631 0.1511031526460646 
0.16081299113549283 0.24087937523083602 0.16081299113549283 0.1966152672673423 0.24087937523083602 
0.017296378985548422 0.4194951275596949 0.07994178760354882 0.06377157829151282 0.4194951275596949 
