0.15619298689377753 0.23904224821801345 0.23904224821801345 0.126680268452182 0.23904224821801345 
0.17126424110108873 0.17126424110108873 0.17126424110108873 0.3149430355956448 0.17126424110108873 
0.232553433006913 0.18981930412587236 0.15525452573442944 0.232553433006913 0.18981930412587236 
0.0521405760258028 0.1797292461632195 0.5362603556219553 0.0521405760258028 0.1797292461632195 
0.14974854996483358 0.27537717505274945 0.14974854996483358 0.14974854996483358 0.27537717505274945 
0.04928668083120281 0.4053959289896921 0.04928668083120281 0.09063478035821002 0.4053959289896921 
0.23410279603810327 0.19147430099047413 0.19147430099047413 0.19147430099047413 0.19147430099047413 
0.23410279603810327 0.19147430099047413 0.19147430099047413 0.19147430099047413 0.19147430099047413 
0.08676147923347427 0.07021209214107993 0.25887128946046406 0.5139430470239019 0.07021209214107993 
0.3149430355956448 0.17126424110108873 0.17126424110108873 0.17126424110108873 0.17126424110108873 
0.08845658929002344 0.38342244729848923 0.07234925805649903 0.07234925805649903 0.38342244729848923 
0.17126424110108873 0.17126424110108873 0.3149430355956448 0.17126424110108873 0.17126424110108873 
0.21915883938712738 0.14631218825544054 0.21915883938712738 0.2690579447148641 0.14631218825544054 
0.232553433006913 0.18981930412587236 0.15525452573442944 0.232553433006913 0.18981930412587236 
0.0521405760258028 0.1797292461632195 0.5362603556219553 0.0521405760258028 0.1797292461632195 
0.14974854996483358 0.27537717505274945 0.14974854996483358 0.14974854996483358 0.27537717505274945 
0.04928668083120281 0.4053959289896921 0.04928668083120281 0.09063478035821002 0.4053959289896921 
0.23410279603810327 0.19147430099047413 0.19147430099047413 0.19147430099047413 0.19147430099047413 
0.23410279603810327 0.19147430099047413 0.19147430099047413 0.19147430099047413 0.19147430099047413 
0.08676147923347427 0.07021209214107993 0.25887128946046406 0.5139430470239019 0.07021209214107993 
0.17126424110108873 0.17126424110108873 0.17126424110108873 0.3149430355956448 0.17126424110108873 
0.1328928032303776 0.3006607951544335 0.1328928032303776 0.1328928032303776 0.3006607951544335 
0.1682609102320395 0.20572133881923121 0.1682609102320395 0.2520355018974585 0.20572133881923121 
0.5162741233662188 0.12093146915844531 0.12093146915844531 0.12093146915844531 0.12093146915844531 
0.17126424110108873 0.17126424110108873 0.3149430355956448 0.17126424110108873 0.17126424110108873 
0.39479215871862866 0.14003019650438117 0.11453166919403689 0.21061577907857182 0.14003019650438117 
0.2 0.2 0.2 0.2 0.2 
0.05141248956673958 0.4228812656498905 0.05141248956673958 0.05141248956673958 0.4228812656498905 
0.08179782898668078 0.08179782898668078 0.08179782898668078 0.6728086840532765 0.08179782898668078 
0.19147430099047413 0.19147430099047413 0.19147430099047413 0.23410279603810322 0.19147430099047413 
0.17643222088223307 0.21571185274517785 0.21571185274517785 0.17643222088223307 0.21571185274517785 
0.12844753312066143 0.19239963954142386 0.3583056546758295 0.12844753312066143 0.19239963954142386 
0.2 0.2 0.2 0.2 0.2 
0.45559816227705296 0.1287706822530964 0.15808979096365808 0.1287706822530964 0.1287706822530964 
1.0 4.071375094554176E-26 2.6602838683284895E-26 5.048042923373065E-25 4.071375094554176E-26 
1.3442991827482273E-28 2.021925461486777E-28 1.0 3.0670984801546064E-28 2.021925461486777E-28 
3.7780786205656196E-11 0.4999999999629616 2.0021900624453586E-11 1.6274036171965517E-11 0.4999999999629616 
0.0014734510133149821 0.4984720744658123 7.912000275302173E-4 7.912000275302173E-4 0.4984720744658123 
0.643725967940727 0.013647907911625701 0.020702779805867256 0.30827543643015437 0.013647907911625701 
0.8516183316897504 0.004671482596066769 0.05327223058464081 0.08576647253347536 0.004671482596066769 
4.355500478206538E-33 1.5706463139489479E-34 3.6144551592908064E-34 1.0 1.5706463139489479E-34 
0.12251791357099155 0.02695101119529701 0.6305545699164486 0.1930254941219659 0.02695101119529701 
0.0032167229645637756 0.024631275929434555 0.9443040022120033 0.0032167229645637756 0.024631275929434555 
0.20190107681473404 0.10979266340267105 0.10979266340267105 0.46872093297725276 0.10979266340267105 
0.0020131848853106975 4.5008979334186343E-4 0.995073450642695 0.0020131848853106975 4.5008979334186343E-4 
0.19147430099047413 0.19147430099047413 0.23410279603810327 0.19147430099047413 0.19147430099047413 
0.2 0.2 0.2 0.2 0.2 
0.258163374806 0.17164273380881 0.14038778277038017 0.258163374806 0.17164273380881 
0.2 0.2 0.2 0.2 0.2 
0.2 0.2 0.2 0.2 0.2 
0.27244750230518255 0.18188812442370433 0.18188812442370433 0.18188812442370433 0.18188812442370433 
0.2 0.2 0.2 0.2 0.2 
0.5496241118257245 0.026917504956485257 0.34704145755822613 0.04949942070307863 0.026917504956485257 
0.05842687097018048 0.05842687097018048 0.7532847674714594 0.0714346196179989 0.05842687097018048 
0.023339178907907956 0.08045045434693615 0.05280328142780233 0.7629566309704172 0.08045045434693615 
0.027255418825971274 0.027255418825971274 0.890978324696115 0.027255418825971274 0.027255418825971274 
0.227767821946959 0.1514339191685593 0.3455054866404193 0.12385885307550296 0.1514339191685593 
0.2 0.2 0.2 0.2 0.2 
0.35155770897392885 0.1837669469003676 0.22759645901586523 0.05331193820947066 0.1837669469003676 
0.19696909365052273 0.13095704894400648 0.2987862902367926 0.24233051822467144 0.13095704894400648 
0.12907397900620568 0.29202096891941826 0.12907397900620568 0.157810104148752 0.29202096891941826 
0.2 0.2 0.2 0.2 0.2 
0.3855696292432333 0.16899390118640314 0.13822128419198018 0.13822128419198018 0.16899390118640314 
0.08146685716449759 0.08146685716449759 0.7012115052296555 0.0543879232768521 0.08146685716449759 
0.13914264138323806 0.3230248679947169 0.07566498124408999 0.13914264138323806 0.3230248679947169 
0.037434568821036324 0.4049573601022701 0.10669286516523094 0.04595784580919233 0.4049573601022701 
0.039461940563107145 0.01322578623459714 0.005747209878935841 0.9283392770887627 0.01322578623459714 
0.2 0.2 0.2 0.2 0.2 
0.18188812442370433 0.18188812442370433 0.18188812442370433 0.27244750230518255 0.18188812442370433 
0.22722322805717007 0.06591887658942244 0.5422001190229795 0.09873889974100579 0.06591887658942244 
0.157810104148752 0.29202096891941826 0.12907397900620568 0.12907397900620568 0.29202096891941826 
0.48695460117475475 0.11406369730399138 0.1708543069132711 0.11406369730399138 0.11406369730399138 
0.19455677292453688 0.15912933433150755 0.292627785487911 0.19455677292453688 0.15912933433150755 
0.28499602876701907 0.012181231456197157 0.46699917815511127 0.22364233016547547 0.012181231456197157 
