0.26473008479600607 0.21275246384582389 0.13838023799172383 0.17138474952062246 0.21275246384582389 
0.41085584857976054 0.14728603785505995 0.14728603785505995 0.14728603785505995 0.14728603785505995 
0.17480934314738605 0.17480934314738605 0.2137276688970563 0.26184430166078543 0.17480934314738605 
0.05480279655228894 0.30093593195168106 0.10205919274867693 0.24126614679567193 0.30093593195168106 
0.14109339528164463 0.17285783233927488 0.11540126685000557 0.39778967318979996 0.17285783233927488 
0.08308285602475572 0.35469286000935885 0.08308285602475572 0.12444856793177093 0.35469286000935885 
0.18364575867622646 0.18364575867622646 0.22453136198566015 0.22453136198566015 0.18364575867622646 
0.18364575867622646 0.18364575867622646 0.22453136198566015 0.22453136198566015 0.18364575867622646 
0.038788075465911016 0.04826440230842983 0.04826440230842983 0.8164187176087995 0.04826440230842983 
0.17480934314738608 0.17480934314738608 0.26184430166078543 0.21372766889705624 0.17480934314738608 
0.10080410209820935 0.28420062292635606 0.10080410209820935 0.22999054995086868 0.28420062292635606 
0.2992262856466933 0.03557099246413002 0.03557099246413002 0.5940607369609165 0.03557099246413002 
0.16852798958649273 0.13755920648176087 0.16852798958649273 0.3878256078634925 0.13755920648176087 
0.17480934314738605 0.17480934314738605 0.2137276688970563 0.26184430166078543 0.17480934314738605 
0.05480279655228894 0.30093593195168106 0.10205919274867693 0.24126614679567193 0.30093593195168106 
0.14109339528164463 0.17285783233927488 0.11540126685000557 0.39778967318979996 0.17285783233927488 
0.08308285602475572 0.35469286000935885 0.08308285602475572 0.12444856793177093 0.35469286000935885 
0.18364575867622646 0.18364575867622646 0.22453136198566015 0.22453136198566015 0.18364575867622646 
0.18364575867622646 0.18364575867622646 0.22453136198566015 0.22453136198566015 0.18364575867622646 
0.038788075465911016 0.04826440230842983 0.04826440230842983 0.8164187176087995 0.04826440230842983 
0.2137276688970563 0.17480934314738605 0.17480934314738605 0.26184430166078543 0.17480934314738605 
0.14974854996483358 0.27537717505274945 0.14974854996483358 0.14974854996483358 0.27537717505274945 
0.1682609102320395 0.20572133881923121 0.1682609102320395 0.2520355018974585 0.20572133881923121 
0.483233968133627 0.07327997308051555 0.16579088136991685 0.2044152043354251 0.07327997308051555 
0.14889176582436528 0.22302275006234462 0.22302275006234462 0.1820399839886009 0.22302275006234462 
0.1536846797760521 0.18789995867687906 0.28261544419331086 0.18789995867687906 0.18789995867687906 
0.2 0.2 0.2 0.2 0.2 
0.08502732271720063 0.36299407262211153 0.08502732271720063 0.1039572093213756 0.36299407262211153 
0.19147430099047413 0.19147430099047413 0.19147430099047413 0.23410279603810322 0.19147430099047413 
0.20170257864348456 0.16497393840375685 0.16497393840375685 0.30337560614524467 0.16497393840375685 
0.18168360351104154 0.18168360351104154 0.18168360351104154 0.27326558595583417 0.18168360351104154 
0.14889176582436528 0.22302275006234462 0.22302275006234462 0.1820399839886009 0.22302275006234462 
0.2 0.2 0.2 0.2 0.2 
0.1287706822530964 0.1287706822530964 0.1580897909636581 0.455598162277053 0.1287706822530964 
1.37790607036453E-5 2.0632982560353072E-7 0.999955301264177 3.0507015468095024E-5 2.0632982560353072E-7 
1.8948374820475082E-6 0.4654047927399509 0.06917945689269096 9.06278992505366E-6 0.4654047927399509 
1.6171412680917586E-7 0.4999997536483127 1.9983106081957546E-7 1.3115818708703333E-7 0.4999997536483127 
0.14737017680306927 0.14737017680306927 0.2216556526745585 0.3362338169162336 0.14737017680306927 
0.9999999999987639 3.556133008161028E-15 2.6030414108216357E-14 1.2030484771029437E-12 3.556133008161028E-15 
5.138545607163051E-22 6.288864540353892E-26 1.0637957744593087E-24 1.0 6.288864540353892E-26 
0.4900863836532986 0.026693764406739595 0.15211815206425255 0.3044079354689696 0.026693764406739595 
0.34280778710650817 0.08625538363384343 0.2705564460974236 0.21412499952838182 0.08625538363384343 
0.00400400052706375 0.45262752849979315 0.07597823212199557 0.014762710351354399 0.45262752849979315 
0.33170155146668034 0.09622869027347285 0.1441395165196938 0.33170155146668034 0.09622869027347285 
0.0505879480499147 0.006492387170002477 0.013681686432625578 0.9227455911774547 0.006492387170002477 
0.16218537651713266 0.19829319090211614 0.19829319090211614 0.24293505077651895 0.19829319090211614 
0.10370858137882838 0.056396139866765026 0.056396139866765026 0.7271029990208763 0.056396139866765026 
0.18188812442370433 0.18188812442370433 0.27244750230518255 0.18188812442370433 0.18188812442370433 
0.2 0.2 0.2 0.2 0.2 
0.2 0.2 0.2 0.2 0.2 
0.17480934314738605 0.17480934314738605 0.2137276688970563 0.26184430166078543 0.17480934314738605 
0.19147430099047413 0.19147430099047413 0.19147430099047413 0.23410279603810322 0.19147430099047413 
0.04070913729302158 0.1147727318298964 0.6798713903111502 0.04987400873603547 0.1147727318298964 
0.09122354943131805 0.25718982694449644 0.25718982694449644 0.13720696973519247 0.25718982694449644 
0.1067477794518933 0.3009578458094536 0.13077996830575803 0.16055656062344129 0.3009578458094536 
0.05928260329812083 0.31417434607332717 0.2530861012571039 0.05928260329812083 0.31417434607332717 
0.1225051076172484 0.2252783781418461 0.2771593507801175 0.14977878531894168 0.2252783781418461 
0.2 0.2 0.2 0.2 0.2 
0.06599687488143519 0.23350078127964122 0.23350078127964122 0.23350078127964122 0.23350078127964122 
0.12893100762726076 0.1931238287768049 0.2916975060423248 0.1931238287768049 0.1931238287768049 
0.14491716155955217 0.2664925875830114 0.14491716155955217 0.1771805017148727 0.2664925875830114 
0.2 0.2 0.2 0.2 0.2 
0.16497393840375685 0.16497393840375685 0.30337560614524467 0.20170257864348454 0.16497393840375685 
0.0859511910659688 0.24232527777899296 0.30012130082585814 0.1292769525501867 0.24232527777899296 
0.1101697147568572 0.3073195009072185 0.16502156867184872 0.1101697147568572 0.3073195009072185 
0.13628729953703503 0.3348869162462786 0.057651568433373206 0.13628729953703503 0.3348869162462786 
0.17342640983676932 0.17342640983676932 0.26541677531240987 0.21430399517728185 0.17342640983676932 
0.1708543069132711 0.11406369730399138 0.11406369730399138 0.48695460117475475 0.11406369730399138 
0.15288457879031797 0.10206696355883603 0.10206696355883603 0.5409145305331742 0.10206696355883603 
0.15238924728047035 0.06446293343506207 0.12246884538080896 0.5962160404685968 0.06446293343506207 
0.1351647430948161 0.24855856787208955 0.16525687322312063 0.20246124793788436 0.24855856787208955 
0.4316765805231762 0.08003545942713378 0.18260565736980972 0.22564684325274653 0.08003545942713378 
0.18347744683615302 0.18347744683615302 0.22478382974577063 0.22478382974577063 0.18347744683615302 
0.2396354119408403 0.09451119931077931 0.4959482243168537 0.07539396512074716 0.09451119931077931 
