0.12559822213947514 0.191359964060263 0.12559822213947514 0.191359964060263 0.3660836276005237 
0.2498236298095381 0.16678424679364126 0.2498236298095381 0.16678424679364126 0.16678424679364126 
0.22453136198566015 0.18364575867622646 0.22453136198566015 0.18364575867622646 0.18364575867622646 
0.04520955042590278 0.2981277084510173 0.04520955042590278 0.3718604577347003 0.23959273296247713 
0.15968239858692226 0.15968239858692226 0.15968239858692226 0.15968239858692226 0.3612704056523108 
0.04658495240210633 0.04658495240210633 0.10539523955385306 0.04658495240210633 0.7548499032398281 
0.2 0.2 0.2 0.2 0.2 
0.2 0.2 0.2 0.2 0.2 
0.04029825903028207 0.2212878703322609 0.34686010797864725 0.2766990480855964 0.1148547145732133 
0.22453136198566015 0.22453136198566015 0.18364575867622646 0.18364575867622646 0.18364575867622646 
0.06892973035836907 0.06892973035836907 0.0842757619355379 0.06892973035836907 0.7089350469893546 
0.2977178031149623 0.19710967986211678 0.1315919935860436 0.2419885298508336 0.1315919935860436 
0.1539964745595897 0.23066901696027353 0.23066901696027353 0.23066901696027353 0.1539964745595897 
0.22453136198566015 0.18364575867622646 0.22453136198566015 0.18364575867622646 0.18364575867622646 
0.04520955042590278 0.2981277084510173 0.04520955042590278 0.3718604577347003 0.23959273296247713 
0.15968239858692226 0.15968239858692226 0.15968239858692226 0.15968239858692226 0.3612704056523108 
0.04658495240210633 0.04658495240210633 0.10539523955385306 0.04658495240210633 0.7548499032398281 
0.2 0.2 0.2 0.2 0.2 
0.2 0.2 0.2 0.2 0.2 
0.04029825903028207 0.2212878703322609 0.34686010797864725 0.2766990480855964 0.1148547145732133 
0.17126424110108873 0.17126424110108873 0.3149430355956448 0.17126424110108873 0.17126424110108873 
0.13428202594165645 0.13428202594165645 0.13428202594165645 0.13428202594165645 0.46287189623337455 
0.19661526726734233 0.16081299113549277 0.24087937523083602 0.16081299113549277 0.24087937523083602 
0.3264535747129339 0.17641771690510538 0.17641771690510538 0.17641771690510538 0.1442932745717498 
0.17718050171487273 0.2664925875830114 0.14491716155955217 0.2664925875830114 0.14491716155955217 
0.18789995867687906 0.18789995867687906 0.28261544419331086 0.1536846797760521 0.18789995867687906 
0.2 0.2 0.2 0.2 0.2 
0.04095199342316699 0.04095199342316699 0.04095199342316699 0.04095199342316699 0.836192026307332 
0.09438991265851776 0.09438991265851776 0.6224403493659293 0.09438991265851776 0.09438991265851776 
0.19147430099047413 0.19147430099047413 0.23410279603810327 0.19147430099047413 0.19147430099047413 
0.17643222088223307 0.21571185274517785 0.17643222088223307 0.21571185274517785 0.21571185274517785 
0.242896787293286 0.242896787293286 0.10736097116512125 0.29948448308318537 0.10736097116512125 
0.2 0.2 0.2 0.2 0.2 
0.26811845443650334 0.2179298313239046 0.17751287348676775 0.2179298313239046 0.1185090094289195 
0.058682566230603965 0.6364545633197957 0.23699947445832628 0.03762542238751282 0.03023797360376148 
1.467324316164242E-23 7.609583495797621E-10 3.4064485108408437E-23 0.9999999992390416 4.228674462998941E-23 
1.6469420292953118E-28 3.0670984801546064E-28 2.021925461486777E-28 3.0670984801546064E-28 1.0 
0.9999999770019775 5.904055189471427E-9 7.248317974326787E-9 5.904055189471427E-9 3.9415943101731556E-9 
0.9963212831938093 3.7194322362464545E-4 0.002915220103122621 1.957767397217174E-4 1.957767397217174E-4 
0.14518993485341902 0.3721857277987416 0.231176161569059 0.231176161569059 0.020272014209721145 
2.031741137568253E-18 2.031741137568253E-18 1.0 1.3215020736869799E-18 7.050018159096673E-19 
0.019589981686735706 0.09892871574528114 0.7510328804338581 0.1260686699944736 0.004379752139651588 
0.0015322450756016274 0.2793305911323238 0.004466065093074151 0.6391251691597846 0.0755459295392163 
0.1833950839931366 0.14969431658593582 0.4220385593119012 0.12243602005451322 0.12243602005451322 
0.0019190100531184559 0.29239277590338847 0.0030079734295302475 0.7021524000309682 5.278405829943152E-4 
0.18364575867622646 0.22453136198566015 0.18364575867622646 0.22453136198566015 0.18364575867622646 
0.2 0.2 0.2 0.2 0.2 
0.19455677292453688 0.19455677292453688 0.292627785487911 0.15912933433150755 0.15912933433150755 
0.2 0.2 0.2 0.2 0.2 
0.23410279603810327 0.19147430099047413 0.19147430099047413 0.19147430099047413 0.19147430099047413 
0.2 0.2 0.2 0.2 0.2 
0.2 0.2 0.2 0.2 0.2 
0.03725605711931363 0.49375980213148096 0.04564353464099094 0.39286861852280874 0.030471987585405334 
0.04878590335974446 0.32820716238048364 0.05976910178286613 0.5144519291171615 0.04878590335974446 
0.029207952814848854 0.04393092269349973 0.7809429147746972 0.04393092269349973 0.10198728702345435 
0.022002636003572905 0.35652473174078486 0.026901148519671594 0.5676703352162992 0.026901148519671594 
0.13548252327176427 0.3091114288746584 0.11081209570715451 0.3091114288746584 0.13548252327176427 
0.2 0.2 0.2 0.2 0.2 
0.05836810422185336 0.24918197099055936 0.05836810422185336 0.24918197099055936 0.3848998495751749 
0.14487246552537286 0.26979584643865334 0.21881782872476624 0.26979584643865334 0.09671801287255415 
0.16899390118640314 0.13822128419198015 0.16899390118640314 0.13822128419198015 0.3855696292432333 
0.2 0.2 0.2 0.2 0.2 
0.22453136198566015 0.22453136198566015 0.18364575867622646 0.18364575867622646 0.18364575867622646 
0.05445223947048101 0.3663274382783254 0.05445223947048101 0.4580569793864136 0.06671110339429871 
0.12324416497935863 0.10059675891028719 0.15130497049617767 0.08227878701251991 0.5425753186016566 
0.04240350540815671 0.06460547874573541 0.034466067621355505 0.08001427048535632 0.778510677739396 
0.011957877867961104 0.014711743283704042 0.9358295294789833 0.009740186775947655 0.027760662593404022 
0.2 0.2 0.2 0.2 0.2 
0.2137276688970563 0.17480934314738605 0.26184430166078543 0.17480934314738605 0.17480934314738605 
0.09431633220321703 0.33821568337566904 0.09431633220321703 0.4218629643201876 0.05128868789770922 
0.14260975970711393 0.14260975970711393 0.1743593961020298 0.14260975970711393 0.3978113247766285 
0.311146704808936 0.20511745833449244 0.16707666504426916 0.20511745833449244 0.1115417134778098 
0.17164273380881 0.258163374806 0.17164273380881 0.258163374806 0.14038778277038017 
0.023131059971495182 0.366567643882511 0.22505706877043857 0.366567643882511 0.018676583493044012 
