0.13081634361600136 0.13081634361600136 0.25025987988428444 0.20112336717668264 0.08586069853034783 0.20112336717668264 
0.11589580084312066 0.11589580084312066 0.323292474260794 0.11589580084312066 0.21312432236672335 0.11589580084312066 
0.1819254078491296 0.1487980532050087 0.1487980532050087 0.1487980532050087 0.22288237933083552 0.1487980532050087 
0.05978032610712319 0.3282687979664998 0.07339138919400402 0.3282687979664998 0.039909822263234564 0.17038086650263864 
0.12763729615237834 0.12763729615237834 0.19118599769986108 0.19118599769986108 0.12763729615237834 0.2347161161431427 
0.05097981989219535 0.05097981989219535 0.06232960933423432 0.21764030493772307 0.09374834540907075 0.524322100534581 
0.19648161596393082 0.16070367680721379 0.16070367680721379 0.16070367680721379 0.16070367680721379 0.16070367680721379 
0.19648161596393082 0.16070367680721379 0.16070367680721379 0.16070367680721379 0.16070367680721379 0.16070367680721379 
0.08272161284625175 0.19928647784042589 0.12777624406199306 0.12777624406199306 0.3956479680131237 0.06679145317621249 
0.2305188593362249 0.153896228132755 0.153896228132755 0.153896228132755 0.153896228132755 0.153896228132755 
0.08439732789892189 0.0690291600031966 0.08439732789892189 0.23794441558365487 0.0690291600031966 0.45520260861210826 
0.062478862040774734 0.09358615337759106 0.6425885429470592 0.07638871755302531 0.062478862040774734 0.062478862040774734 
0.18235372158937832 0.18235372158937832 0.18235372158937832 0.1488443154302087 0.18235372158937832 0.12174079821227804 
0.1819254078491296 0.1487980532050087 0.1487980532050087 0.1487980532050087 0.22288237933083552 0.1487980532050087 
0.05978032610712319 0.3282687979664998 0.07339138919400402 0.3282687979664998 0.039909822263234564 0.17038086650263864 
0.12763729615237834 0.12763729615237834 0.19118599769986108 0.19118599769986108 0.12763729615237834 0.2347161161431427 
0.05097981989219535 0.05097981989219535 0.06232960933423432 0.21764030493772307 0.09374834540907075 0.524322100534581 
0.19648161596393082 0.16070367680721379 0.16070367680721379 0.16070367680721379 0.16070367680721379 0.16070367680721379 
0.19648161596393082 0.16070367680721379 0.16070367680721379 0.16070367680721379 0.16070367680721379 0.16070367680721379 
0.08272161284625175 0.19928647784042589 0.12777624406199306 0.12777624406199306 0.3956479680131237 0.06679145317621249 
0.14161169873877483 0.14161169873877483 0.17313913384178936 0.14161169873877483 0.26041407120311105 0.14161169873877483 
0.11589580084312066 0.11589580084312066 0.11589580084312066 0.2131243223667234 0.11589580084312066 0.32329247426079405 
0.13853479618468734 0.13853479618468734 0.13853479618468734 0.16937721128966318 0.20750920007813733 0.20750920007813733 
0.24165826030135498 0.08571460432937134 0.46230742676609027 0.07010656953439452 0.07010656953439452 0.07010656953439452 
0.16173573768886867 0.2432625194318197 0.13228478191313137 0.1981473971399174 0.13228478191313137 0.13228478191313137 
0.30006540617624494 0.1315176812560016 0.107569223915985 0.1315176812560016 0.1978123261397651 0.1315176812560016 
0.16666666666666666 0.16666666666666666 0.16666666666666666 0.16666666666666666 0.16666666666666666 0.16666666666666666 
0.04725467857128716 0.04725467857128716 0.04725467857128716 0.20173713198158078 0.04725467857128716 0.6092441537332705 
0.06542406686636087 0.06542406686636087 0.06542406686636087 0.06542406686636087 0.6728796656681952 0.06542406686636087 
0.15515263526277778 0.15515263526277778 0.18969472947444427 0.15515263526277778 0.18969472947444427 0.15515263526277778 
0.145126676591854 0.17743666170407293 0.17743666170407293 0.17743666170407293 0.145126676591854 0.17743666170407293 
0.14900015433734587 0.27571852685504156 0.12186825993557318 0.18254464459912031 0.12186825993557318 0.14900015433734587 
0.16666666666666666 0.16666666666666666 0.16666666666666666 0.16666666666666666 0.16666666666666666 0.16666666666666666 
0.23044527671110626 0.18730862964501901 0.15257063649876254 0.15257063649876254 0.15257063649876254 0.12453418414758732 
0.9999999999999909 8.579197521324668E-16 6.194563049847122E-15 9.275836294319425E-17 1.7601437320795103E-15 1.419600717031101E-16 
6.212713476593649E-17 0.9999999999986589 8.113496909241278E-18 1.3411072928367294E-12 5.301453303150164E-18 4.2997418833311605E-18 
5.161081076984425E-16 3.372310438947771E-16 3.372310438947771E-16 1.0426759999076613E-9 2.2231305530830035E-16 0.9999999989573225 
0.05600989100372585 0.037082403434884115 0.03026812343430472 0.03026812343430472 0.037082403434884115 0.8092890552578965 
7.094136420357525E-13 4.476524257494255E-14 0.999999999998757 2.925013046408384E-14 4.3555004782009583E-13 2.3723308281257378E-14 
0.0028907400340851845 2.996736680228511E-4 0.9964918814206305 6.045141326575336E-5 2.3651342139451208E-4 2.0740042601092428E-5 
3.2689951689430225E-39 4.269146211147368E-40 4.153728941160766E-39 2.262430980805216E-40 1.0 1.4978850497712775E-40 
0.1340103568161032 0.34352754710252537 0.27035704731449844 0.06802573252800669 0.1688707339974325 0.015208582241433878 
0.00935806451145915 0.6491368130792323 0.0025381311659170595 0.28692005130174275 0.003884429078660456 0.04816251086298803 
0.15673206312204385 0.08523000928100533 0.29378895451747017 0.08523000928100533 0.29378895451747017 0.08523000928100533 
0.00746940586716538 0.8186095920971416 0.15087618312051415 0.01936324032324971 0.0030088801868454118 6.726984050839793E-4 
0.15515263526277778 0.18969472947444427 0.15515263526277778 0.18969472947444427 0.15515263526277778 0.15515263526277778 
0.14622169369747484 0.14622169369747484 0.2688915315126255 0.14622169369747484 0.14622169369747484 0.14622169369747484 
0.23951078264997347 0.13024460867501317 0.13024460867501317 0.13024460867501317 0.23951078264997347 0.13024460867501317 
0.16666666666666666 0.16666666666666666 0.16666666666666666 0.16666666666666666 0.16666666666666666 0.16666666666666666 
0.16666666666666666 0.16666666666666666 0.16666666666666666 0.16666666666666666 0.16666666666666666 0.16666666666666666 
0.19648161596393082 0.16070367680721379 0.16070367680721379 0.16070367680721379 0.16070367680721379 0.16070367680721379 
0.16666666666666666 0.16666666666666666 0.16666666666666666 0.16666666666666666 0.16666666666666666 0.16666666666666666 
0.500214105292289 0.31584318892993507 0.029951671710925054 0.0844438230265415 0.04504953095530882 0.02449768008500031 
0.08020778059465924 0.5507289166741278 0.06546876088260653 0.1845784272442216 0.06546876088260653 0.0535473537217781 
0.02283688386234717 0.034348363470621965 0.02283688386234717 0.06438484629378173 0.7758520066322943 0.07974101587860774 
0.060179605002931257 0.6682131119910631 0.0327253287601602 0.17343129672552487 0.0327253287601602 0.0327253287601602 
0.18977603458780146 0.2878749975412092 0.10319913403191716 0.18977603458780146 0.10319913403191716 0.12617466521935344 
0.16666666666666666 0.16666666666666666 0.16666666666666666 0.16666666666666666 0.16666666666666666 0.16666666666666666 
0.24495076446359243 0.19732239360997567 0.06923310862525622 0.24495076446359243 0.04622057522760742 0.19732239360997567 
0.20502524439326578 0.25279000196071433 0.11079702697566496 0.1357408252485451 0.20502524439326578 0.0906216570285439 
0.12013463065595927 0.12013463065595927 0.12013463065595927 0.22091923577098016 0.14688056199752933 0.2717963102636124 
0.16666666666666666 0.16666666666666666 0.16666666666666666 0.16666666666666666 0.16666666666666666 0.16666666666666666 
0.30225940504319165 0.16334302418867855 0.1335993926920324 0.1335993926920324 0.1335993926920324 0.1335993926920324 
0.11638255855514895 0.5290691375883819 0.0628939207846898 0.1773190881446009 0.05144137414248848 0.0628939207846898 
0.13357549245252098 0.0726375971493354 0.0726375971493354 0.20262329036886204 0.13357549245252098 0.38495053042742494 
0.03271876825934429 0.07595784939006925 0.11732857191903016 0.28830128538034844 0.026650791841487467 0.4590427332097208 
0.02453477286401957 0.005485264134770149 0.008320704997022515 0.008320704997022515 0.9406043062986381 0.01273424670852721 
0.153896228132755 0.153896228132755 0.2305188593362249 0.153896228132755 0.153896228132755 0.153896228132755 
0.14294351955125334 0.14294351955125334 0.2141129608974933 0.14294351955125334 0.2141129608974933 0.14294351955125334 
0.1572319172707046 0.3007945310384684 0.3007945310384684 0.12724059064532509 0.0683244695017364 0.04561396050529714 
0.14688056199752933 0.12013463065595927 0.12013463065595927 0.2209192357709802 0.12013463065595927 0.2717963102636124 
0.22823473931250435 0.12175985862818905 0.43662738819113184 0.08095336923303523 0.06621232231756978 0.06621232231756978 
0.1871253559733377 0.22973092859507457 0.15273911202209264 0.15273911202209264 0.15273911202209264 0.12492637936530998 
0.2514646430722444 0.3214057190373371 0.1552988560201947 0.06124921611203321 0.19732955218432285 0.013252013573867802 
