0.06986266072170677 0.3768089132299394 0.19696630675860577 0.19696630675860577 0.15939581253114216 
0.2137276688970563 0.17480934314738605 0.17480934314738605 0.17480934314738605 0.26184430166078543 
0.232553433006913 0.15525452573442944 0.18981930412587236 0.18981930412587236 0.232553433006913 
0.061247079873988544 0.40388482964623446 0.2111194837970905 0.2111194837970905 0.11262912288559587 
0.1578079704226164 0.2901978891013846 0.1578079704226164 0.1578079704226164 0.236378199630766 
0.0765450982022093 0.6296035900970317 0.0765450982022093 0.0765450982022093 0.14076111529634008 
0.18364575867622646 0.18364575867622646 0.22453136198566015 0.22453136198566015 0.18364575867622646 
0.18364575867622646 0.18364575867622646 0.22453136198566015 0.22453136198566015 0.18364575867622646 
0.01916506954751239 0.10156728715606854 0.12638122283186 0.12638122283186 0.6265051976326989 
0.21571185274517785 0.17643222088223307 0.21571185274517785 0.21571185274517785 0.17643222088223307 
0.10032602581147039 0.5316882491638755 0.12266190834155136 0.12266190834155136 0.12266190834155136 
0.1709267891246451 0.1709267891246451 0.1709267891246451 0.1709267891246451 0.31629284350141945 
0.1377751854667747 0.1377751854667747 0.20637139054013018 0.20637139054013018 0.3117068479861904 
0.232553433006913 0.15525452573442944 0.18981930412587236 0.18981930412587236 0.232553433006913 
0.061247079873988544 0.40388482964623446 0.2111194837970905 0.2111194837970905 0.11262912288559587 
0.1578079704226164 0.2901978891013846 0.1578079704226164 0.1578079704226164 0.236378199630766 
0.0765450982022093 0.6296035900970317 0.0765450982022093 0.0765450982022093 0.14076111529634008 
0.18364575867622646 0.18364575867622646 0.22453136198566015 0.22453136198566015 0.18364575867622646 
0.18364575867622646 0.18364575867622646 0.22453136198566015 0.22453136198566015 0.18364575867622646 
0.01916506954751239 0.10156728715606854 0.12638122283186 0.12638122283186 0.6265051976326989 
0.17126424110108873 0.17126424110108873 0.17126424110108873 0.17126424110108873 0.3149430355956448 
0.14728603785505995 0.41085584857976054 0.14728603785505995 0.14728603785505995 0.14728603785505995 
0.20572133881923121 0.20572133881923121 0.1682609102320395 0.1682609102320395 0.2520355018974585 
0.17164273380881 0.14038778277038017 0.258163374806 0.258163374806 0.17164273380881 
0.18981930412587236 0.18981930412587236 0.232553433006913 0.232553433006913 0.15525452573442944 
0.189695409868932 0.15483689159782227 0.2328861443321571 0.2328861443321571 0.189695409868932 
0.2 0.2 0.2 0.2 0.2 
0.07000401417035593 0.7199839433185762 0.07000401417035593 0.07000401417035593 0.07000401417035593 
0.10753145569987334 0.10753145569987334 0.10753145569987334 0.10753145569987334 0.5698741772005067 
0.18188812442370433 0.18188812442370433 0.18188812442370433 0.18188812442370433 0.27244750230518255 
0.16976395521768495 0.2075590111955787 0.2075590111955787 0.2075590111955787 0.2075590111955787 
0.32100214045896636 0.140694183076139 0.21161446402367276 0.21161446402367276 0.11507474841754897 
0.2 0.2 0.2 0.2 0.2 
0.2802841597526709 0.1228476259666093 0.184771921319848 0.184771921319848 0.22732437164102343 
2.0355958673325654E-6 1.6435898839561275E-6 0.49997748182314045 0.49997748182314045 4.1357167967718866E-5 
4.767539536308794E-7 1.7232909794008682E-4 0.49991275368244675 0.49991275368244675 1.6867832128560864E-6 
2.098228725597146E-13 0.9999999999982916 5.91561155195563E-13 5.91561155195563E-13 3.1558912917247377E-13 
1.0 3.833759992447614E-19 7.050018159096673E-19 7.050018159096673E-19 7.050018159096673E-19 
0.1113898024010977 0.02410053984543636 0.13999541882431532 0.13999541882431532 0.5845188201048352 
2.6719712050916623E-4 1.737925872085619E-4 0.004373091664100786 0.004373091664100786 0.9908128269640806 
9.094947017639304E-13 7.392479841119545E-13 4.134516232304956E-12 4.134516232304956E-12 0.9999999999900822 
0.06495584579724178 0.05232579289858592 0.31622505353176894 0.31622505353176894 0.2502682542406345 
0.008461077753161206 0.565045327974511 0.20520947733166903 0.20520947733166903 0.016074639608989513 
0.14109339528164463 0.11540126685000557 0.17285783233927488 0.17285783233927488 0.39778967318979996 
0.006561567191519147 0.019347706802913017 0.43819274493412036 0.43819274493412036 0.09770523613732696 
0.17643222088223307 0.17643222088223307 0.21571185274517785 0.21571185274517785 0.21571185274517785 
0.15968239858692226 0.15968239858692226 0.15968239858692226 0.15968239858692226 0.3612704056523108 
0.21424249980959395 0.14303000076162423 0.21424249980959395 0.21424249980959395 0.21424249980959395 
0.2 0.2 0.2 0.2 0.2 
0.23410279603810327 0.19147430099047413 0.19147430099047413 0.19147430099047413 0.19147430099047413 
0.17643222088223307 0.17643222088223307 0.21571185274517785 0.21571185274517785 0.21571185274517785 
0.2 0.2 0.2 0.2 0.2 
0.032771379217129415 0.04929057972920196 0.43432373066223323 0.43432373066223323 0.04929057972920196 
0.09334685949917047 0.14040058522192123 0.3259452318630166 0.3259452318630166 0.1143620915528752 
0.05999572551327165 0.1709947798057874 0.05999572551327165 0.05999572551327165 0.6490180436543976 
0.06728732582360274 0.15223293055884118 0.3565962088969767 0.3565962088969767 0.06728732582360274 
0.1482809749152202 0.1816635559009322 0.27438771554350416 0.27438771554350416 0.12128003809683939 
0.2 0.2 0.2 0.2 0.2 
0.054357580053049165 0.2880736711479166 0.2880736711479166 0.2880736711479166 0.08142140650320125 
0.15754257772629807 0.12859247910269742 0.23795498105700158 0.23795498105700158 0.23795498105700158 
0.18227313987597063 0.33728878896368514 0.1490824656421867 0.1490824656421867 0.18227313987597063 
0.2 0.2 0.2 0.2 0.2 
0.20874276230449285 0.13935833216065807 0.25627028668709545 0.25627028668709545 0.13935833216065807 
0.11078014224734165 0.16732420549672028 0.3157362606815659 0.3157362606815659 0.09042313089280614 
0.17345566929461648 0.40268385104538135 0.14128682655333405 0.14128682655333405 0.14128682655333405 
0.04262688848510276 0.7342207133960871 0.07938401143501043 0.07938401143501043 0.06438437524878939 
0.014946064165072928 0.03439468087294355 0.04259801725882067 0.04259801725882067 0.8654632204443421 
0.18188812442370433 0.18188812442370433 0.18188812442370433 0.18188812442370433 0.27244750230518255 
0.22157027023535322 0.14792207871305224 0.14792207871305224 0.14792207871305224 0.3346634936254901 
0.07292013775959018 0.08933669022453447 0.31607840525542885 0.31607840525542885 0.20558636150501788 
0.1490824656421867 0.3372887889636851 0.18227313987597063 0.18227313987597063 0.1490824656421867 
0.15730499948911328 0.12839855835478695 0.2929489419006563 0.2929489419006563 0.12839855835478695 
0.20763086935860398 0.16947652256558415 0.20763086935860398 0.20763086935860398 0.20763086935860398 
0.008852630421832345 0.038973194166173 0.39984665760726773 0.39984665760726773 0.15248086019745924 
