0.21464287627873752 0.17330790741743196 0.1402501533154556 0.1402501533154556 0.3315489096729193 
0.18188812442370433 0.18188812442370433 0.27244750230518255 0.18188812442370433 0.18188812442370433 
0.14572217824025804 0.14572217824025804 0.178528695861963 0.4108397671130334 0.11918718054448735 
0.21689641862120057 0.17552433941705362 0.07693174104369586 0.11571103219355965 0.4149364687244902 
0.24855856787208955 0.20246124793788436 0.16525687322312063 0.1351647430948161 0.24855856787208955 
0.2811423603795736 0.18114232119544327 0.06285528358879809 0.0341803476386448 0.4406796871975405 
0.19147430099047413 0.19147430099047413 0.19147430099047413 0.23410279603810322 0.19147430099047413 
0.19147430099047413 0.19147430099047413 0.19147430099047413 0.23410279603810322 0.19147430099047413 
0.07358106364217462 0.059677896431591444 0.6805493960711336 0.07358106364217462 0.11261058021292539 
0.19147430099047413 0.19147430099047413 0.19147430099047413 0.23410279603810322 0.19147430099047413 
0.2618474783129215 0.21093370047073842 0.06040891713291631 0.06040891713291631 0.40640098695050747 
0.18188812442370433 0.18188812442370433 0.27244750230518255 0.18188812442370433 0.18188812442370433 
0.14974854996483358 0.14974854996483358 0.27537717505274945 0.27537717505274945 0.14974854996483358 
0.14572217824025804 0.14572217824025804 0.178528695861963 0.4108397671130334 0.11918718054448735 
0.21689641862120057 0.17552433941705362 0.07693174104369586 0.11571103219355965 0.4149364687244902 
0.24855856787208955 0.20246124793788436 0.16525687322312063 0.1351647430948161 0.24855856787208955 
0.2811423603795736 0.18114232119544327 0.06285528358879809 0.0341803476386448 0.4406796871975405 
0.19147430099047413 0.19147430099047413 0.19147430099047413 0.23410279603810322 0.19147430099047413 
0.19147430099047413 0.19147430099047413 0.19147430099047413 0.23410279603810322 0.19147430099047413 
0.07358106364217462 0.059677896431591444 0.6805493960711336 0.07358106364217462 0.11261058021292539 
0.17126424110108873 0.17126424110108873 0.3149430355956448 0.17126424110108873 0.17126424110108873 
0.22688120112225116 0.22688120112225116 0.10028204309751836 0.10028204309751836 0.3456735115604614 
0.19829319090211614 0.19829319090211614 0.24293505077651895 0.1621853765171327 0.19829319090211614 
0.16497393840375685 0.16497393840375685 0.20170257864348456 0.30337560614524467 0.16497393840375685 
0.19147430099047413 0.23410279603810327 0.19147430099047413 0.19147430099047413 0.19147430099047413 
0.16042921636779897 0.19654673792398214 0.2412974146702102 0.2412974146702102 0.16042921636779897 
0.2 0.2 0.2 0.2 0.2 
0.24907421152223794 0.1996876042366029 0.030281609381657623 0.030281609381657623 0.490674965477844 
0.09438991265851776 0.09438991265851776 0.6224403493659293 0.09438991265851776 0.09438991265851776 
0.18188812442370433 0.18188812442370433 0.27244750230518255 0.18188812442370433 0.18188812442370433 
0.2075590111955787 0.2075590111955787 0.2075590111955787 0.16976395521768498 0.2075590111955787 
0.21915883938712738 0.21915883938712738 0.14631218825544054 0.2690579447148641 0.14631218825544054 
0.2 0.2 0.2 0.2 0.2 
4.3698267630136696E-8 4.3698267630136696E-8 5.364769273757721E-8 0.99999982978246 2.917331182176691E-8 
2.7376043293268852E-5 2.7376043293268852E-5 4.338396814156253E-4 0.9994840321887045 2.7376043293268852E-5 
0.07169705301940309 0.07169705301940309 0.16644740143615586 0.05840021911957198 0.6317582734054656 
6.868948033661884E-11 1.834670374572606E-13 2.2357101754289136E-21 2.2357101754289136E-21 0.9999999999311271 
0.04580797974503179 0.9539188105150203 8.926340057839075E-5 1.354054071044224E-4 4.854093226493301E-5 
0.027864994082207033 0.027864994082207033 0.8020779786929152 0.09992307584084734 0.04226895730182348 
0.0038911164211419616 0.0038911164211419616 0.9311972469941265 0.05622288984913378 0.004797630314455818 
5.742531777098075E-19 5.742531777098075E-19 1.0 2.5281164500250027E-18 7.050018159096673E-19 
0.08299402413940811 0.08299402413940811 0.5944104435485946 0.15660748403318084 0.08299402413940811 
0.15606452167490334 0.12317182962106227 0.020381255614347227 0.013317349609877783 0.6870650434798095 
0.13038411357022106 0.13038411357022106 0.44943574140873904 0.1594119178805977 0.13038411357022106 
0.05933809628325423 0.05933809628325423 0.6588692959205584 0.1112272557564667 0.1112272557564667 
0.2 0.2 0.2 0.2 0.2 
0.18188812442370433 0.18188812442370433 0.27244750230518255 0.18188812442370433 0.18188812442370433 
0.18789995867687906 0.18789995867687906 0.28261544419331086 0.18789995867687906 0.1536846797760521 
0.2 0.2 0.2 0.2 0.2 
0.2 0.2 0.2 0.2 0.2 
0.19147430099047413 0.19147430099047413 0.19147430099047413 0.23410279603810322 0.19147430099047413 
0.2 0.2 0.2 0.2 0.2 
0.11453166919403689 0.14003019650438117 0.21061577907857182 0.39479215871862866 0.14003019650438117 
0.17480934314738605 0.17480934314738605 0.26184430166078543 0.17480934314738605 0.2137276688970563 
0.09239891332268854 0.07477420939874038 0.6915847709877618 0.026805501428676968 0.11443660486213209 
0.18188812442370433 0.18188812442370433 0.18188812442370433 0.18188812442370433 0.27244750230518255 
0.19829319090211614 0.19829319090211614 0.16218537651713272 0.19829319090211614 0.24293505077651895 
0.19147430099047413 0.19147430099047413 0.19147430099047413 0.23410279603810322 0.19147430099047413 
0.14162856114588193 0.11461350904615086 0.05023472429710842 0.4225788745441205 0.27094433096673826 
0.17641771690510538 0.17641771690510538 0.3264535747129339 0.17641771690510538 0.1442932745717498 
0.23722657552605939 0.23722657552605939 0.12819884383353883 0.10485472376339543 0.29249328135094665 
0.2 0.2 0.2 0.2 0.2 
0.20572133881923121 0.20572133881923121 0.16826091023203954 0.2520355018974585 0.16826091023203954 
0.21586713904286245 0.21586713904286245 0.17619929143570645 0.17619929143570645 0.21586713904286245 
0.2526202690314183 0.2526202690314183 0.10881593023528655 0.07234745734776958 0.31359607435410697 
0.22598152508705763 0.14343589734194778 0.02564621638943492 0.02564621638943492 0.5792901447921246 
0.02192605712541648 0.01774375398830645 0.9154308824654107 0.01774375398830645 0.02715555243255987 
0.19147430099047413 0.19147430099047413 0.23410279603810327 0.19147430099047413 0.19147430099047413 
0.16497393840375685 0.20170257864348456 0.30337560614524467 0.16497393840375685 0.16497393840375685 
0.10251983317254185 0.10251983317254185 0.23194404671652205 0.4376721573559811 0.12534412958241298 
0.24825038887155793 0.20178083409653824 0.10972727609273807 0.1341561870291557 0.3060853139100098 
0.16497393840375685 0.16497393840375685 0.20170257864348456 0.30337560614524467 0.16497393840375685 
0.17643222088223307 0.21571185274517785 0.21571185274517785 0.21571185274517785 0.17643222088223307 
0.04193318187485801 0.03408378312514332 0.6058941471820384 0.23896210514868801 0.07912678266927244 
