0.25513384665714267 0.13336407324979646 0.16517219959061866 0.20504036981137497 0.13336407324979646 0.10792543744127078 
0.12343604257576582 0.12343604257576582 0.12343604257576582 0.22699030282555457 0.12343604257576582 0.27926552687138173 
0.145126676591854 0.17743666170407293 0.145126676591854 0.17743666170407293 0.17743666170407293 0.17743666170407293 
0.24105915941011102 0.10197163398521154 0.30067775258170615 0.12600692465671487 0.19372913409756176 0.03655539526869485 
0.2084511007687987 0.1697920548745472 0.13859098653439517 0.2564567990724068 0.11335452937492602 0.11335452937492602 
0.4687563785168185 0.3005518993362978 0.08381324159537591 0.055724147267671345 0.045577166641918174 0.045577166641918174 
0.16070367680721379 0.16070367680721379 0.16070367680721379 0.1964816159639308 0.16070367680721379 0.16070367680721379 
0.16070367680721379 0.16070367680721379 0.16070367680721379 0.1964816159639308 0.16070367680721379 0.16070367680721379 
0.09508369639451618 0.05038953688930129 0.18319551580139457 0.45477439299434236 0.18319551580139457 0.03336134211905091 
0.15515263526277778 0.15515263526277778 0.15515263526277778 0.18969472947444427 0.18969472947444427 0.15515263526277778 
0.39865842795970363 0.2580891962951911 0.1111716652278834 0.1111716652278834 0.060454522644669224 0.060454522644669224 
0.05671314064523025 0.04638607118666127 0.0694810025481206 0.5980453902039716 0.0694810025481206 0.15989339286789572 
0.12526699069925315 0.12526699069925315 0.15315555467380035 0.2834079206302063 0.18763555259823386 0.12526699069925315 
0.145126676591854 0.17743666170407293 0.145126676591854 0.17743666170407293 0.17743666170407293 0.17743666170407293 
0.24105915941011102 0.10197163398521154 0.30067775258170615 0.12600692465671487 0.19372913409756176 0.03655539526869485 
0.2084511007687987 0.1697920548745472 0.13859098653439517 0.2564567990724068 0.11335452937492602 0.11335452937492602 
0.4687563785168185 0.3005518993362978 0.08381324159537591 0.055724147267671345 0.045577166641918174 0.045577166641918174 
0.16070367680721379 0.16070367680721379 0.16070367680721379 0.1964816159639308 0.16070367680721379 0.16070367680721379 
0.16070367680721379 0.16070367680721379 0.16070367680721379 0.1964816159639308 0.16070367680721379 0.16070367680721379 
0.09508369639451618 0.05038953688930129 0.18319551580139457 0.45477439299434236 0.18319551580139457 0.03336134211905091 
0.16070367680721379 0.16070367680721379 0.16070367680721379 0.1964816159639308 0.16070367680721379 0.16070367680721379 
0.3007695968456365 0.2439390783695787 0.13182632571182437 0.10782166635765343 0.10782166635765343 0.10782166635765343 
0.18336105464997435 0.18336105464997435 0.1499722786833589 0.18336105464997435 0.1499722786833589 0.1499722786833589 
0.08187296314642274 0.08187296314642274 0.08187296314642274 0.34952765041192957 0.12263628747749132 0.2822171726713107 
0.14860597380154936 0.14860597380154936 0.2235143828207357 0.14860597380154936 0.18206172197306728 0.14860597380154936 
0.15953624509843317 0.1954527315202401 0.1304858016642205 0.15953624509843317 0.1954527315202401 0.15953624509843317 
0.16666666666666666 0.16666666666666666 0.16666666666666666 0.16666666666666666 0.16666666666666666 0.16666666666666666 
0.5251920443869498 0.2686233342078905 0.07490949968321257 0.04980439740353891 0.04073536215920396 0.04073536215920396 
0.16070367680721379 0.16070367680721379 0.16070367680721379 0.1964816159639308 0.16070367680721379 0.16070367680721379 
0.153896228132755 0.153896228132755 0.153896228132755 0.2305188593362249 0.153896228132755 0.153896228132755 
0.16547969429154 0.16547969429154 0.16547969429154 0.20273423284132083 0.16547969429154 0.13534698999251926 
0.12370516891156401 0.1515549845868558 0.22891121883960086 0.12370516891156401 0.1860617293752077 0.1860617293752077 
0.16666666666666666 0.16666666666666666 0.16666666666666666 0.16666666666666666 0.16666666666666666 0.16666666666666666 
0.1181889878231414 0.14479694248408922 0.14479694248408922 0.26965519995503867 0.17776498476955221 0.14479694248408922 
0.001700482501659204 0.001700482501659204 7.324811503698485E-4 0.09637386863661751 0.891359472820886 0.008133212388808278 
1.9094437131483843E-11 3.1478497957634285E-13 0.9974519097068477 1.407986522646142E-12 0.0025480902720202386 3.1478497957634285E-13 
0.9999998242301347 1.7576964269362564E-7 2.2004988646308184E-13 9.195041431349103E-16 1.1337211416761196E-15 7.473837757127569E-16 
1.557742508420867E-5 0.16057749631821597 1.9045473718526623E-5 2.8645802014727922E-5 2.3333192147566357E-5 0.839335901788819 
6.501940486212078E-8 4.286278742990088E-8 5.273396601433908E-8 0.20103182730462385 1.917188904806388E-7 0.7989678203603278 
2.3156707056536048E-10 1.5198796943699478E-10 8.661247134149588E-10 0.9999999929982806 3.555959663492786E-9 2.196079977874792E-9 
0.0330175630473836 0.02689417257135593 0.05008499045586679 0.5869403678333475 0.1184000415263093 0.18466286456573683 
0.03350114777728359 0.021988322484914207 0.25074844259765466 0.25074844259765466 0.3177101117611251 0.12530353278136774 
0.16642293446093567 0.023048844855232713 0.6373496479934233 0.004734467416480774 0.16642293446093567 0.0020211708129921333 
0.10516821278361861 0.10516821278361861 0.10516821278361861 0.3625162022486843 0.12858212584988185 0.19339703355057797 
0.0019052502574977343 6.611102499533582E-4 0.19464863992141004 0.6007956245706433 0.19464863992141004 0.007340735079085434 
0.14997227868335888 0.14997227868335888 0.18336105464997435 0.18336105464997435 0.18336105464997435 0.14997227868335888 
0.09709110756761473 0.09709110756761473 0.09709110756761473 0.5145444621619264 0.09709110756761473 0.09709110756761473 
0.14997227868335888 0.18336105464997435 0.14997227868335888 0.14997227868335888 0.18336105464997435 0.18336105464997435 
0.16666666666666666 0.16666666666666666 0.16666666666666666 0.16666666666666666 0.16666666666666666 0.16666666666666666 
0.16666666666666666 0.16666666666666666 0.16666666666666666 0.16666666666666666 0.16666666666666666 0.16666666666666666 
0.15515263526277778 0.15515263526277778 0.15515263526277778 0.18969472947444427 0.18969472947444427 0.15515263526277778 
0.16070367680721379 0.16070367680721379 0.16070367680721379 0.1964816159639308 0.16070367680721379 0.16070367680721379 
0.05356502307533137 0.043721889090940345 0.23581692054849507 0.043721889090940345 0.5794523891033528 0.043721889090940345 
0.07559202026488161 0.05046583532990759 0.41509478526004867 0.07559202026488161 0.3327895035503731 0.05046583532990759 
0.28337954747557165 0.22880757670295512 0.18516349421399547 0.09942737179304272 0.12206545890572935 0.08115655090870535 
0.05870009865681814 0.0319207815788197 0.5172356661036814 0.0319207815788197 0.3283018905030415 0.0319207815788197 
0.15820479470570756 0.12913300677664546 0.2389552048127966 0.12913300677664546 0.2389552048127966 0.10561878211540841 
0.16666666666666666 0.16666666666666666 0.16666666666666666 0.16666666666666666 0.16666666666666666 0.16666666666666666 
0.23577025609187893 0.12410047859241059 0.23577025609187893 0.12410047859241059 0.23577025609187893 0.04448827453954189 
0.12297071531667762 0.12297071531667762 0.22755214331296122 0.12297071531667762 0.280564995420328 0.12297071531667762 
0.2461100644126077 0.2461100644126077 0.13299954123406468 0.13299954123406468 0.10878124747259037 0.13299954123406468 
0.16666666666666666 0.16666666666666666 0.16666666666666666 0.16666666666666666 0.16666666666666666 0.16666666666666666 
0.13955207129104827 0.17062096538881455 0.13955207129104827 0.17062096538881455 0.20903296125145976 0.17062096538881455 
0.09554852036581872 0.07782822711561917 0.34263427506309607 0.07782822711561917 0.34263427506309607 0.06352647527675076 
0.3166683322844443 0.3166683322844443 0.11110717159939854 0.07417603347891973 0.09069006517639652 0.09069006517639652 
0.510533321726719 0.1606237205907861 0.12845754728937 0.10298689578320364 0.05383351559566907 0.04356499901425233 
0.2421449062032815 0.19551371894301325 0.10430367809072855 0.19551371894301325 0.15822029972923451 0.10430367809072855 
0.13769494025389703 0.13769494025389703 0.13769494025389703 0.3115252987305147 0.13769494025389703 0.13769494025389703 
0.12143621465495878 0.1484719215265522 0.12143621465495878 0.3387475129820191 0.12143621465495878 0.1484719215265522 
0.052526786270311196 0.03506730124473576 0.14970743624411476 0.45211498451584403 0.231246142975681 0.07933734874931307 
0.26471622819919727 0.21516446184726726 0.14305443782534577 0.14305443782534577 0.11700521715142184 0.11700521715142184 
0.06993687555653473 0.06993687555653473 0.10475740032383916 0.2985707473016405 0.15822735395981025 0.2985707473016405 
0.1304858016642205 0.15953624509843317 0.1954527315202401 0.15953624509843317 0.1954527315202401 0.15953624509843317 
0.03835091378420354 0.013307533799320108 0.23656284904850325 0.1477621624890498 0.4895892638518095 0.07442727702711373 
