0.16590900388901927 0.2059550190453084 0.16590900388901927 0.25627195413134474 0.2059550190453084 
0.2 0.2 0.2 0.2 0.2 
0.27244750230518255 0.18188812442370433 0.18188812442370433 0.18188812442370433 0.18188812442370433 
0.17986737217434648 0.17986737217434648 0.2805305113026141 0.17986737217434648 0.17986737217434648 
0.3234510389199997 0.1736837319908059 0.11595264404123742 0.21322885305715095 0.1736837319908059 
0.06622797368248835 0.29156482927314686 0.0442143231836158 0.3636744515837778 0.23431842227697144 
0.23410279603810327 0.19147430099047413 0.19147430099047413 0.19147430099047413 0.19147430099047413 
0.23410279603810327 0.19147430099047413 0.19147430099047413 0.19147430099047413 0.19147430099047413 
0.8098921074507319 0.03847799603989152 0.07467390442959333 0.03847799603989152 0.03847799603989152 
0.23410279603810327 0.19147430099047413 0.19147430099047413 0.19147430099047413 0.19147430099047413 
0.15824845210664434 0.2421879914129478 0.05672984232317449 0.3006457227442854 0.2421879914129478 
0.7463524633019345 0.05631513518087673 0.08470213115543497 0.05631513518087673 0.05631513518087673 
0.41083976711303327 0.14572217824025804 0.178528695861963 0.11918718054448732 0.14572217824025804 
0.27244750230518255 0.18188812442370433 0.18188812442370433 0.18188812442370433 0.18188812442370433 
0.17986737217434648 0.17986737217434648 0.2805305113026141 0.17986737217434648 0.17986737217434648 
0.3234510389199997 0.1736837319908059 0.11595264404123742 0.21322885305715095 0.1736837319908059 
0.06622797368248835 0.29156482927314686 0.0442143231836158 0.3636744515837778 0.23431842227697144 
0.23410279603810327 0.19147430099047413 0.19147430099047413 0.19147430099047413 0.19147430099047413 
0.23410279603810327 0.19147430099047413 0.19147430099047413 0.19147430099047413 0.19147430099047413 
0.8098921074507319 0.03847799603989152 0.07467390442959333 0.03847799603989152 0.03847799603989152 
0.3149430355956448 0.17126424110108873 0.17126424110108873 0.17126424110108873 0.17126424110108873 
0.10736097116512125 0.242896787293286 0.10736097116512125 0.29948448308318537 0.242896787293286 
0.24293505077651895 0.19829319090211614 0.1621853765171327 0.19829319090211614 0.19829319090211614 
0.3612704056523108 0.15968239858692226 0.15968239858692226 0.15968239858692226 0.15968239858692226 
0.1709267891246451 0.1709267891246451 0.3162928435014195 0.1709267891246451 0.1709267891246451 
0.2075590111955787 0.2075590111955787 0.16976395521768498 0.2075590111955787 0.2075590111955787 
0.2 0.2 0.2 0.2 0.2 
0.05172626027610229 0.27898902960091704 0.042307267135784095 0.3479884133862796 0.27898902960091704 
0.27244750230518255 0.18188812442370433 0.18188812442370433 0.18188812442370433 0.18188812442370433 
0.3149430355956448 0.17126424110108873 0.17126424110108873 0.17126424110108873 0.17126424110108873 
0.27326558595583417 0.18168360351104154 0.18168360351104154 0.18168360351104154 0.18168360351104154 
0.14854822526843564 0.1819909724795501 0.33892160450402836 0.14854822526843564 0.1819909724795501 
0.2 0.2 0.2 0.2 0.2 
0.49041196028005923 0.11313935753906872 0.1701699671027345 0.11313935753906872 0.11313935753906872 
0.9743332905027637 0.006589763528962567 0.004344174388464614 0.008143008050846532 0.006589763528962567 
2.1410701088882172E-33 2.0606451585959196E-30 1.0 1.3141323697826185E-31 2.8679719907926145E-30 
4.490153347166619E-12 0.002608104251073923 4.490153347166619E-12 0.9959072056193159 0.0014846901206297769 
0.3607438470034735 0.15811284242942708 0.19370887739142592 0.12932159074624627 0.15811284242942708 
0.9579109164082035 0.011043960950246743 0.008957200741055871 0.011043960950246743 0.011043960950246743 
1.0 6.110027894055574E-22 2.9745496716484362E-21 4.921990473142462E-22 6.110027894055574E-22 
0.9573148342005537 0.009450060888502436 0.01433498313393877 0.009450060888502436 0.009450060888502436 
0.22485413073860425 0.07261762630018159 0.5828983788799394 0.04701223778109316 0.07261762630018159 
0.00531868135747384 0.12512159148804855 0.6481019156019564 0.09633622006447225 0.12512159148804855 
0.46287189623337455 0.13428202594165645 0.13428202594165645 0.13428202594165645 0.13428202594165645 
0.4974527771960432 0.0018409838038298046 0.4974527771960432 9.272970106959873E-4 0.0023261647933878332 
0.232553433006913 0.18981930412587236 0.232553433006913 0.15525452573442944 0.18981930412587236 
0.7632124430961414 0.05919688922596457 0.05919688922596457 0.05919688922596457 0.05919688922596457 
0.2 0.2 0.2 0.2 0.2 
0.2 0.2 0.2 0.2 0.2 
0.2 0.2 0.2 0.2 0.2 
0.27244750230518255 0.18188812442370433 0.18188812442370433 0.18188812442370433 0.18188812442370433 
0.23410279603810327 0.19147430099047413 0.19147430099047413 0.19147430099047413 0.19147430099047413 
0.07038425501874669 0.10630957237981839 0.6058199754350088 0.08640967003014313 0.13107652713628298 
0.0722264936013006 0.10956178799417861 0.6364234368090413 0.0722264936013006 0.10956178799417861 
0.18121960953189387 0.22393409610280712 0.14697810215968493 0.22393409610280712 0.22393409610280712 
0.023339178907907952 0.08045045434693615 0.7629566309704172 0.05280328142780233 0.08045045434693615 
0.13307006707330668 0.20014722929997017 0.303607266680196 0.16302820764655698 0.20014722929997017 
0.2 0.2 0.2 0.2 0.2 
0.20809231858751623 0.20809231858751623 0.167630725649935 0.20809231858751623 0.20809231858751623 
0.17610164953083024 0.17610164953083024 0.32795392431622783 0.14374112709128128 0.17610164953083024 
0.14977878531894168 0.22527837814184604 0.1225051076172484 0.2771593507801175 0.22527837814184604 
0.2 0.2 0.2 0.2 0.2 
0.23410279603810327 0.19147430099047413 0.19147430099047413 0.19147430099047413 0.19147430099047413 
0.08146535267730128 0.12357639494686375 0.5711552646891326 0.10022659273983858 0.12357639494686375 
0.08103045351880804 0.27931303098746135 0.08103045351880804 0.27931303098746135 0.27931303098746135 
0.08508701766505535 0.2634645108768647 0.05508485074984679 0.33289910983136867 0.2634645108768647 
0.3349193916910426 0.17628880541462438 0.094661923903067 0.2178410735766415 0.17628880541462438 
0.46287189623337455 0.13428202594165645 0.13428202594165645 0.13428202594165645 0.13428202594165645 
0.5698741772005067 0.10753145569987334 0.10753145569987334 0.10753145569987334 0.10753145569987334 
0.5832637967507228 0.06462631373998697 0.23495454832118862 0.0525290274481144 0.06462631373998697 
0.17751287348676775 0.2179298313239046 0.1185090094289195 0.26811845443650334 0.2179298313239046 
0.3506482451257912 0.1536879733092038 0.18828783494659718 0.1536879733092038 0.1536879733092038 
0.2138395576792909 0.1745442993828464 0.26252754417217034 0.1745442993828464 0.1745442993828464 
0.08281900062469048 0.08281900062469048 0.6984420504275882 0.053100947698339895 0.08281900062469048 
