0.08656714586969004 0.2467264112528929 0.19921293816116922 0.3062795962692977 0.16121390844694994 
0.23410279603810327 0.19147430099047413 0.19147430099047413 0.19147430099047413 0.19147430099047413 
0.21571185274517785 0.17643222088223307 0.21571185274517785 0.17643222088223307 0.21571185274517785 
0.04865454236587382 0.40019642364503644 0.20771335519636203 0.20771335519636203 0.13572232359636552 
0.1524518403685391 0.18639264855290003 0.1524518403685391 0.2803483382118881 0.22835533249813364 
0.12016566950802465 0.09746032504241205 0.04307770087542428 0.5553913010968967 0.18390500347724215 
0.22453136198566015 0.18364575867622646 0.22453136198566015 0.18364575867622646 0.18364575867622646 
0.22453136198566015 0.18364575867622646 0.22453136198566015 0.18364575867622646 0.18364575867622646 
0.17215544582248637 0.33168783809806024 0.2659205436782292 0.13900251703329308 0.09123365536793103 
0.18364575867622646 0.18364575867622646 0.22453136198566015 0.18364575867622646 0.22453136198566015 
0.08993484105266561 0.13583910907076135 0.0734083721085314 0.4938548196402182 0.20696285812782356 
0.16678424679364126 0.2498236298095381 0.2498236298095381 0.16678424679364126 0.16678424679364126 
0.24087937523083602 0.19661526726734233 0.24087937523083602 0.16081299113549283 0.16081299113549283 
0.21571185274517785 0.17643222088223307 0.21571185274517785 0.17643222088223307 0.21571185274517785 
0.04865454236587382 0.40019642364503644 0.20771335519636203 0.20771335519636203 0.13572232359636552 
0.1524518403685391 0.18639264855290003 0.1524518403685391 0.2803483382118881 0.22835533249813364 
0.12016566950802465 0.09746032504241205 0.04307770087542428 0.5553913010968967 0.18390500347724215 
0.22453136198566015 0.18364575867622646 0.22453136198566015 0.18364575867622646 0.18364575867622646 
0.22453136198566015 0.18364575867622646 0.22453136198566015 0.18364575867622646 0.18364575867622646 
0.17215544582248637 0.33168783809806024 0.2659205436782292 0.13900251703329308 0.09123365536793103 
0.3149430355956448 0.17126424110108873 0.17126424110108873 0.17126424110108873 0.17126424110108873 
0.12305684986350422 0.18432501568247656 0.12305684986350422 0.3432682908068691 0.22629299378364578 
0.19829319090211614 0.19829319090211614 0.1621853765171327 0.24293505077651895 0.19829319090211614 
0.27537717505274945 0.14974854996483358 0.27537717505274945 0.14974854996483358 0.14974854996483358 
0.1608129911354928 0.24087937523083602 0.24087937523083602 0.1608129911354928 0.1966152672673423 
0.22302275006234462 0.14889176582436528 0.22302275006234462 0.1820399839886009 0.22302275006234462 
0.2 0.2 0.2 0.2 0.2 
0.04351251508444603 0.12137858801288642 0.04351251508444603 0.5609972648409317 0.2305991169772899 
0.41085584857976054 0.14728603785505995 0.14728603785505995 0.14728603785505995 0.14728603785505995 
0.23410279603810327 0.19147430099047413 0.19147430099047413 0.19147430099047413 0.19147430099047413 
0.16976395521768495 0.2075590111955787 0.2075590111955787 0.2075590111955787 0.2075590111955787 
0.12920857411556824 0.23760558710514884 0.23760558710514884 0.15797466456898535 0.23760558710514884 
0.2 0.2 0.2 0.2 0.2 
0.22324406902635005 0.18184154019211066 0.22324406902635005 0.1484262527288394 0.22324406902635005 
6.733808794198963E-4 4.79959519018184E-5 0.9990772319741734 1.114244050079772E-4 8.996678949683787E-5 
8.608649205497868E-10 0.9939272037718813 0.0060727950934013715 1.5106497852719298E-10 1.2278739021739752E-10 
7.050018159073346E-19 2.1152309288485515E-15 1.3215020736826073E-18 0.9999999999966913 3.3065465827838454E-12 
1.789490759011871E-5 7.843279178808436E-6 1.1796872360482581E-5 8.270811497306265E-5 0.9998797568258976 
0.7138711346963674 0.03888275316752609 0.17675900015256046 0.03888275316752609 0.03160435881602 
0.23830553427175086 0.09499757291084641 0.6249025041207205 0.02089719434834107 0.02089719434834107 
0.9999975736297446 4.071279506092328E-7 1.4801488466320627E-6 2.695467290429991E-7 2.695467290429991E-7 
0.999999411518412 1.781617699754082E-7 3.5942960842178883E-7 2.0219242716207916E-8 3.0670966752235084E-8 
0.04351340617143865 0.747368861739761 0.11685387061172409 0.07087360936810559 0.021390252108970463 
0.30337560614524467 0.16497393840375685 0.20170257864348454 0.16497393840375685 0.16497393840375685 
0.07701700598186666 0.45881584891383875 0.45881584891383875 0.002675648095227993 0.002675648095227993 
0.18364575867622646 0.22453136198566015 0.22453136198566015 0.18364575867622646 0.18364575867622646 
0.2 0.2 0.2 0.2 0.2 
0.2520355018974585 0.16826091023203954 0.20572133881923121 0.16826091023203954 0.20572133881923121 
0.2 0.2 0.2 0.2 0.2 
0.2 0.2 0.2 0.2 0.2 
0.19147430099047413 0.19147430099047413 0.23410279603810327 0.19147430099047413 0.19147430099047413 
0.2 0.2 0.2 0.2 0.2 
0.05938367917797792 0.2101029103003473 0.6423970867152181 0.03964501761136508 0.04847130619509157 
0.11525355852531413 0.41329598116822475 0.332148642489475 0.0626742331282427 0.07662758468874359 
0.6428115412013314 0.08781740198944354 0.04715537214593958 0.13439828267384185 0.08781740198944354 
0.06806080011153759 0.46732437221803985 0.3737389622334373 0.04543793271849248 0.04543793271849248 
0.14923332891828292 0.2761500066225756 0.2761500066225756 0.14923332891828292 0.14923332891828292 
0.2 0.2 0.2 0.2 0.2 
0.06140503659074569 0.2661652409961551 0.2661652409961551 0.2661652409961551 0.14009924042078903 
0.20178083409653821 0.24825038887155787 0.3060853139100098 0.10972727609273807 0.1341561870291557 
0.14644138030274395 0.17940981229754868 0.11977542090092876 0.33411471250028274 0.22025867399849586 
0.2 0.2 0.2 0.2 0.2 
0.17480934314738605 0.17480934314738605 0.26184430166078543 0.17480934314738605 0.2137276688970563 
0.13405484397311077 0.3907323108809713 0.3140151672151515 0.07244414319739834 0.08875353473336828 
0.11257159330989736 0.1382024179993788 0.09188538406048896 0.39828484356233024 0.2590557610679046 
0.03293889021995892 0.18422285784401485 0.04996565009737192 0.5855418315997417 0.14733077023891275 
0.6689475229535666 0.058660519314926926 0.08937447263700316 0.11069081704677096 0.0723266680477321 
0.23410279603810327 0.19147430099047413 0.19147430099047413 0.19147430099047413 0.19147430099047413 
0.26184430166078543 0.17480934314738605 0.17480934314738605 0.17480934314738605 0.2137276688970563 
0.3141743460733272 0.2530861012571039 0.3141743460733272 0.05928260329812083 0.05928260329812083 
0.20014722929997017 0.16302820764655698 0.13307006707330668 0.303607266680196 0.20014722929997017 
0.3655383795103324 0.15884316807997895 0.23991941478304346 0.10604496526902832 0.129654072357617 
0.18981930412587236 0.232553433006913 0.232553433006913 0.15525452573442944 0.18981930412587236 
0.2082608505101223 0.2082608505101223 0.5461170987564168 0.02251718241765512 0.014844017805683334 
