0.1588167948361244 0.24305779950430395 0.19625081131914288 0.1588167948361244 0.24305779950430395 
0.3149430355956448 0.17126424110108873 0.17126424110108873 0.17126424110108873 0.17126424110108873 
0.232553433006913 0.15525452573442944 0.18981930412587233 0.232553433006913 0.18981930412587233 
0.07327992482187996 0.49299069052578 0.1671925036713544 0.05993615889841913 0.20660072208256652 
0.1524518403685391 0.18639264855290003 0.22835533249813364 0.1524518403685391 0.28034833821188815 
0.09231125925601884 0.11357028089479489 0.33102554884421226 0.050198340571867395 0.4128945704331064 
0.19147430099047413 0.19147430099047413 0.19147430099047413 0.23410279603810322 0.19147430099047413 
0.19147430099047413 0.19147430099047413 0.19147430099047413 0.23410279603810322 0.19147430099047413 
0.549734987341256 0.2214482304004909 0.06091128227687268 0.09280370843484621 0.07510179154653412 
0.17126424110108873 0.17126424110108873 0.17126424110108873 0.3149430355956448 0.17126424110108873 
0.0733658808163818 0.13491475549657314 0.3132096721147199 0.08969954580885346 0.3888101457634715 
0.2137276688970563 0.26184430166078543 0.17480934314738608 0.17480934314738608 0.17480934314738608 
0.28034833821188815 0.18639264855290003 0.1524518403685391 0.22835533249813364 0.1524518403685391 
0.232553433006913 0.15525452573442944 0.18981930412587233 0.232553433006913 0.18981930412587233 
0.07327992482187996 0.49299069052578 0.1671925036713544 0.05993615889841913 0.20660072208256652 
0.1524518403685391 0.18639264855290003 0.22835533249813364 0.1524518403685391 0.28034833821188815 
0.09231125925601884 0.11357028089479489 0.33102554884421226 0.050198340571867395 0.4128945704331064 
0.19147430099047413 0.19147430099047413 0.19147430099047413 0.23410279603810322 0.19147430099047413 
0.19147430099047413 0.19147430099047413 0.19147430099047413 0.23410279603810322 0.19147430099047413 
0.549734987341256 0.2214482304004909 0.06091128227687268 0.09280370843484621 0.07510179154653412 
0.3149430355956448 0.17126424110108873 0.17126424110108873 0.17126424110108873 0.17126424110108873 
0.11696144667357297 0.17519480237195117 0.26461720051406706 0.11696144667357297 0.3262651037668358 
0.24087937523083602 0.16081299113549283 0.1966152672673423 0.16081299113549283 0.24087937523083602 
0.12093146915844531 0.12093146915844531 0.12093146915844531 0.5162741233662188 0.12093146915844531 
0.17126424110108873 0.3149430355956448 0.17126424110108873 0.17126424110108873 0.17126424110108873 
0.22025867399849586 0.11977542090092873 0.17940981229754868 0.33411471250028274 0.14644138030274395 
0.2 0.2 0.2 0.2 0.2 
0.047299934065600874 0.1070128362200507 0.3119124348731058 0.047299934065600874 0.48647486077564156 
0.6728086840532764 0.08179782898668078 0.08179782898668078 0.08179782898668078 0.08179782898668078 
0.23410279603810327 0.19147430099047413 0.19147430099047413 0.19147430099047413 0.19147430099047413 
0.17643222088223307 0.21571185274517785 0.21571185274517785 0.17643222088223307 0.21571185274517785 
0.14320597184207143 0.3239936273317957 0.21450608426018808 0.14320597184207143 0.17508834472387344 
0.2 0.2 0.2 0.2 0.2 
0.1287532305998291 0.10487483882144909 0.10487483882144909 0.5758941029387475 0.08560298881852545 
1.9352984999785172E-23 6.723421248528252E-25 1.5608674951748795E-24 1.0 1.5608674951748795E-24 
1.461228759102481E-11 0.9999999999628184 7.79543936508944E-12 5.1828828348337245E-12 9.590706979049509E-12 
7.385513135268033E-13 6.711715598406016E-10 9.424037798862099E-4 1.7145746134158122E-12 0.9990575955464891 
4.263325545306133E-4 2.834518460502674E-4 0.942550158732146 6.467122329424334E-4 0.05609334463433081 
0.3624710572520625 0.015492650419242707 0.012592608366782053 0.5939510335426701 0.015492650419242707 
0.208058899757605 0.024670951782540116 0.005427019431771488 0.7564161095963119 0.005427019431771488 
1.0 2.157622319035676E-26 1.4284945008957274E-26 3.961304608498247E-25 1.4284945008957274E-26 
0.31504952198262276 0.39700397257917447 0.043988506454290074 0.19996949252962262 0.043988506454290074 
0.005361946216905085 0.896048456197921 0.04105780268997674 0.005361946216905085 0.05216984867829204 
0.46872093297725276 0.10979266340267105 0.10979266340267105 0.20190107681473404 0.10979266340267105 
0.023663422912778707 0.9489499424297257 0.004230999880657872 0.01892463489617982 0.004230999880657872 
0.19147430099047413 0.23410279603810327 0.19147430099047413 0.19147430099047413 0.19147430099047413 
0.23410279603810327 0.19147430099047413 0.19147430099047413 0.19147430099047413 0.19147430099047413 
0.2664925875830114 0.14491716155955217 0.1771805017148727 0.2664925875830114 0.14491716155955217 
0.2 0.2 0.2 0.2 0.2 
0.2 0.2 0.2 0.2 0.2 
0.19147430099047413 0.19147430099047413 0.19147430099047413 0.23410279603810322 0.19147430099047413 
0.2 0.2 0.2 0.2 0.2 
0.05917764095502346 0.21220933648096788 0.03934489964546415 0.6570876565394523 0.03218046637909196 
0.11302899450508054 0.6096294092288855 0.09244719875534471 0.09244719875534471 0.09244719875534471 
0.7536851078432578 0.06431370800479094 0.07947281260716993 0.023055558937611152 0.07947281260716993 
0.05919688922596457 0.7632124430961414 0.05919688922596457 0.05919688922596457 0.05919688922596457 
0.13250952262023352 0.2997936492277017 0.16201051309028822 0.24367580197148817 0.16201051309028822 
0.2 0.2 0.2 0.2 0.2 
0.048519862530233014 0.25713607760013607 0.1672485994820296 0.31995707310128324 0.20713838728631814 
0.2568300573905737 0.2568300573905737 0.13879269785081963 0.2087544895172132 0.13879269785081963 
0.15340192717241763 0.15340192717241763 0.2838638225900296 0.1254685004751054 0.2838638225900296 
0.2 0.2 0.2 0.2 0.2 
0.14260975970711393 0.14260975970711393 0.1743593961020298 0.3978113247766285 0.14260975970711393 
0.08465425355777617 0.5582399821731294 0.12680234080372949 0.12680234080372949 0.10350108266163556 
0.12190019300601435 0.12190019300601435 0.28299587648220303 0.12190019300601435 0.35130354449975354 
0.04067104025221521 0.18191553044934836 0.28514550047370946 0.04067104025221521 0.45159688857251157 
0.9271260848467544 0.00704654063153813 0.013208502229007515 0.03941037006369244 0.013208502229007515 
0.2 0.2 0.2 0.2 0.2 
0.26184430166078543 0.17480934314738608 0.21372766889705624 0.17480934314738608 0.17480934314738608 
0.15914463089089828 0.3694602378864513 0.08654194998563579 0.29831123125137854 0.08654194998563579 
0.12128003809683939 0.1816635559009322 0.2743877155435042 0.14828097491522016 0.2743877155435042 
0.11406369730399138 0.1708543069132711 0.11406369730399138 0.48695460117475475 0.11406369730399138 
0.19829319090211614 0.24293505077651895 0.19829319090211614 0.19829319090211614 0.1621853765171327 
0.34531132427572403 0.27176088445559715 0.0188082334964774 0.34531132427572403 0.0188082334964774 
