0.2097703405146981 0.2097703405146981 0.2598018169915086 0.2598018169915086 0.06085568498758597 
0.19147430099047413 0.23410279603810327 0.19147430099047413 0.19147430099047413 0.19147430099047413 
0.16678424679364126 0.2498236298095381 0.16678424679364126 0.16678424679364126 0.2498236298095381 
0.23290056255936606 0.15077849806230703 0.2905013769098374 0.2905013769098374 0.035318185558652154 
0.1490824656421867 0.3372887889636851 0.18227313987597063 0.18227313987597063 0.1490824656421867 
0.12464558568048832 0.18670475931077338 0.28200203466412505 0.28200203466412505 0.12464558568048832 
0.19147430099047413 0.23410279603810327 0.19147430099047413 0.19147430099047413 0.19147430099047413 
0.19147430099047413 0.23410279603810327 0.19147430099047413 0.19147430099047413 0.19147430099047413 
0.08813026362224044 0.7248946265139014 0.08813026362224044 0.08813026362224044 0.010714582619376972 
0.21571185274517785 0.21571185274517785 0.17643222088223307 0.17643222088223307 0.21571185274517785 
0.13303548490794434 0.24464301006137035 0.24464301006137035 0.24464301006137035 0.13303548490794434 
0.12391496618889324 0.5455284821858521 0.12391496618889324 0.12391496618889324 0.0827266192474682 
0.1937088773914259 0.3607438470034735 0.15811284242942708 0.15811284242942708 0.12932159074624627 
0.16678424679364126 0.2498236298095381 0.16678424679364126 0.16678424679364126 0.2498236298095381 
0.23290056255936606 0.15077849806230703 0.2905013769098374 0.2905013769098374 0.035318185558652154 
0.1490824656421867 0.3372887889636851 0.18227313987597063 0.18227313987597063 0.1490824656421867 
0.12464558568048832 0.18670475931077338 0.28200203466412505 0.28200203466412505 0.12464558568048832 
0.19147430099047413 0.23410279603810327 0.19147430099047413 0.19147430099047413 0.19147430099047413 
0.19147430099047413 0.23410279603810327 0.19147430099047413 0.19147430099047413 0.19147430099047413 
0.08813026362224044 0.7248946265139014 0.08813026362224044 0.08813026362224044 0.010714582619376972 
0.17126424110108873 0.3149430355956448 0.17126424110108873 0.17126424110108873 0.17126424110108873 
0.16678424679364126 0.16678424679364126 0.2498236298095381 0.2498236298095381 0.16678424679364126 
0.17480934314738605 0.26184430166078543 0.17480934314738605 0.17480934314738605 0.2137276688970563 
0.20170257864348456 0.30337560614524467 0.16497393840375685 0.16497393840375685 0.16497393840375685 
0.23096172133786688 0.15355741799319986 0.23096172133786688 0.23096172133786688 0.15355741799319986 
0.19661526726734233 0.24087937523083602 0.16081299113549283 0.16081299113549283 0.24087937523083602 
0.2 0.2 0.2 0.2 0.2 
0.12907397900620568 0.157810104148752 0.29202096891941826 0.29202096891941826 0.12907397900620568 
0.15968239858692226 0.3612704056523108 0.15968239858692226 0.15968239858692226 0.15968239858692226 
0.18188812442370433 0.27244750230518255 0.18188812442370433 0.18188812442370433 0.18188812442370433 
0.18789995867687906 0.28261544419331086 0.18789995867687906 0.18789995867687906 0.1536846797760521 
0.1974725522032017 0.10671550109919131 0.1974725522032017 0.1974725522032017 0.300866842291204 
0.2 0.2 0.2 0.2 0.2 
0.15678858767432127 0.2938949078800902 0.1277107982827492 0.1277107982827492 0.2938949078800902 
0.36681877265395507 0.6166968947240367 0.004687150752245956 0.004687150752245956 0.007110031117516098 
0.9728363138225139 2.783719907457685E-13 0.013581843088583479 0.013581843088583479 4.054190524854277E-14 
0.0011104130850547592 7.320183893564215E-4 0.4988797505332691 0.4988797505332691 3.98067459050371E-4 
1.5706463139489479E-34 2.925013046412128E-34 1.2820236041529118E-34 1.2820236041529118E-34 1.0 
0.0341385823038114 0.9270645512687037 0.014573953114389035 0.014573953114389035 0.009648960198706858 
3.6441712628925847E-10 0.9999999993791182 1.13111609872645E-10 1.13111609872645E-10 3.0241515730300314E-11 
6.945030878873715E-5 0.9998471534003414 2.9648728088919218E-5 2.9648728088919218E-5 2.409883469217397E-5 
0.3879707425042525 0.19071805044114407 0.19071805044114407 0.19071805044114407 0.03987510617231557 
0.2229050525539121 0.0044453311470736105 0.3855710149659737 0.3855710149659737 0.0015075863670667535 
0.1594119178805977 0.44943574140873904 0.13038411357022106 0.13038411357022106 0.13038411357022106 
0.44857869052065796 0.25535802484384146 0.1476267451092064 0.1476267451092064 8.097944170873979E-4 
0.2075590111955787 0.2075590111955787 0.2075590111955787 0.2075590111955787 0.16976395521768498 
0.09438991265851776 0.6224403493659293 0.09438991265851776 0.09438991265851776 0.09438991265851776 
0.20572133881923121 0.20572133881923121 0.1682609102320395 0.1682609102320395 0.2520355018974585 
0.2 0.2 0.2 0.2 0.2 
0.19147430099047413 0.19147430099047413 0.19147430099047413 0.19147430099047413 0.23410279603810327 
0.19147430099047413 0.23410279603810327 0.19147430099047413 0.19147430099047413 0.19147430099047413 
0.19147430099047413 0.23410279603810327 0.19147430099047413 0.19147430099047413 0.19147430099047413 
0.5002972250821193 0.046247859030344125 0.20360352842859647 0.20360352842859647 0.046247859030344125 
0.3408095479685225 0.06206409516891911 0.27323359459362434 0.27323359459362434 0.05065916767530981 
0.12936149336807298 0.37280622795850066 0.196230992317588 0.196230992317588 0.10537029403825016 
0.3683562326475681 0.022732807530683595 0.29308907614553215 0.29308907614553215 0.022732807530683595 
0.28582104065922437 0.125274422669035 0.23181505700135263 0.23181505700135263 0.125274422669035 
0.2 0.2 0.2 0.2 0.2 
0.22102329041940413 0.17845960982818238 0.27437242657568606 0.27437242657568606 0.0517722466010413 
0.26189660671555826 0.17265028195915083 0.21241115305647673 0.21241115305647673 0.14063080521233717 
0.16976395521768495 0.2075590111955787 0.2075590111955787 0.2075590111955787 0.2075590111955787 
0.2 0.2 0.2 0.2 0.2 
0.20572133881923121 0.20572133881923121 0.1682609102320395 0.1682609102320395 0.2520355018974585 
0.3369664698125331 0.06136424045582007 0.27015252463791345 0.27015252463791345 0.06136424045582007 
0.16794486262638186 0.16794486262638186 0.20575438593822215 0.20575438593822215 0.2526015028707924 
0.13576626702392502 0.1681473308973274 0.32396549758177295 0.32396549758177295 0.04815540691520182 
0.09569579809076185 0.6853816570373638 0.0777826695299897 0.0777826695299897 0.06335720581189477 
0.14728603785505995 0.41085584857976054 0.14728603785505995 0.14728603785505995 0.14728603785505995 
0.11406369730399138 0.48695460117475475 0.11406369730399138 0.11406369730399138 0.1708543069132711 
0.24962023087874383 0.3893206986535275 0.16160271613027832 0.16160271613027832 0.037853638207172025 
0.17643222088223307 0.21571185274517785 0.21571185274517785 0.21571185274517785 0.17643222088223307 
0.22103155461965 0.271934495825114 0.1800393555734274 0.1800393555734274 0.14695523840838146 
0.2 0.2 0.2 0.2 0.2 
0.45031677734853437 0.10785330374344003 0.21758691966773624 0.21758691966773624 0.0066560795725527895 
