0.2546528250566726 0.2060788701948163 0.07387637387069906 0.07387637387069906 0.39151555700711305 
0.15968239858692226 0.3612704056523108 0.15968239858692226 0.15968239858692226 0.15968239858692226 
0.18981930412587236 0.18981930412587236 0.232553433006913 0.232553433006913 0.15525452573442944 
0.3216649704600934 0.09331701548384053 0.09331701548384053 0.09331701548384053 0.3983839830883848 
0.17126424110108873 0.17126424110108873 0.17126424110108873 0.17126424110108873 0.3149430355956448 
0.06788792019140345 0.06788792019140345 0.08300201046201926 0.08300201046201926 0.6982201386931542 
0.23410279603810327 0.19147430099047413 0.19147430099047413 0.19147430099047413 0.19147430099047413 
0.23410279603810327 0.19147430099047413 0.19147430099047413 0.19147430099047413 0.19147430099047413 
0.5119144379264304 0.11627964870521479 0.07762922042848346 0.07762922042848346 0.21654747251138814 
0.21571185274517785 0.17643222088223307 0.21571185274517785 0.21571185274517785 0.17643222088223307 
0.11302899450508057 0.09244719875534471 0.09244719875534471 0.09244719875534471 0.6096294092288856 
0.18853420526661 0.4338649795798895 0.12586693838450025 0.12586693838450025 0.12586693838450025 
0.27244750230518255 0.18188812442370433 0.18188812442370433 0.18188812442370433 0.18188812442370433 
0.18981930412587236 0.18981930412587236 0.232553433006913 0.232553433006913 0.15525452573442944 
0.3216649704600934 0.09331701548384053 0.09331701548384053 0.09331701548384053 0.3983839830883848 
0.17126424110108873 0.17126424110108873 0.17126424110108873 0.17126424110108873 0.3149430355956448 
0.06788792019140345 0.06788792019140345 0.08300201046201926 0.08300201046201926 0.6982201386931542 
0.23410279603810327 0.19147430099047413 0.19147430099047413 0.19147430099047413 0.19147430099047413 
0.23410279603810327 0.19147430099047413 0.19147430099047413 0.19147430099047413 0.19147430099047413 
0.5119144379264304 0.11627964870521479 0.07762922042848346 0.07762922042848346 0.21654747251138814 
0.2 0.2 0.2 0.2 0.2 
0.14728603785505995 0.14728603785505995 0.14728603785505995 0.14728603785505995 0.4108558485797606 
0.1682609102320395 0.1682609102320395 0.20572133881923121 0.20572133881923121 0.2520355018974585 
0.22193374646944838 0.41600730602667685 0.12068631583462498 0.12068631583462498 0.12068631583462498 
0.24293505077651895 0.19829319090211614 0.19829319090211614 0.19829319090211614 0.1621853765171327 
0.2526015028707924 0.16794486262638186 0.20575438593822215 0.20575438593822215 0.16794486262638186 
0.2 0.2 0.2 0.2 0.2 
0.05767662789171134 0.05767662789171134 0.07051734768401444 0.07051734768401444 0.7436120488485481 
0.2 0.2 0.2 0.2 0.2 
0.2 0.2 0.2 0.2 0.2 
0.22453136198566015 0.18364575867622646 0.18364575867622646 0.18364575867622646 0.22453136198566015 
0.15591397378928773 0.15591397378928773 0.29225547371600086 0.29225547371600086 0.1036611049894227 
0.2 0.2 0.2 0.2 0.2 
0.16055656062344129 0.13077996830575803 0.3009578458094536 0.3009578458094536 0.10674777945189327 
0.999805849343934 1.3097862841709087E-4 1.789358486350991E-5 1.789358486350991E-5 2.7384857921707482E-5 
0.9999996685242021 8.588835449185694E-8 6.995962192178911E-8 6.995962192178911E-8 1.0566819934910506E-7 
1.4009458710010948E-15 7.473839070803229E-16 9.195043047560547E-16 9.195043047560547E-16 0.999999999999996 
1.0109627307433886E-28 2.9621698664506728E-24 0.5 0.5 2.2835366347179214E-27 
3.7612495397177536E-7 0.9999994995258588 2.9173302187086463E-8 2.9173302187086463E-8 6.600258268045164E-8 
0.6815260921437651 0.25686001643252154 0.021918464253883795 0.021918464253883795 0.017776962915946163 
0.41035440096972164 0.41035440096972164 0.05976373268685218 0.05976373268685218 0.05976373268685218 
0.5391945730269908 0.26944528211979046 0.07203888041957275 0.07203888041957275 0.04728238401407318 
0.5828057028301646 0.015201935018840441 0.02316148819066334 0.02316148819066334 0.3556693857696683 
0.20170257864348456 0.30337560614524467 0.16497393840375685 0.16497393840375685 0.16497393840375685 
0.9031844629775794 0.07622181373008971 0.006864574430777043 0.006864574430777043 0.006864574430777043 
0.23410279603810327 0.19147430099047413 0.19147430099047413 0.19147430099047413 0.19147430099047413 
0.2 0.2 0.2 0.2 0.2 
0.18981930412587236 0.18981930412587236 0.232553433006913 0.232553433006913 0.15525452573442944 
0.2 0.2 0.2 0.2 0.2 
0.18364575867622646 0.18364575867622646 0.22453136198566015 0.22453136198566015 0.18364575867622646 
0.23410279603810327 0.19147430099047413 0.19147430099047413 0.19147430099047413 0.19147430099047413 
0.2 0.2 0.2 0.2 0.2 
0.756401310681013 0.057073358977795946 0.0699223170406373 0.0699223170406373 0.046680696259916575 
0.4898949146635356 0.11475243302381828 0.14030010964441392 0.14030010964441392 0.11475243302381828 
0.15000700000156245 0.12244164270608669 0.15000700000156245 0.15000700000156245 0.42753735728922604 
0.6224403493659293 0.09438991265851776 0.09438991265851776 0.09438991265851776 0.09438991265851776 
0.3264535747129339 0.1442932745717498 0.17641771690510538 0.17641771690510538 0.17641771690510538 
0.2 0.2 0.2 0.2 0.2 
0.42164926106642653 0.07956240280965737 0.07956240280965737 0.07956240280965737 0.3396635305046012 
0.3024303120817227 0.16343538350674464 0.20022968519625128 0.20022968519625128 0.13367493401903027 
0.13367493401903027 0.16343538350674464 0.20022968519625128 0.20022968519625128 0.3024303120817228 
0.2 0.2 0.2 0.2 0.2 
0.22302275006234462 0.18203998398860094 0.22302275006234462 0.22302275006234462 0.14889176582436528 
0.4934160511631168 0.1138324093812465 0.13945956503719517 0.13945956503719517 0.1138324093812465 
0.0996462636732148 0.0996462636732148 0.18439122528950003 0.18439122528950003 0.43192502207457034 
0.08114962328961234 0.08114962328961234 0.043574970325180915 0.043574970325180915 0.7505508127704135 
0.27464357757772256 0.1465182876179774 0.11934521352779541 0.11934521352779541 0.34014770774870895 
0.2 0.2 0.2 0.2 0.2 
0.1608129911354928 0.19661526726734233 0.24087937523083602 0.24087937523083602 0.1608129911354928 
0.5017597665200488 0.2142040711261039 0.09467872078461574 0.09467872078461574 0.09467872078461574 
0.18853059752140414 0.15420048366210765 0.15420048366210765 0.15420048366210765 0.34886795149227273 
0.24713300368372246 0.37652891814428324 0.13355234452593018 0.13355234452593018 0.1092333891201339 
0.22302275006234462 0.18203998398860094 0.22302275006234462 0.22302275006234462 0.14889176582436528 
0.8441816671506739 0.10263278295886855 0.01247775040345927 0.01247775040345927 0.02823004908353873 
