0.13711015167104065 0.20889940358336664 0.32117203621909124 0.07409525211536722 0.25872315641113397 
0.2901978891013846 0.1578079704226164 0.236378199630766 0.1578079704226164 0.1578079704226164 
0.20572133881923121 0.1682609102320395 0.20572133881923121 0.2520355018974585 0.1682609102320395 
0.049958417239380506 0.26475984848557343 0.21327978767240294 0.061080808760644166 0.410921137841999 
0.15420048366210765 0.15420048366210765 0.3488679514922727 0.15420048366210765 0.18853059752140414 
0.15912933433150755 0.15912933433150755 0.19455677292453688 0.19455677292453688 0.292627785487911 
0.19147430099047413 0.19147430099047413 0.23410279603810327 0.19147430099047413 0.19147430099047413 
0.19147430099047413 0.19147430099047413 0.23410279603810327 0.19147430099047413 0.19147430099047413 
0.028882689374468577 0.1586021077571014 0.6303379024020374 0.023575192709291776 0.1586021077571014 
0.2075590111955787 0.2075590111955787 0.2075590111955787 0.2075590111955787 0.16976395521768498 
0.1524518403685391 0.1524518403685391 0.2803483382118881 0.1863926485529 0.22835533249813364 
0.12134102580388383 0.0651565760171318 0.7048467726005486 0.043499049561304036 0.0651565760171318 
0.14320597184207143 0.21450608426018808 0.3239936273317957 0.14320597184207143 0.1750883447238734 
0.20572133881923121 0.1682609102320395 0.20572133881923121 0.2520355018974585 0.1682609102320395 
0.049958417239380506 0.26475984848557343 0.21327978767240294 0.061080808760644166 0.410921137841999 
0.15420048366210765 0.15420048366210765 0.3488679514922727 0.15420048366210765 0.18853059752140414 
0.15912933433150755 0.15912933433150755 0.19455677292453688 0.19455677292453688 0.292627785487911 
0.19147430099047413 0.19147430099047413 0.23410279603810327 0.19147430099047413 0.19147430099047413 
0.19147430099047413 0.19147430099047413 0.23410279603810327 0.19147430099047413 0.19147430099047413 
0.028882689374468577 0.1586021077571014 0.6303379024020374 0.023575192709291776 0.1586021077571014 
0.18188812442370433 0.18188812442370433 0.27244750230518255 0.18188812442370433 0.18188812442370433 
0.18364575867622646 0.18364575867622646 0.18364575867622646 0.22453136198566015 0.22453136198566015 
0.21571185274517785 0.17643222088223307 0.21571185274517785 0.21571185274517785 0.17643222088223307 
0.286561837175566 0.15387531137008975 0.3541060824004056 0.1027283845269694 0.1027283845269694 
0.16644063976223641 0.2503390403566456 0.16644063976223641 0.16644063976223641 0.2503390403566456 
0.18981930412587236 0.232553433006913 0.18981930412587236 0.232553433006913 0.15525452573442944 
0.2 0.2 0.2 0.2 0.2 
0.15912933433150755 0.15912933433150755 0.19455677292453688 0.19455677292453688 0.292627785487911 
0.19147430099047413 0.19147430099047413 0.23410279603810327 0.19147430099047413 0.19147430099047413 
0.18188812442370433 0.18188812442370433 0.27244750230518255 0.18188812442370433 0.18188812442370433 
0.15912933433150755 0.19455677292453688 0.292627785487911 0.15912933433150755 0.19455677292453688 
0.16666884903068296 0.20505221306026844 0.1108116010254812 0.312415123823299 0.20505221306026844 
0.2 0.2 0.2 0.2 0.2 
0.15646058967968146 0.15646058967968146 0.29328008672601646 0.23733814423493907 0.15646058967968146 
0.012660478057224318 0.7373406591660655 0.24638251803343666 0.002179531004963227 0.0014368137383097247 
1.9259564859954114E-14 0.0011937696385378215 1.077161997760022E-13 1.5687713240661897E-14 0.9988062303613194 
0.005901812846607601 0.010990940112040428 0.008914198208412688 0.020880957062358627 0.9533120917705806 
4.1671830805833815E-16 1.7269438853103387E-22 2.608405330458997E-22 0.9999999999999996 1.409599859849387E-22 
0.40588947053605584 8.186482366861846E-6 0.5940982928744588 1.241438406709567E-6 2.80866871210096E-6 
8.20834892418665E-12 2.1278832038676188E-11 0.9999999999642086 1.1213797994319867E-12 5.1828828348409155E-12 
0.13145049768808592 0.13145049768808592 0.6516349358524312 0.02985853994509325 0.05560552882630351 
0.10492427854476824 0.33349582650816034 0.2632071061452788 0.035165682656513646 0.2632071061452788 
0.0018872852536714322 0.2018321570690823 0.005500907737481929 0.003561256347010464 0.7872183935927539 
0.21612669142229762 0.14369418664693578 0.40512217762892616 0.11752847215092019 0.11752847215092019 
0.002896502717350786 0.16027930649862088 0.6761317486111201 4.131356742867003E-4 0.16027930649862088 
0.17643222088223307 0.21571185274517785 0.21571185274517785 0.17643222088223307 0.21571185274517785 
0.09438991265851776 0.09438991265851776 0.6224403493659293 0.09438991265851776 0.09438991265851776 
0.20572133881923121 0.20572133881923121 0.16826091023203954 0.2520355018974585 0.16826091023203954 
0.2 0.2 0.2 0.2 0.2 
0.22453136198566015 0.18364575867622646 0.18364575867622646 0.22453136198566015 0.18364575867622646 
0.19147430099047413 0.19147430099047413 0.23410279603810327 0.19147430099047413 0.19147430099047413 
0.19147430099047413 0.19147430099047413 0.23410279603810327 0.19147430099047413 0.19147430099047413 
0.04309272679034943 0.5711140120160114 0.04309272679034943 0.05279421710491267 0.2899063172983769 
0.06516272351898433 0.3514594889264277 0.07983284486372039 0.06516272351898433 0.4383822191718834 
0.14116843386821215 0.2123277723139169 0.1729497644059033 0.2123277723139169 0.26122625709805086 
0.031156037601430195 0.40168792458359576 0.031156037601430195 0.031156037601430195 0.5048439626121133 
0.14923332891828292 0.2761500066225756 0.14923332891828292 0.14923332891828292 0.2761500066225756 
0.2 0.2 0.2 0.2 0.2 
0.06146714125525674 0.32575153307208515 0.2118780382508312 0.07515175434974185 0.32575153307208515 
0.1359222350611597 0.31011465745522115 0.1359222350611597 0.16652248585046306 0.25151838657199616 
0.19829319090211614 0.16218537651713266 0.19829319090211614 0.24293505077651895 0.19829319090211614 
0.2 0.2 0.2 0.2 0.2 
0.19829319090211614 0.19829319090211614 0.19829319090211614 0.24293505077651895 0.16218537651713272 
0.06422059953103239 0.3463780804549961 0.07867861996164664 0.07867861996164664 0.4320440800906783 
0.20022968519625128 0.16343538350674464 0.13367493401903027 0.3024303120817227 0.20022968519625128 
0.13118364665369717 0.16210437387404 0.3101158464841246 0.08648028650401345 0.3101158464841246 
0.16113627440354852 0.24443078230860452 0.30204449969497343 0.13125216918932486 0.16113627440354852 
0.14728603785505995 0.14728603785505995 0.4108558485797606 0.14728603785505995 0.14728603785505995 
0.14969431658593582 0.12243602005451319 0.4220385593119012 0.1833950839931366 0.12243602005451319 
0.059441877131012955 0.21315687988885143 0.5237718439292866 0.03232415651679171 0.17130524253405754 
0.18364575867622646 0.18364575867622646 0.22453136198566015 0.18364575867622646 0.22453136198566015 
0.27143740941640626 0.178156680851535 0.33617684937165465 0.09627707374580648 0.11795198661459727 
0.16947652256558415 0.20763086935860398 0.20763086935860398 0.20763086935860398 0.20763086935860398 
0.04958520348499576 0.5087208863537364 0.12184140373272316 0.007519343871057468 0.3123331625574871 
