0.15649269290731405 0.2993803484120783 0.1938171328866467 0.15649269290731405 0.1938171328866467 
0.15420048366210765 0.15420048366210765 0.15420048366210765 0.1885305975214041 0.3488679514922727 
0.20572133881923121 0.1682609102320395 0.1682609102320395 0.2520355018974585 0.20572133881923121 
0.17568026643621343 0.2180848041493783 0.42323523828303805 0.14184854339660724 0.04115114773476276 
0.14081806755833332 0.31859115870106947 0.14081806755833332 0.25895463862393014 0.14081806755833332 
0.04752251216357526 0.7700418667115858 0.04752251216357526 0.0873905967976882 0.04752251216357526 
0.19147430099047413 0.19147430099047413 0.19147430099047413 0.23410279603810322 0.19147430099047413 
0.19147430099047413 0.19147430099047413 0.19147430099047413 0.23410279603810322 0.19147430099047413 
0.08994169590447719 0.037692434515097434 0.11246337904832235 0.7397941340578216 0.02010835647428142 
0.22453136198566015 0.18364575867622646 0.18364575867622646 0.22453136198566015 0.18364575867622646 
0.07966873770161792 0.6701803580165825 0.06516161327576732 0.1198276777302648 0.06516161327576732 
0.10771837921457053 0.07191364866818552 0.13224420151401373 0.38111388986168837 0.30700988074154173 
0.19239963954142386 0.12844753312066143 0.19239963954142386 0.3583056546758295 0.12844753312066143 
0.20572133881923121 0.1682609102320395 0.1682609102320395 0.2520355018974585 0.20572133881923121 
0.17568026643621343 0.2180848041493783 0.42323523828303805 0.14184854339660724 0.04115114773476276 
0.14081806755833332 0.31859115870106947 0.14081806755833332 0.25895463862393014 0.14081806755833332 
0.04752251216357526 0.7700418667115858 0.04752251216357526 0.0873905967976882 0.04752251216357526 
0.19147430099047413 0.19147430099047413 0.19147430099047413 0.23410279603810322 0.19147430099047413 
0.19147430099047413 0.19147430099047413 0.19147430099047413 0.23410279603810322 0.19147430099047413 
0.08994169590447719 0.037692434515097434 0.11246337904832235 0.7397941340578216 0.02010835647428142 
0.17126424110108873 0.17126424110108873 0.17126424110108873 0.3149430355956448 0.17126424110108873 
0.13428202594165645 0.46287189623337455 0.13428202594165645 0.13428202594165645 0.13428202594165645 
0.16678424679364126 0.2498236298095381 0.16678424679364126 0.2498236298095381 0.16678424679364126 
0.18487274187727995 0.10053275119422157 0.10053275119422157 0.18487274187727995 0.4291890138569969 
0.21450608426018808 0.14320597184207143 0.32399362733179565 0.1750883447238734 0.14320597184207143 
0.232553433006913 0.18981930412587236 0.15525452573442944 0.232553433006913 0.18981930412587236 
0.2 0.2 0.2 0.2 0.2 
0.04058199662562275 0.8286371224796049 0.04058199662562275 0.04961688764352663 0.04058199662562275 
0.14728603785505995 0.14728603785505995 0.14728603785505995 0.4108558485797606 0.14728603785505995 
0.18188812442370433 0.18188812442370433 0.18188812442370433 0.27244750230518255 0.18188812442370433 
0.19829319090211614 0.19829319090211614 0.19829319090211614 0.24293505077651895 0.16218537651713272 
0.22025867399849586 0.11977542090092873 0.33411471250028274 0.14644138030274395 0.17940981229754868 
0.2 0.2 0.2 0.2 0.2 
0.19110220644450604 0.10392029878534173 0.19110220644450604 0.3582146264073312 0.155660661918315 
0.9777715464980448 5.026802670714867E-4 1.1596968889493868E-4 0.017669891411741495 0.003939912134247435 
0.0 0.0 0.1 0.0 0.0 
3.6144551592908064E-34 1.0 2.3723308281287812E-34 1.9282583823078177E-34 1.9282583823078177E-34 
0.002553184495142663 0.002079674515055354 0.0016975125421794274 0.0031411756553486945 0.9905284527922739 
7.216231175319217E-11 2.4473073842148133E-11 1.984887814637797E-11 9.78630621012104E-10 0.9999999989048851 
9.043770708765416E-8 3.024302717570745E-9 3.4488269712025604E-8 0.9999997816120134 9.043770708765416E-8 
5.2367685199902885E-6 1.1707896667314003E-6 1.775993861204008E-6 0.9999815000398542 1.0316408098043015E-5 
0.2547948235269869 0.014333149687768512 0.4125715475105464 0.1591502396373492 0.1591502396373492 
0.07525786654736283 0.045356989007668665 0.8739008094185421 0.004301240907414648 0.0011830941190116887 
0.1368811511363081 0.11195604314068157 0.11195604314068157 0.385913942092506 0.2532928204898229 
0.06458933797807376 2.8797881643502894E-4 0.864028553731607 0.06458933797807376 0.0065047914958105 
0.20572133881923121 0.16826091023203954 0.2520355018974585 0.20572133881923121 0.16826091023203954 
0.12093146915844531 0.12093146915844531 0.12093146915844531 0.5162741233662188 0.12093146915844531 
0.21571185274517785 0.17643222088223307 0.17643222088223307 0.21571185274517785 0.21571185274517785 
0.2 0.2 0.2 0.2 0.2 
0.2 0.2 0.2 0.2 0.2 
0.22453136198566015 0.18364575867622646 0.18364575867622646 0.22453136198566015 0.18364575867622646 
0.19147430099047413 0.19147430099047413 0.19147430099047413 0.23410279603810322 0.19147430099047413 
0.4971323827838441 0.03068012367774406 0.39555207127864456 0.04595529858202291 0.03068012367774406 
0.21197385269645053 0.03999805196075762 0.6481175593300457 0.05991248405198868 0.03999805196075762 
0.09452497385072724 0.2694071444502737 0.14277212348994553 0.4161407382772345 0.07715501993181902 
0.2237070013124489 0.021751024082151182 0.7110399264410976 0.021751024082151182 0.021751024082151182 
0.2662558465222524 0.14388645796694616 0.3282855053463972 0.14388645796694616 0.11768573219745768 
0.2 0.2 0.2 0.2 0.2 
0.2656095444172754 0.33050069524538694 0.21396426822689862 0.13980674291692974 0.05011874919350953 
0.28935073579545867 0.10372816542122545 0.28935073579545867 0.19074888654220185 0.12682147644565533 
0.14260975970711393 0.3978113247766285 0.14260975970711393 0.1743593961020298 0.14260975970711393 
0.2 0.2 0.2 0.2 0.2 
0.2520355018974585 0.16826091023203954 0.16826091023203954 0.20572133881923121 0.20572133881923121 
0.23941614316833928 0.055233947816196755 0.5824471630107354 0.06766879818853218 0.055233947816196755 
0.10856026413898849 0.5855270143963682 0.08879219318666656 0.10856026413898849 0.10856026413898849 
0.060506174745447755 0.7291131344120908 0.07493725804850673 0.060506174745447755 0.07493725804850673 
0.0864474657148651 0.16423579797003385 0.046419756500515094 0.6327837923946058 0.07011318741998002 
0.15968239858692226 0.15968239858692226 0.15968239858692226 0.3612704056523108 0.15968239858692226 
0.13428202594165645 0.13428202594165645 0.13428202594165645 0.46287189623337466 0.13428202594165645 
0.20750504800966302 0.039154818327029266 0.3220586917684971 0.3220586917684971 0.10922275012631358 
0.16899390118640314 0.3855696292432333 0.13822128419198018 0.16899390118640314 0.13822128419198018 
0.19013861023170092 0.08404172849685988 0.1258848486723731 0.15454689735192925 0.4453879152471369 
0.21915883938712738 0.1463121882554405 0.2690579447148641 0.21915883938712738 0.1463121882554405 
0.35685234531563575 0.014713528241356544 0.45749799291717375 0.08546806676291711 0.08546806676291711 
