0.14562258493309624 0.22286500044588536 0.2766586763553157 0.2766586763553157 0.07819506191038676 
0.16497393840375685 0.16497393840375685 0.30337560614524467 0.20170257864348454 0.16497393840375685 
0.4499735472677314 0.10540129688995459 0.1288671021664061 0.15787902683795396 0.15787902683795396 
0.10350077282310342 0.4705092008378756 0.12761336118542457 0.24244414839245423 0.05593251676114191 
0.12737112013147503 0.12737112013147503 0.23422663694137164 0.35530299007479227 0.15572813272088598 
0.15525452573442938 0.18981930412587236 0.18981930412587236 0.232553433006913 0.232553433006913 
0.18364575867622646 0.18364575867622646 0.22453136198566015 0.22453136198566015 0.18364575867622646 
0.18364575867622646 0.18364575867622646 0.22453136198566015 0.22453136198566015 0.18364575867622646 
0.02317384410147048 0.10534710583427173 0.1659730937729091 0.6929826544041162 0.012523301887232453 
0.2075590111955787 0.16976395521768495 0.2075590111955787 0.2075590111955787 0.2075590111955787 
0.1278465103927193 0.15630936053470196 0.2351008465896107 0.2892439059003008 0.1914993765826672 
0.030362431944808067 0.05583440199358243 0.39145614179964805 0.4919845923171529 0.030362431944808067 
0.2409723820946202 0.1595403049240597 0.19586518464001082 0.2971117489577682 0.1065103793835408 
0.4499735472677314 0.10540129688995459 0.1288671021664061 0.15787902683795396 0.15787902683795396 
0.10350077282310342 0.4705092008378756 0.12761336118542457 0.24244414839245423 0.05593251676114191 
0.12737112013147503 0.12737112013147503 0.23422663694137164 0.35530299007479227 0.15572813272088598 
0.15525452573442938 0.18981930412587236 0.18981930412587236 0.232553433006913 0.232553433006913 
0.18364575867622646 0.18364575867622646 0.22453136198566015 0.22453136198566015 0.18364575867622646 
0.18364575867622646 0.18364575867622646 0.22453136198566015 0.22453136198566015 0.18364575867622646 
0.02317384410147048 0.10534710583427173 0.1659730937729091 0.6929826544041162 0.012523301887232453 
0.17480934314738605 0.17480934314738605 0.2137276688970563 0.26184430166078543 0.17480934314738605 
0.18364575867622646 0.22453136198566015 0.18364575867622646 0.18364575867622646 0.22453136198566015 
0.17643222088223307 0.17643222088223307 0.21571185274517785 0.21571185274517785 0.21571185274517785 
0.13357224278871696 0.08917389409095446 0.3806963920916231 0.3073835769377507 0.08917389409095446 
0.1536846797760521 0.28261544419331086 0.18789995867687903 0.18789995867687903 0.18789995867687903 
0.20572133881923121 0.1682609102320395 0.1682609102320395 0.20572133881923121 0.2520355018974585 
0.2 0.2 0.2 0.2 0.2 
0.16218537651713266 0.19829319090211614 0.19829319090211614 0.19829319090211614 0.24293505077651895 
0.18364575867622646 0.18364575867622646 0.22453136198566015 0.22453136198566015 0.18364575867622646 
0.1578079704226164 0.1578079704226164 0.236378199630766 0.2901978891013846 0.1578079704226164 
0.1524518403685391 0.18639264855290003 0.22835533249813364 0.28034833821188815 0.1524518403685391 
0.25795844186742056 0.25795844186742056 0.11306233719886903 0.11306233719886903 0.25795844186742056 
0.2 0.2 0.2 0.2 0.2 
0.9999999999955138 7.392479841159698E-13 9.094947017688705E-13 1.7161919603546377E-12 1.1213797994670916E-12 
0.4511493124405718 0.0012481189825450944 0.20160702295271285 0.34367117490175064 0.0023243707224194976 
2.2357101755828936E-21 1.0 8.017193069334746E-21 1.9699950568108244E-20 1.8210785331241305E-21 
0.02349116399400724 0.254121258941732 0.03548145246748635 0.03548145246748635 0.6514246721292878 
1.4009458710010952E-15 4.969063373624388E-16 7.47383907080323E-16 1.1337213409501628E-15 0.9999999999999962 
1.8483285160070687E-8 1.4990862090039643E-8 0.9999058957162469 9.40627084427636E-5 8.101163133807479E-9 
1.3557376583395615E-16 1.7084083567207585E-16 3.6184804508336734E-9 0.9999999963815192 2.333934190787689E-17 
0.05205044745258905 0.04212204361674392 0.4936234897776245 0.3895857157496483 0.02261830340339412 
0.028070814811587533 0.4179894085788302 0.2596262560181432 0.2596262560181432 0.034687264573295636 
0.0017768097917853524 0.9842485856720037 0.0033527921315107873 0.006459745542059086 0.004162066862641 
0.12085343326691476 0.09884686150145375 0.3407264218650889 0.3407264218650889 0.09884686150145375 
3.0949625626759377E-4 0.2482842962610443 0.13904862721438813 0.6121535508363036 2.040294319961781E-4 
0.17643222088223307 0.21571185274517785 0.21571185274517785 0.21571185274517785 0.17643222088223307 
0.056966938920965965 0.056966938920965965 0.2432001914550853 0.5858989917820167 0.056966938920965965 
0.2137276688970563 0.17480934314738605 0.17480934314738605 0.17480934314738605 0.26184430166078543 
0.2 0.2 0.2 0.2 0.2 
0.19147430099047413 0.19147430099047413 0.19147430099047413 0.19147430099047413 0.23410279603810327 
0.17480934314738605 0.17480934314738605 0.2137276688970563 0.26184430166078543 0.17480934314738605 
0.18364575867622646 0.18364575867622646 0.22453136198566015 0.22453136198566015 0.18364575867622646 
0.13719621119761707 0.6236869341923011 0.07414175926484438 0.09083333608039294 0.07414175926484438 
0.056066600838100486 0.7228543249697357 0.06854887550264299 0.08398132318687784 0.06854887550264299 
0.1185090094289195 0.26811845443650334 0.17751287348676775 0.21792983132390462 0.21792983132390462 
0.033556927921082426 0.8657722883156705 0.033556927921082426 0.033556927921082426 0.033556927921082426 
0.1591961376449256 0.36321544942029715 0.1591961376449256 0.1591961376449256 0.1591961376449256 
0.27244750230518255 0.18188812442370433 0.18188812442370433 0.18188812442370433 0.18188812442370433 
0.511793139412381 0.1694684790657923 0.08980969925725371 0.1694684790657923 0.05946020319878076 
0.14854822526843564 0.33892160450402836 0.14854822526843564 0.1819909724795501 0.1819909724795501 
0.1682609102320395 0.1682609102320395 0.20572133881923121 0.20572133881923121 0.2520355018974585 
0.2 0.2 0.2 0.2 0.2 
0.19829319090211614 0.16218537651713266 0.19829319090211614 0.19829319090211614 0.24293505077651895 
0.07481433574927093 0.6293447061381134 0.09165733009477091 0.11252629792307359 0.09165733009477091 
0.18227313987597063 0.18227313987597063 0.1490824656421867 0.1490824656421867 0.3372887889636851 
0.08140581223996221 0.23460299510247032 0.29191892617460297 0.29191892617460297 0.10015334030836155 
0.16113627440354852 0.13125216918932486 0.24443078230860452 0.30204449969497343 0.16113627440354852 
0.11481789148579519 0.11481789148579519 0.2597675548481735 0.3957787706944414 0.11481789148579519 
0.10251983317254185 0.10251983317254185 0.23194404671652205 0.4376721573559811 0.12534412958241298 
0.10029185041785574 0.15491617626265253 0.24161532806451982 0.479684395175556 0.023492250079415713 
0.17643222088223307 0.17643222088223307 0.21571185274517785 0.21571185274517785 0.21571185274517785 
0.1155327941013962 0.1155327941013962 0.4087617441668372 0.26587023443690844 0.09430243319346213 
0.14744735787752714 0.271145442749465 0.18027400319000134 0.22085919299300535 0.18027400319000134 
0.0859555304626808 0.5531551574362548 0.21338062790276424 0.13473194230158753 0.012776741896712717 
