0.09922096323983956 0.028784620686952846 0.04311605299032026 0.7426462571022469 0.04311605299032026 0.04311605299032026 
0.04451139135450518 0.04451139135450518 0.04451139135450518 0.7212504837828096 0.10070395079916969 0.04451139135450518 
0.0 0.0 0.0 0.1 0.0 0.0 
0.15127232419167988 0.043885045358468135 0.15127232419167988 0.5658002155412359 0.043885045358468135 0.043885045358468135 
0.12657436400215438 0.12657436400215438 0.23276145779840327 0.23276145779840327 0.15475399239673004 0.12657436400215438 
0.16666666666666666 0.16666666666666666 0.16666666666666666 0.16666666666666666 0.16666666666666666 0.16666666666666666 
0.04725467857128716 0.04725467857128716 0.04725467857128716 0.6092441537332705 0.20173713198158078 0.04725467857128716 
0.04725467857128716 0.04725467857128716 0.04725467857128716 0.6092441537332705 0.20173713198158078 0.04725467857128716 
0.05685740934039977 0.02513111331253447 0.8215348800882815 0.02513111331253447 0.02513111331253447 0.04621437063371537 
0.0846326300066354 0.10347464499477306 0.36130907173223487 0.1914754841140215 0.10347464499477306 0.15563352415756185 
0.09709110756761473 0.09709110756761473 0.09709110756761473 0.5145444621619264 0.09709110756761473 0.09709110756761473 
0.1047139514276847 0.1047139514276847 0.23690808783250716 0.29210059553844686 0.1047139514276847 0.15684946234599184 
0.02956783181933652 0.013069053628683745 0.019575940045062884 0.8841862614342061 0.02403308125337416 0.02956783181933652 
0.0 0.0 0.0 0.1 0.0 0.0 
0.15127232419167988 0.043885045358468135 0.15127232419167988 0.5658002155412359 0.043885045358468135 0.043885045358468135 
0.12657436400215438 0.12657436400215438 0.23276145779840327 0.23276145779840327 0.15475399239673004 0.12657436400215438 
0.16666666666666666 0.16666666666666666 0.16666666666666666 0.16666666666666666 0.16666666666666666 0.16666666666666666 
0.04725467857128716 0.04725467857128716 0.04725467857128716 0.6092441537332705 0.20173713198158078 0.04725467857128716 
0.04725467857128716 0.04725467857128716 0.04725467857128716 0.6092441537332705 0.20173713198158078 0.04725467857128716 
0.05685740934039977 0.02513111331253447 0.8215348800882815 0.02513111331253447 0.02513111331253447 0.04621437063371537 
0.0 0.0 0.0 0.0 0.0 0.1 
0.16666666666666666 0.16666666666666666 0.16666666666666666 0.16666666666666666 0.16666666666666666 0.16666666666666666 
0.06448480980621589 0.07884125545585081 0.06448480980621589 0.06448480980621589 0.06448480980621589 0.6632195053192853 
0.1487980532050087 0.1487980532050087 0.22288237933083552 0.18192540784912958 0.1487980532050087 0.1487980532050087 
0.15515263526277778 0.18969472947444427 0.15515263526277778 0.15515263526277778 0.18969472947444427 0.15515263526277778 
0.052461801719756555 0.07858174848008201 0.2780267959260743 0.06414152919875435 0.3459516093520262 0.1808365153233068 
0.16666666666666666 0.16666666666666666 0.16666666666666666 0.16666666666666666 0.16666666666666666 0.16666666666666666 
0.16666666666666666 0.16666666666666666 0.16666666666666666 0.16666666666666666 0.16666666666666666 0.16666666666666666 
0.16070367680721379 0.16070367680721379 0.16070367680721379 0.16070367680721379 0.19648161596393082 0.16070367680721379 
0.09261412140441772 0.09261412140441772 0.09261412140441772 0.49081820653296115 0.1387253078493682 0.09261412140441772 
0.1117955720105841 0.1117955720105841 0.1674569159452685 0.1117955720105841 0.1117955720105841 0.38536079601239537 
0.18515232018293004 0.18515232018293004 0.05371384364503867 0.08045716336164886 0.05371384364503867 0.4418105089824141 
0.153896228132755 0.153896228132755 0.153896228132755 0.2305188593362249 0.153896228132755 0.153896228132755 
0.1 0.0 0.0 0.0 0.0 0.0 
0.17625986499302626 0.21732314842028214 0.2685474432343208 0.11669616394387954 0.14326609008631783 0.07790728932217345 
0.11438740903439079 0.07605171575837757 0.5116379139106085 0.06220322593494958 0.17351650942672373 0.06220322593494958 
0.16666666666666666 0.16666666666666666 0.16666666666666666 0.16666666666666666 0.16666666666666666 0.16666666666666666 
0.0 0.1 0.0 0.0 0.0 0.0 
0.10788480160097233 0.10788480160097233 0.4605759919951384 0.10788480160097233 0.10788480160097233 0.10788480160097233 
0.13574674831488104 0.08829353605995666 0.6608569594587529 0.03836758538880315 0.03836758538880315 0.03836758538880315 
0.1484097535158653 0.1484097535158653 0.1484097535158653 0.1484097535158653 0.22416060849210692 0.18220037744443204 
0.08463673630475449 0.15970723756210323 0.6061756914318163 0.03740964344231116 0.05603534562950742 0.05603534562950742 
0.129454349022736 0.19637184688553094 0.1592673190687339 0.19637184688553094 0.1592673190687339 0.1592673190687339 
0.030214668260976473 0.030214668260976473 0.4895902697582314 0.030214668260976473 0.3895510571978623 0.030214668260976473 
0.01202563955918908 0.01202563955918908 0.9411325934773606 0.01202563955918908 0.014795110300562998 0.007995377544509137 
0.153896228132755 0.153896228132755 0.2305188593362249 0.153896228132755 0.153896228132755 0.153896228132755 
0.12343604257576582 0.12343604257576582 0.22699030282555463 0.27926552687138173 0.12343604257576582 0.12343604257576582 
0.09413750150231555 0.1410071561231282 0.17311232219824052 0.32449319647575964 0.17311232219824052 0.09413750150231555 
0.06902409575042079 0.06902409575042079 0.06902409575042079 0.15616225264780503 0.06902409575042079 0.5677413643505114 
0.16070367680721379 0.19648161596393082 0.16070367680721379 0.16070367680721379 0.16070367680721379 0.16070367680721379 
0.16666666666666666 0.16666666666666666 0.16666666666666666 0.16666666666666666 0.16666666666666666 0.16666666666666666 
0.008447353396058116 0.008447353396058116 0.732691112300718 0.17248512130273977 0.06948170620836745 0.008447353396058116 
0.02709365150572806 0.04058317553413985 0.22285241847598652 0.553220819278189 0.11566675967181654 0.04058317553413985 
0.025582399709864572 0.03127788570300931 0.6600286173246681 0.10921500479341678 0.13557659840636485 0.03831949406267614 
0.1001034644861027 0.14994348288403103 0.1001034644861027 0.42735632613353514 0.12238979752412563 0.1001034644861027 
0.13024460867501317 0.13024460867501317 0.23951078264997347 0.23951078264997347 0.13024460867501317 0.13024460867501317 
0.001311549477199461 0.0016035436513748187 0.9356959507008359 0.00559919648131792 0.054478210212072324 0.001311549477199461 
0.10532884660895156 0.0703183776519055 0.0703183776519055 0.5783871738263804 0.10532884660895156 0.0703183776519055 
0.5322971207636037 0.032850287094323576 0.2702022621444271 0.09163619835784322 0.040163844545478486 0.032850287094323576 
0.0 0.0 0.0 0.0 0.1 0.0 
0.027299960801017945 0.033377832545615896 0.4423611425256651 0.027299960801017945 0.4423611425256651 0.027299960801017945 
0.16666666666666666 0.16666666666666666 0.16666666666666666 0.16666666666666666 0.16666666666666666 0.16666666666666666 
0.14294351955125334 0.2141129608974933 0.14294351955125334 0.2141129608974933 0.14294351955125334 0.14294351955125334 
0.10595266415370852 0.15870491161926448 0.2397105898801811 0.10595266415370852 0.1948395850965686 0.1948395850965686 
0.13024460867501317 0.23951078264997347 0.13024460867501317 0.13024460867501317 0.23951078264997347 0.13024460867501317 
0.1934959739500681 0.10456653135018731 0.08552569143179654 0.29480817475085114 0.1281076545670291 0.1934959739500681 
0.12066518079731794 0.1807425703442359 0.12066518079731794 0.12066518079731794 0.3365967064664924 0.12066518079731794 
0.16070367680721379 0.16070367680721379 0.16070367680721379 0.1964816159639308 0.16070367680721379 0.16070367680721379 
0.0051780480894472476 0.007756120820179128 0.9646095916465476 0.007756120820179128 0.009522070534199678 0.0051780480894472476 
0.0 0.0 0.1 0.0 0.0 0.0 
0.002967133237632593 0.002967133237632593 0.9356464641180621 0.006712934160996303 0.04807862028051301 0.003627714965163577 
0.05963043769323493 0.07290613999241964 0.134909749636139 0.05963043769323493 0.05963043769323493 0.6132927972917364 
0.008543725649658197 0.01279751891996935 0.008543725649658197 0.008543725649658197 0.953027578481398 0.008543725649658197 
0.3119102916245916 0.07306151539391502 0.20380581447394094 0.20380581447394094 0.07306151539391502 0.1343550486396965 
