0.04451823101409659 0.23592901355663737 0.19005483726079792 0.293568904611831 0.23592901355663737 
0.15968239858692226 0.15968239858692226 0.15968239858692226 0.3612704056523108 0.15968239858692226 
0.26184430166078543 0.17480934314738608 0.17480934314738608 0.21372766889705624 0.17480934314738608 
0.04052455113644947 0.2672331720289274 0.3333251048313746 0.09168399997432093 0.2672331720289274 
0.14889176582436528 0.22302275006234462 0.1820399839886009 0.22302275006234462 0.22302275006234462 
0.056581027541110974 0.3731152361331726 0.12801066963479193 0.06917783055775184 0.3731152361331726 
0.19147430099047413 0.19147430099047413 0.19147430099047413 0.23410279603810322 0.19147430099047413 
0.19147430099047413 0.19147430099047413 0.19147430099047413 0.23410279603810322 0.19147430099047413 
0.03321225553065666 0.1760118159874242 0.27317954785402426 0.3415845646404705 0.1760118159874242 
0.23410279603810327 0.19147430099047413 0.19147430099047413 0.19147430099047413 0.19147430099047413 
0.07766925159687532 0.33158139117742463 0.14282835525440146 0.11633961079387399 0.33158139117742463 
0.056066600838100486 0.06854887550264299 0.08398132318687784 0.7228543249697357 0.06854887550264299 
0.1536846797760521 0.18789995867687906 0.18789995867687906 0.28261544419331086 0.18789995867687906 
0.26184430166078543 0.17480934314738608 0.17480934314738608 0.21372766889705624 0.17480934314738608 
0.04052455113644947 0.2672331720289274 0.3333251048313746 0.09168399997432093 0.2672331720289274 
0.14889176582436528 0.22302275006234462 0.1820399839886009 0.22302275006234462 0.22302275006234462 
0.056581027541110974 0.3731152361331726 0.12801066963479193 0.06917783055775184 0.3731152361331726 
0.19147430099047413 0.19147430099047413 0.19147430099047413 0.23410279603810322 0.19147430099047413 
0.19147430099047413 0.19147430099047413 0.19147430099047413 0.23410279603810322 0.19147430099047413 
0.03321225553065666 0.1760118159874242 0.27317954785402426 0.3415845646404705 0.1760118159874242 
0.19147430099047413 0.19147430099047413 0.19147430099047413 0.23410279603810322 0.19147430099047413 
0.12464558568048832 0.28200203466412505 0.18670475931077338 0.12464558568048832 0.28200203466412505 
0.2075590111955787 0.2075590111955787 0.16976395521768498 0.2075590111955787 0.2075590111955787 
0.10753145569987334 0.10753145569987334 0.10753145569987334 0.5698741772005068 0.10753145569987334 
0.18168360351104154 0.18168360351104154 0.27326558595583417 0.18168360351104154 0.18168360351104154 
0.2520355018974585 0.20572133881923121 0.16826091023203954 0.16826091023203954 0.20572133881923121 
0.2 0.2 0.2 0.2 0.2 
0.056581027541110974 0.3731152361331726 0.12801066963479193 0.06917783055775184 0.3731152361331726 
0.19147430099047413 0.19147430099047413 0.19147430099047413 0.23410279603810322 0.19147430099047413 
0.19147430099047413 0.19147430099047413 0.19147430099047413 0.23410279603810322 0.19147430099047413 
0.16976395521768495 0.2075590111955787 0.2075590111955787 0.2075590111955787 0.2075590111955787 
0.3551712518424715 0.1543381762789577 0.23311499876963823 0.1030373968299752 0.1543381762789577 
0.2 0.2 0.2 0.2 0.2 
0.37349417415656155 0.13247594068265128 0.1623003252405858 0.19925361923754986 0.13247594068265128 
0.017368084466325588 0.017368084466325588 0.009265616249447063 0.9386301303515763 0.017368084466325588 
6.34970766716756E-12 4.36982712480124E-8 0.9999999125746423 2.246563498415021E-11 4.36982712480124E-8 
1.172866863715394E-10 0.49999990180623616 1.9600488793890304E-7 2.6535303288293456E-10 0.49999990180623616 
1.0 1.1659936755248915E-26 1.1659936755248915E-26 1.4284945008957274E-26 1.1659936755248915E-26 
9.726419314546876E-11 9.726419314546876E-11 7.888609049286133E-11 0.9999999996293214 9.726419314546876E-11 
6.202940529013258E-7 7.682378815679114E-7 2.320070843796953E-6 0.9999955231593403 7.682378815679114E-7 
0.04544027727381725 0.04544027727381725 0.055905044471466485 0.8077741237070817 0.04544027727381725 
0.06988599031737575 0.08675460722097669 0.3342566605059544 0.4223481347347165 0.08675460722097669 
0.002317701740269194 0.20102858095786266 0.5927611391994155 0.0028639971445901424 0.20102858095786266 
0.13428202594165645 0.13428202594165645 0.13428202594165645 0.46287189623337466 0.13428202594165645 
0.0019354012774798264 0.017467335393456275 0.3528265755427036 0.6103033523929039 0.017467335393456275 
0.16976395521768495 0.2075590111955787 0.2075590111955787 0.2075590111955787 0.2075590111955787 
0.14728603785505995 0.14728603785505995 0.14728603785505995 0.4108558485797606 0.14728603785505995 
0.27244750230518255 0.18188812442370433 0.18188812442370433 0.18188812442370433 0.18188812442370433 
0.2 0.2 0.2 0.2 0.2 
0.23410279603810327 0.19147430099047413 0.19147430099047413 0.19147430099047413 0.19147430099047413 
0.19147430099047413 0.19147430099047413 0.19147430099047413 0.23410279603810322 0.19147430099047413 
0.19147430099047413 0.19147430099047413 0.19147430099047413 0.23410279603810322 0.19147430099047413 
0.10823078108154086 0.16347360715898387 0.4764797630594386 0.08834224154105255 0.16347360715898387 
0.09013489292292788 0.16679083324088623 0.48614854767237153 0.09013489292292788 0.16679083324088623 
0.12075770186419876 0.27789407115454545 0.22488694639308127 0.09856720943362866 0.27789407115454545 
0.04589933997520369 0.15821562402859302 0.5917700719924067 0.04589933997520369 0.15821562402859302 
0.14580222249443783 0.2192973333511851 0.26980088830875404 0.14580222249443783 0.2192973333511851 
0.2 0.2 0.2 0.2 0.2 
0.05336821840248685 0.2828304457782018 0.2828304457782018 0.09814044426290737 0.2828304457782018 
0.18773502717534724 0.18773502717534724 0.28355816871840117 0.15323674975555748 0.18773502717534724 
0.16644063976223641 0.2503390403566456 0.16644063976223641 0.16644063976223641 0.2503390403566456 
0.2 0.2 0.2 0.2 0.2 
0.27244750230518255 0.18188812442370433 0.18188812442370433 0.18188812442370433 0.18188812442370433 
0.1005704379702169 0.1872922252029226 0.44275554491961305 0.08208956670432502 0.1872922252029226 
0.16373933065556193 0.3069238406517352 0.13337246631586105 0.08904052172510671 0.3069238406517352 
0.026207340306264485 0.3572526320208085 0.143911093506252 0.11537630214586639 0.3572526320208085 
0.11504182920216813 0.26474039979668085 0.14123508870521914 0.21424228249925095 0.26474039979668085 
0.17126424110108873 0.17126424110108873 0.17126424110108873 0.3149430355956448 0.17126424110108873 
0.236378199630766 0.1578079704226164 0.1578079704226164 0.2901978891013846 0.1578079704226164 
0.058233417511795164 0.10708720726732464 0.24860697373262264 0.47898519422093283 0.10708720726732464 
0.1254685004751054 0.28386382259002957 0.15340192717241763 0.15340192717241763 0.28386382259002957 
0.13945956503719517 0.1138324093812465 0.13945956503719517 0.49341605116311693 0.1138324093812465 
0.22478382974577063 0.18347744683615302 0.22478382974577063 0.18347744683615302 0.18347744683615302 
0.016052801222597394 0.10799521941155774 0.4292091765740174 0.33874758338026995 0.10799521941155774 
