0.08426553468220346 0.156927620253754 0.19391634760643384 0.37097414985117483 0.19391634760643384 
0.19710967986211678 0.2419885298508336 0.1315919935860436 0.1315919935860436 0.2977178031149623 
0.2520355018974585 0.20572133881923121 0.16826091023203954 0.16826091023203954 0.20572133881923121 
0.07353368955091884 0.07353368955091884 0.3896994656736218 0.3896994656736218 0.07353368955091884 
0.15968239858692226 0.15968239858692226 0.15968239858692226 0.3612704056523108 0.15968239858692226 
0.049495815526000304 0.049495815526000304 0.049495815526000304 0.8020167378959989 0.049495815526000304 
0.2 0.2 0.2 0.2 0.2 
0.2 0.2 0.2 0.2 0.2 
0.07169245683799344 0.08783262079245441 0.4823109997446271 0.2503331616324672 0.10783076099245793 
0.21571185274517785 0.21571185274517785 0.21571185274517785 0.1764322208822331 0.1764322208822331 
0.07000401417035593 0.07000401417035593 0.07000401417035593 0.7199839433185761 0.07000401417035593 
0.16137379509182675 0.24479108210990774 0.13144563962718417 0.08775415686755555 0.37463532630352564 
0.18188812442370433 0.18188812442370433 0.27244750230518255 0.18188812442370433 0.18188812442370433 
0.2520355018974585 0.20572133881923121 0.16826091023203954 0.16826091023203954 0.20572133881923121 
0.07353368955091884 0.07353368955091884 0.3896994656736218 0.3896994656736218 0.07353368955091884 
0.15968239858692226 0.15968239858692226 0.15968239858692226 0.3612704056523108 0.15968239858692226 
0.049495815526000304 0.049495815526000304 0.049495815526000304 0.8020167378959989 0.049495815526000304 
0.2 0.2 0.2 0.2 0.2 
0.2 0.2 0.2 0.2 0.2 
0.07169245683799344 0.08783262079245441 0.4823109997446271 0.2503331616324672 0.10783076099245793 
0.2 0.2 0.2 0.2 0.2 
0.13428202594165645 0.13428202594165645 0.13428202594165645 0.46287189623337466 0.13428202594165645 
0.20572133881923121 0.20572133881923121 0.16826091023203954 0.2520355018974585 0.16826091023203954 
0.16137379509182675 0.24479108210990774 0.13144563962718417 0.08775415686755555 0.37463532630352564 
0.19455677292453688 0.19455677292453688 0.292627785487911 0.15912933433150755 0.15912933433150755 
0.19138277710975451 0.19138277710975451 0.2344688915609822 0.19138277710975451 0.19138277710975451 
0.2 0.2 0.2 0.2 0.2 
0.04095199342316699 0.04095199342316699 0.04095199342316699 0.836192026307332 0.04095199342316699 
0.2 0.2 0.2 0.2 0.2 
0.2 0.2 0.2 0.2 0.2 
0.18364575867622646 0.18364575867622646 0.22453136198566015 0.22453136198566015 0.18364575867622646 
0.2971117489577682 0.19586518464001082 0.2409723820946202 0.1065103793835408 0.1595403049240597 
0.2 0.2 0.2 0.2 0.2 
0.26811845443650334 0.21792983132390462 0.21792983132390462 0.1185090094289195 0.17751287348676775 
0.010873993787487645 0.03367037102858872 0.8928113950109452 0.008738972647989268 0.0539052675249892 
2.9850076299305997E-12 3.6646480703825525E-12 0.9999999999851772 4.508606144995014E-12 3.6646480703825525E-12 
1.2820236041529118E-34 1.9282583823078177E-34 2.925013046412128E-34 1.0 1.9282583823078177E-34 
0.9999997006019358 2.9736007073627174E-7 1.362318108756252E-12 1.362318108756252E-12 2.035268866688563E-9 
3.9955386708502694E-8 4.5797676753591945E-4 8.355506083662979E-10 3.534504186480423E-10 0.9995419820880762 
0.05786207260065849 0.18149541590494814 0.37236351991221256 0.015915471669968238 0.37236351991221256 
0.10872626602221395 0.2594426409756674 0.16716101458335383 0.05800385524093762 0.40666622317782763 
0.09391023392897217 0.1836061930042294 0.46553790467496287 0.026188226199695925 0.2307574421921395 
0.0064245065569173195 0.005210593839636164 0.7262507846922429 0.2569035210715671 0.005210593839636164 
0.16201051309028822 0.24367580197148817 0.16201051309028822 0.13250952262023352 0.2997936492277017 
0.005301034658388443 0.01620810114556276 0.9439526634367572 0.001839426780931828 0.032698773978359644 
0.19147430099047413 0.19147430099047413 0.23410279603810327 0.19147430099047413 0.19147430099047413 
0.2 0.2 0.2 0.2 0.2 
0.2075590111955787 0.2075590111955787 0.2075590111955787 0.16976395521768498 0.2075590111955787 
0.2 0.2 0.2 0.2 0.2 
0.22453136198566015 0.22453136198566015 0.18364575867622646 0.18364575867622646 0.18364575867622646 
0.2 0.2 0.2 0.2 0.2 
0.2 0.2 0.2 0.2 0.2 
0.05857870974764153 0.05857870974764153 0.7763519376589846 0.047911933098090616 0.05857870974764153 
0.09649423118249668 0.09649423118249668 0.6491649353904566 0.0789233011222749 0.0789233011222749 
0.14902508339101073 0.12164016355647969 0.18295580849157253 0.4247387810044574 0.12164016355647969 
0.05919688922596457 0.05919688922596457 0.7632124430961414 0.05919688922596457 0.05919688922596457 
0.18227313987597063 0.1490824656421867 0.3372887889636851 0.18227313987597063 0.1490824656421867 
0.2 0.2 0.2 0.2 0.2 
0.06714132523029313 0.06714132523029313 0.35582246350832186 0.44275356080079925 0.06714132523029313 
0.19370887739142592 0.15811284242942708 0.36074384700347356 0.12932159074624627 0.15811284242942708 
0.16899390118640314 0.16899390118640314 0.13822128419198018 0.3855696292432333 0.13822128419198018 
0.2 0.2 0.2 0.2 0.2 
0.2075590111955787 0.2075590111955787 0.2075590111955787 0.16976395521768498 0.2075590111955787 
0.12736970009442128 0.10396418374062616 0.5607377486837005 0.10396418374062616 0.10396418374062616 
0.14858322711736224 0.12102719227244627 0.09878717815694849 0.5328152242962946 0.09878717815694849 
0.034657726290491415 0.05257298632216459 0.06496473644264843 0.782839814502047 0.06496473644264843 
0.1361935942601403 0.1361935942601403 0.16755859340297502 0.3924956246737689 0.16755859340297502 
0.2 0.2 0.2 0.2 0.2 
0.21571185274517785 0.21571185274517785 0.17643222088223307 0.17643222088223307 0.21571185274517785 
0.10590117155822716 0.15995492542868123 0.46622379167498346 0.0707004663504764 0.19721964498763167 
0.14728603785505995 0.14728603785505995 0.14728603785505995 0.4108558485797606 0.14728603785505995 
0.17086529371064568 0.26032833830486934 0.17086529371064568 0.07552287568562525 0.3224181985882138 
0.19829319090211614 0.19829319090211614 0.24293505077651895 0.1621853765171327 0.19829319090211614 
0.029564919024300883 0.08717633581095811 0.7170483190587827 0.029564919024300883 0.1366455070816571 
