0.3016187120789022 0.15766273482818532 0.24239830613221905 0.24239830613221905 0.055921940828474646 
0.1328928032303776 0.1328928032303776 0.3006607951544335 0.3006607951544335 0.1328928032303776 
0.16218537651713266 0.19829319090211614 0.19829319090211614 0.19829319090211614 0.24293505077651895 
0.42244806693654624 0.11940110891588798 0.1803454597501 0.1803454597501 0.09745990464736579 
0.2849304520980371 0.12593995331369232 0.2315948206372889 0.2315948206372889 0.12593995331369232 
0.7662467834675748 0.047288301664871496 0.05781623738733711 0.05781623738733711 0.07083244009287942 
0.17643222088223307 0.21571185274517785 0.21571185274517785 0.21571185274517785 0.17643222088223307 
0.17643222088223307 0.21571185274517785 0.21571185274517785 0.21571185274517785 0.17643222088223307 
0.1168139152697068 0.1446747302907461 0.3485391113655346 0.3485391113655346 0.04143313170847765 
0.17480934314738605 0.26184430166078543 0.17480934314738605 0.17480934314738605 0.2137276688970563 
0.6540086558280401 0.0777463013239529 0.09524937076202696 0.09524937076202696 0.0777463013239529 
0.03447302047610714 0.042147851902783404 0.4444530535725011 0.4444530535725011 0.03447302047610714 
0.13935833216065807 0.20874276230449285 0.25627028668709545 0.25627028668709545 0.13935833216065807 
0.16218537651713266 0.19829319090211614 0.19829319090211614 0.19829319090211614 0.24293505077651895 
0.42244806693654624 0.11940110891588798 0.1803454597501 0.1803454597501 0.09745990464736579 
0.2849304520980371 0.12593995331369232 0.2315948206372889 0.2315948206372889 0.12593995331369232 
0.7662467834675748 0.047288301664871496 0.05781623738733711 0.05781623738733711 0.07083244009287942 
0.17643222088223307 0.21571185274517785 0.21571185274517785 0.21571185274517785 0.17643222088223307 
0.17643222088223307 0.21571185274517785 0.21571185274517785 0.21571185274517785 0.17643222088223307 
0.1168139152697068 0.1446747302907461 0.3485391113655346 0.3485391113655346 0.04143313170847765 
0.18364575867622646 0.18364575867622646 0.22453136198566015 0.22453136198566015 0.18364575867622646 
0.44943574140873904 0.13038411357022106 0.13038411357022106 0.13038411357022106 0.1594119178805977 
0.24293505077651895 0.1621853765171327 0.19829319090211614 0.19829319090211614 0.19829319090211614 
0.06231996587633591 0.21481773585179637 0.33027116619776603 0.33027116619776603 0.06231996587633591 
0.16976395521768495 0.2075590111955787 0.2075590111955787 0.2075590111955787 0.2075590111955787 
0.16280005992887628 0.3714380123003122 0.13315529845707297 0.13315529845707297 0.19945133085666558 
0.2 0.2 0.2 0.2 0.2 
0.8050960648920851 0.039429087718136725 0.04820730318533275 0.04820730318533275 0.05906024101911252 
0.18364575867622646 0.18364575867622646 0.22453136198566015 0.22453136198566015 0.18364575867622646 
0.18364575867622646 0.18364575867622646 0.22453136198566015 0.22453136198566015 0.18364575867622646 
0.19661526726734233 0.1608129911354928 0.24087937523083602 0.24087937523083602 0.1608129911354928 
0.14260975970711393 0.1743593961020298 0.14260975970711393 0.14260975970711393 0.3978113247766285 
0.2 0.2 0.2 0.2 0.2 
0.10277701661735116 0.23252590650980884 0.1889997900018535 0.1889997900018535 0.28669749686913265 
1.992119892327856E-14 0.9999999999981506 9.094947017712688E-13 9.094947017712688E-13 1.0485759999980906E-14 
0.021820193209187433 0.8365338375285655 0.06359974965324813 0.06359974965324813 0.014446469955750928 
1.0 4.69397589983227E-28 2.487569170435934E-28 2.487569170435934E-28 1.417576103440779E-27 
8.673617379884357E-19 8.673617379884357E-19 5.742531777098075E-19 5.742531777098075E-19 1.0 
1.7680618908770803E-10 3.354999976726386E-9 0.4999999981953501 0.4999999981953501 7.749357154109165E-11 
8.367484293919277E-8 8.948448047257474E-6 0.499995432354264 0.499995432354264 1.0316858186540324E-7 
0.019456118012445203 0.27296839292026365 0.34586383757169864 0.34586383757169864 0.015847813923893825 
0.02515984998090017 0.22169590957626165 0.3529914760492394 0.3529914760492394 0.047161288344359356 
0.7714243784087319 0.11466731835294425 0.037969434412774644 0.037969434412774644 0.037969434412774644 
0.09317097209760444 0.17133494180198777 0.32116155700140175 0.32116155700140175 0.09317097209760444 
9.593382580914727E-4 0.013459469273914153 0.49231092710495145 0.49231092710495145 9.593382580914727E-4 
0.18364575867622646 0.18364575867622646 0.22453136198566015 0.22453136198566015 0.18364575867622646 
0.11656343528070397 0.11656343528070397 0.3251548470789442 0.3251548470789442 0.11656343528070397 
0.1578079704226164 0.2901978891013846 0.1578079704226164 0.1578079704226164 0.236378199630766 
0.2 0.2 0.2 0.2 0.2 
0.19147430099047413 0.19147430099047413 0.19147430099047413 0.19147430099047413 0.23410279603810327 
0.17643222088223307 0.21571185274517785 0.21571185274517785 0.21571185274517785 0.17643222088223307 
0.18364575867622646 0.18364575867622646 0.22453136198566015 0.22453136198566015 0.18364575867622646 
0.03986170431703805 0.8139295921568367 0.048736234508708266 0.048736234508708266 0.048736234508708266 
0.1621853765171327 0.24293505077651895 0.19829319090211614 0.19829319090211614 0.19829319090211614 
0.4366977128631376 0.12506506020427452 0.12506506020427452 0.12506506020427452 0.18810710652403895 
0.17126424110108873 0.3149430355956448 0.17126424110108873 0.17126424110108873 0.17126424110108873 
0.18168360351104154 0.27326558595583417 0.18168360351104154 0.18168360351104154 0.18168360351104154 
0.2 0.2 0.2 0.2 0.2 
0.3242001865982245 0.3242001865982245 0.13840288612779278 0.13840288612779278 0.07479385454796532 
0.13878129485062451 0.3139831010262909 0.16967858868922567 0.16967858868922567 0.20787842674463333 
0.3607438470034735 0.12932159074624627 0.15811284242942708 0.15811284242942708 0.1937088773914259 
0.2 0.2 0.2 0.2 0.2 
0.14792207871305224 0.33466349362549 0.14792207871305224 0.14792207871305224 0.22157027023535322 
0.1532367497555575 0.28355816871840117 0.18773502717534724 0.18773502717534724 0.18773502717534724 
0.5194156450261349 0.14484656074750626 0.07876674032688946 0.07876674032688946 0.17820431357257957 
0.7112080056063415 0.031486457302366065 0.1129095398944631 0.1129095398944631 0.031486457302366065 
0.21439680076057777 0.41307326062018834 0.14008936470813066 0.14008936470813066 0.09235120920297235 
0.14974854996483358 0.14974854996483358 0.27537717505274945 0.27537717505274945 0.14974854996483358 
0.12907397900620568 0.12907397900620568 0.29202096891941826 0.29202096891941826 0.157810104148752 
0.03725930057805068 0.15906540189277285 0.38320799847556286 0.38320799847556286 0.03725930057805068 
0.36321544942029715 0.1591961376449256 0.1591961376449256 0.1591961376449256 0.1591961376449256 
0.06146714125525674 0.21187803825083124 0.32575153307208515 0.32575153307208515 0.07515175434974185 
0.1621853765171327 0.24293505077651895 0.19829319090211614 0.19829319090211614 0.19829319090211614 
0.025699128032178966 0.48765585862538713 0.23769058499759999 0.23769058499759999 0.011263843347233753 
