0.239418294207283 0.1260206668449464 0.239418294207283 0.239418294207283 0.15572445053320458 
0.18364575867622646 0.18364575867622646 0.22453136198566015 0.22453136198566015 0.18364575867622646 
0.10540129688995459 0.4499735472677314 0.15787902683795396 0.15787902683795396 0.1288671021664061 
0.2964353157621731 0.10170285102099862 0.23823262795354416 0.23823262795354416 0.1253965773097401 
0.1854539190426661 0.10084879204899691 0.28131869550533223 0.28131869550533223 0.15105989789767246 
0.41500728428798805 0.06293374354104173 0.09426751357625841 0.09426751357625841 0.3335239450184538 
0.18364575867622646 0.18364575867622646 0.22453136198566015 0.22453136198566015 0.18364575867622646 
0.18364575867622646 0.18364575867622646 0.22453136198566015 0.22453136198566015 0.18364575867622646 
0.04580882323127969 0.019556044713768612 0.4575395436705915 0.4575395436705915 0.019556044713768612 
0.17643222088223307 0.21571185274517785 0.21571185274517785 0.21571185274517785 0.17643222088223307 
0.3035696042726546 0.07110780218302548 0.16087649463583248 0.16087649463583248 0.3035696042726546 
0.03431462033568182 0.028066166033569245 0.4547765237985899 0.4547765237985899 0.028066166033569245 
0.12682147644565533 0.19074888654220185 0.2893507357954586 0.2893507357954586 0.10372816542122544 
0.10540129688995459 0.4499735472677314 0.15787902683795396 0.15787902683795396 0.1288671021664061 
0.2964353157621731 0.10170285102099862 0.23823262795354416 0.23823262795354416 0.1253965773097401 
0.1854539190426661 0.10084879204899691 0.28131869550533223 0.28131869550533223 0.15105989789767246 
0.41500728428798805 0.06293374354104173 0.09426751357625841 0.09426751357625841 0.3335239450184538 
0.18364575867622646 0.18364575867622646 0.22453136198566015 0.22453136198566015 0.18364575867622646 
0.18364575867622646 0.18364575867622646 0.22453136198566015 0.22453136198566015 0.18364575867622646 
0.04580882323127969 0.019556044713768612 0.4575395436705915 0.4575395436705915 0.019556044713768612 
0.16678424679364126 0.16678424679364126 0.2498236298095381 0.2498236298095381 0.16678424679364126 
0.3006607951544335 0.1328928032303776 0.1328928032303776 0.1328928032303776 0.3006607951544335 
0.2075590111955787 0.16976395521768495 0.2075590111955787 0.2075590111955787 0.2075590111955787 
0.09622869027347285 0.1441395165196938 0.33170155146668034 0.33170155146668034 0.09622869027347285 
0.2075590111955787 0.16976395521768495 0.2075590111955787 0.2075590111955787 0.2075590111955787 
0.18347744683615302 0.22478382974577063 0.18347744683615302 0.18347744683615302 0.22478382974577063 
0.2 0.2 0.2 0.2 0.2 
0.4503321434146792 0.05474987545095732 0.06693900361304718 0.06693900361304718 0.36103997390826914 
0.18364575867622646 0.18364575867622646 0.22453136198566015 0.22453136198566015 0.18364575867622646 
0.16678424679364126 0.16678424679364126 0.2498236298095381 0.2498236298095381 0.16678424679364126 
0.17164273380881 0.14038778277038017 0.258163374806 0.258163374806 0.17164273380881 
0.19444297486455384 0.29368996666377695 0.15871204180355789 0.15871204180355789 0.19444297486455384 
0.2 0.2 0.2 0.2 0.2 
1.0726467836291016E-11 0.9999999999012237 3.7454297495698105E-11 3.7454297495698105E-11 1.314132369652763E-11 
0.0011984640332194272 0.7780433998492823 0.10963691563466149 0.10963691563466149 0.001484304848175435 
0.9935021977137435 3.311320971830724E-4 0.0029177690459452287 0.0029177690459452287 3.311320971830724E-4 
0.9832419927876214 9.894019937410942E-11 1.4944095499531849E-10 1.4944095499531849E-10 0.01675800681455658 
7.039785112031409E-5 2.4266231173018197E-4 1.5927027935669908E-4 1.5927027935669908E-4 0.999368399278436 
7.09586552473953E-5 8.768401148496888E-5 0.4998972896048404 0.4998972896048404 4.6778123586803983E-5 
1.7859600782107433E-17 8.542041814513006E-17 0.5 0.5 9.464682659204012E-18 
0.031059776282940616 0.07210643720718497 0.4357671561713382 0.4357671561713382 0.025299474167198015 
0.08464569651994852 0.05505596230318639 0.4120813082290925 0.4120813082290925 0.036135724718680116 
0.844612272089558 0.007897771640219592 0.02871303128842306 0.02871303128842306 0.09006389369337615 
0.09884686150145375 0.12085343326691476 0.3407264218650889 0.3407264218650889 0.09884686150145375 
0.0014656590943745275 2.523166522193675E-4 0.49905784468575193 0.49905784468575193 1.6633488190236645E-4 
0.21571185274517785 0.17643222088223307 0.21571185274517785 0.21571185274517785 0.17643222088223307 
0.05141248956673958 0.05141248956673958 0.42288126564989065 0.42288126564989065 0.05141248956673958 
0.18364575867622646 0.22453136198566015 0.18364575867622646 0.18364575867622646 0.22453136198566015 
0.2 0.2 0.2 0.2 0.2 
0.2 0.2 0.2 0.2 0.2 
0.16678424679364126 0.16678424679364126 0.2498236298095381 0.2498236298095381 0.16678424679364126 
0.18364575867622646 0.18364575867622646 0.22453136198566015 0.22453136198566015 0.18364575867622646 
0.25876271267562057 0.25876271267562057 0.17131872841359536 0.17131872841359536 0.13983711782156857 
0.3117068479861904 0.1377751854667747 0.20637139054013018 0.20637139054013018 0.1377751854667747 
0.29787821335697157 0.08641632879194668 0.15891362224705513 0.15891362224705513 0.29787821335697157 
0.41085584857976054 0.14728603785505995 0.14728603785505995 0.14728603785505995 0.14728603785505995 
0.2344688915609822 0.19138277710975451 0.19138277710975451 0.19138277710975451 0.19138277710975451 
0.18188812442370433 0.27244750230518255 0.18188812442370433 0.18188812442370433 0.18188812442370433 
0.1795247623468709 0.43674451996158936 0.14461786186346753 0.14461786186346753 0.09449499396460473 
0.21586713904286245 0.17619929143570645 0.21586713904286245 0.21586713904286245 0.17619929143570645 
0.24367580197148817 0.13250952262023352 0.16201051309028822 0.16201051309028822 0.2997936492277017 
0.2 0.2 0.2 0.2 0.2 
0.1621853765171327 0.24293505077651895 0.19829319090211614 0.19829319090211614 0.19829319090211614 
0.303607266680196 0.13307006707330668 0.20014722929997011 0.20014722929997011 0.16302820764655698 
0.3151182484187008 0.11177038163930725 0.09141777056067964 0.09141777056067964 0.3902758288206323 
0.44649520513797886 0.04021158010629653 0.14419758198360733 0.14419758198360733 0.22489805078850986 
0.21476070294107086 0.14095718823571682 0.21476070294107086 0.21476070294107086 0.21476070294107086 
0.10107108969013305 0.10107108969013305 0.3483933654648006 0.3483933654648006 0.10107108969013305 
0.08502732271720063 0.08502732271720063 0.36299407262211153 0.36299407262211153 0.1039572093213756 
0.03835440190963265 0.0890411845765628 0.4258737533645036 0.4258737533645036 0.02085690678479706 
0.2997936492277017 0.13250952262023352 0.16201051309028822 0.16201051309028822 0.24367580197148817 
0.1151846907528153 0.1411162862900616 0.3247443326427018 0.3247443326427018 0.09421035767171937 
0.18981930412587236 0.1552545257344294 0.232553433006913 0.232553433006913 0.18981930412587236 
0.18661963247150468 0.18661963247150468 0.29251899696449213 0.29251899696449213 0.041722741128006634 
