0.15939581253114216 0.1969663067586058 0.06986266072170676 0.1969663067586058 0.3768089132299394 
0.19147430099047413 0.19147430099047413 0.23410279603810327 0.19147430099047413 0.19147430099047413 
0.22453136198566015 0.18364575867622646 0.18364575867622646 0.22453136198566015 0.18364575867622646 
0.13980674291692974 0.33050069524538694 0.050118749193509525 0.21396426822689862 0.26560954441727536 
0.22157027023535322 0.14792207871305224 0.14792207871305224 0.14792207871305224 0.3346634936254901 
0.19664328222375851 0.03710527558030048 0.1279023692685265 0.03710527558030048 0.6012437973471141 
0.18188812442370433 0.18188812442370433 0.27244750230518255 0.18188812442370433 0.18188812442370433 
0.18188812442370433 0.18188812442370433 0.27244750230518255 0.18188812442370433 0.18188812442370433 
0.08286028325690464 0.37667859469068277 0.08286028325690464 0.3012457201987353 0.15635511859677234 
0.19147430099047413 0.19147430099047413 0.19147430099047413 0.23410279603810322 0.19147430099047413 
0.1961780606783804 0.056912479775864715 0.10465809458325175 0.056912479775864715 0.5853388851866382 
0.16678424679364126 0.2498236298095381 0.16678424679364126 0.2498236298095381 0.16678424679364126 
0.1539964745595897 0.23066901696027353 0.23066901696027353 0.23066901696027353 0.1539964745595897 
0.22453136198566015 0.18364575867622646 0.18364575867622646 0.22453136198566015 0.18364575867622646 
0.13980674291692974 0.33050069524538694 0.050118749193509525 0.21396426822689862 0.26560954441727536 
0.22157027023535322 0.14792207871305224 0.14792207871305224 0.14792207871305224 0.3346634936254901 
0.19664328222375851 0.03710527558030048 0.1279023692685265 0.03710527558030048 0.6012437973471141 
0.18188812442370433 0.18188812442370433 0.27244750230518255 0.18188812442370433 0.18188812442370433 
0.18188812442370433 0.18188812442370433 0.27244750230518255 0.18188812442370433 0.18188812442370433 
0.08286028325690464 0.37667859469068277 0.08286028325690464 0.3012457201987353 0.15635511859677234 
0.17126424110108873 0.17126424110108873 0.3149430355956448 0.17126424110108873 0.17126424110108873 
0.2597675548481735 0.11481789148579519 0.11481789148579519 0.11481789148579519 0.39577877069444134 
0.20572133881923121 0.1682609102320395 0.20572133881923121 0.1682609102320395 0.2520355018974585 
0.13315529845707294 0.16280005992887628 0.3714380123003122 0.19945133085666558 0.13315529845707294 
0.18639264855290003 0.28034833821188815 0.1524518403685391 0.22835533249813364 0.1524518403685391 
0.21586713904286245 0.17619929143570645 0.21586713904286245 0.21586713904286245 0.17619929143570645 
0.2 0.2 0.2 0.2 0.2 
0.18453663875432905 0.03482083271906678 0.03482083271906678 0.03482083271906678 0.7110008630884705 
0.17126424110108873 0.17126424110108873 0.3149430355956448 0.17126424110108873 0.17126424110108873 
0.2 0.2 0.2 0.2 0.2 
0.2075590111955787 0.2075590111955787 0.16976395521768498 0.2075590111955787 0.2075590111955787 
0.2315948206372889 0.2849304520980371 0.12593995331369232 0.2315948206372889 0.12593995331369232 
0.2 0.2 0.2 0.2 0.2 
0.1868927639806652 0.22944537897416648 0.22944537897416648 0.22944537897416648 0.12477109909683524 
8.342125302698989E-4 0.010052450270898811 0.003921468479141302 0.9839093100699745 0.0012825586497155345 
2.2231294096622595E-16 0.9999994846282196 3.119039789032475E-15 5.153717768617691E-7 2.735109818192197E-16 
3.427789878269557E-33 2.7895098175164837E-40 1.838930494602052E-40 2.7895098175164837E-40 1.0 
0.9998636276177106 2.7795796766044598E-5 5.1764084284314026E-5 3.412447323821377E-5 2.268802800085045E-5 
0.036916825339722376 0.08570379657593888 0.6562560360084823 0.16512348399585805 0.055999858079998854 
0.01805775517851722 0.26091719456351836 0.16297440216987252 0.5399928929095745 0.01805775517851722 
2.7078792404566565E-4 7.717770066137832E-4 0.9974328646927026 0.0011921281967967059 3.324421798412348E-4 
1.595985552593109E-13 2.9301629246258997E-12 0.9999999999944744 2.306045623222888E-12 1.2972358169190269E-13 
0.021023647282611396 0.5574679246233746 0.11485112689805707 0.19180617429789992 0.11485112689805707 
0.16826091023203954 0.20572133881923121 0.2520355018974585 0.20572133881923121 0.16826091023203954 
7.791468666515603E-4 0.7080634862569585 0.060976425220663086 0.22940179478907524 7.791468666515603E-4 
0.18364575867622646 0.22453136198566015 0.18364575867622646 0.22453136198566015 0.18364575867622646 
0.2 0.2 0.2 0.2 0.2 
0.19829319090211614 0.19829319090211614 0.24293505077651895 0.19829319090211614 0.1621853765171327 
0.2 0.2 0.2 0.2 0.2 
0.2 0.2 0.2 0.2 0.2 
0.19147430099047413 0.19147430099047413 0.19147430099047413 0.23410279603810322 0.19147430099047413 
0.2 0.2 0.2 0.2 0.2 
0.03384172538941581 0.4485091800925851 0.0414605324491504 0.4485091800925851 0.0276793819762636 
0.0482667924950505 0.4964188983128594 0.08875927659577061 0.31828824010126877 0.0482667924950505 
0.10487194538309214 0.0691348053992174 0.6091810395528036 0.05631316231380687 0.1604990473510798 
0.02894970918260418 0.5911193560779224 0.05323650302574758 0.2977447225311217 0.02894970918260418 
0.1359222350611597 0.31011465745522115 0.16652248585046306 0.25151838657199616 0.1359222350611597 
0.2 0.2 0.2 0.2 0.2 
0.1382639814243377 0.21160318158026079 0.0606006486048286 0.2626785543330892 0.3268536340574839 
0.12682147644565533 0.2893507357954586 0.19074888654220185 0.2893507357954586 0.10372816542122545 
0.26461720051406706 0.11696144667357297 0.17519480237195117 0.11696144667357297 0.3262651037668358 
0.2 0.2 0.2 0.2 0.2 
0.20572133881923121 0.20572133881923121 0.16826091023203954 0.2520355018974585 0.16826091023203954 
0.07137154280034282 0.39191908257742714 0.16424400503806122 0.31420909525796614 0.05825627432620292 
0.2883262798111729 0.08257323654534457 0.10116299668013827 0.08257323654534457 0.4453642504179999 
0.1664201646719833 0.06907916975093763 0.0366084565960136 0.05577621099393789 0.6721159979871275 
0.10892125838383684 0.07180423682136165 0.5034209825367023 0.10892125838383684 0.20693226387426247 
0.19147430099047413 0.19147430099047413 0.23410279603810327 0.19147430099047413 0.19147430099047413 
0.2137276688970563 0.17480934314738605 0.26184430166078543 0.17480934314738605 0.17480934314738605 
0.04520955042590277 0.2981277084510173 0.3718604577347003 0.23959273296247713 0.04520955042590277 
0.20178083409653824 0.10972727609273807 0.24825038887155793 0.1341561870291557 0.3060853139100098 
0.10518540751959969 0.1582066376072276 0.45593490202320636 0.19464117830569372 0.08603187454427243 
0.18639264855290003 0.28034833821188815 0.1524518403685391 0.22835533249813364 0.1524518403685391 
0.011777289412761799 0.4332909869489381 0.1037755348576085 0.4332909869489381 0.01786520183175355 
