0.41929997294818894 0.02434343360594751 0.029886059953754693 0.10717056054392018 0.41929997294818894 
0.32572109002215005 0.25916567956390696 0.02010161412211656 0.06929052626967605 0.32572109002215005 
0.1 0.0 0.0 0.0 0.1 
0.42207923313936824 0.07406666106251825 0.049037228199791075 0.032737644458954156 0.42207923313936824 
0.27537717505274945 0.14974854996483358 0.14974854996483358 0.14974854996483358 0.27537717505274945 
0.2 0.2 0.2 0.2 0.2 
0.4444530535725011 0.03447302047610714 0.042147851902783404 0.03447302047610714 0.4444530535725011 
0.4444530535725011 0.03447302047610714 0.042147851902783404 0.03447302047610714 0.4444530535725011 
0.14792207871305224 0.22157027023535322 0.14792207871305224 0.33466349362549014 0.14792207871305224 
0.270503003589559 0.11956298595827518 0.21986802090433133 0.11956298595827518 0.270503003589559 
0.25448925528253724 0.39498063980408005 0.04802042481542282 0.04802042481542282 0.25448925528253724 
0.17111281231288825 0.06134153435790557 0.09188256724473044 0.5045502737715872 0.17111281231288825 
0.0 0.1 0.0 0.0 0.0 
0.1 0.0 0.0 0.0 0.1 
0.42207923313936824 0.07406666106251825 0.049037228199791075 0.032737644458954156 0.42207923313936824 
0.27537717505274945 0.14974854996483358 0.14974854996483358 0.14974854996483358 0.27537717505274945 
0.2 0.2 0.2 0.2 0.2 
0.4444530535725011 0.03447302047610714 0.042147851902783404 0.03447302047610714 0.4444530535725011 
0.4444530535725011 0.03447302047610714 0.042147851902783404 0.03447302047610714 0.4444530535725011 
0.14792207871305224 0.22157027023535322 0.14792207871305224 0.33466349362549014 0.14792207871305224 
0.11481789148579519 0.25976755484817354 0.3957787706944414 0.11481789148579519 0.11481789148579519 
0.2 0.2 0.2 0.2 0.2 
0.2 0.2 0.2 0.2 0.2 
0.09284587734219978 0.07593928720548655 0.11374832299537649 0.6246206351147374 0.09284587734219978 
0.2 0.2 0.2 0.2 0.2 
0.0 0.0 0.1 0.0 0.0 
0.18188812442370433 0.18188812442370433 0.27244750230518255 0.18188812442370433 0.18188812442370433 
0.13428202594165645 0.13428202594165645 0.46287189623337455 0.13428202594165645 0.13428202594165645 
0.2 0.2 0.2 0.2 0.2 
0.3896994656736218 0.07353368955091884 0.07353368955091884 0.07353368955091884 0.3896994656736218 
0.19147430099047413 0.19147430099047413 0.23410279603810327 0.19147430099047413 0.19147430099047413 
0.12923806859627637 0.08628036484910592 0.5689631331092355 0.08628036484910592 0.12923806859627637 
0.2498236298095381 0.16678424679364126 0.16678424679364126 0.16678424679364126 0.2498236298095381 
0.3778752563016674 0.1296437666253063 0.05730286038567946 0.05730286038567946 0.3778752563016674 
0.012535889035479279 0.012535889035479279 0.028848257178068794 0.9335440757154935 0.012535889035479279 
0.14792207871305224 0.22157027023535322 0.14792207871305224 0.33466349362549014 0.14792207871305224 
0.14260975970711393 0.14260975970711393 0.1743593961020298 0.3978113247766285 0.14260975970711393 
0.23066901696027353 0.1539964745595897 0.23066901696027353 0.1539964745595897 0.23066901696027353 
0.0 0.0 0.0 0.1 0.0 
0.006000737541931208 0.013809217629302806 0.0048980391720019 0.9692912681148327 0.006000737541931208 
0.03129076581114747 0.03129076581114747 0.03841519311402216 0.8677125094525355 0.03129076581114747 
0.02653524869709906 0.03974675231534415 0.03974675231534415 0.8674359979751136 0.02653524869709906 
0.2719647346703864 0.09749552877090795 0.1792875009441596 0.1792875009441596 0.2719647346703864 
0.13428202594165645 0.13428202594165645 0.13428202594165645 0.46287189623337466 0.13428202594165645 
0.012252073450932486 0.009979821262805706 0.006662608231740094 0.9588534236035894 0.012252073450932486 
0.17126424110108873 0.17126424110108873 0.3149430355956448 0.17126424110108873 0.17126424110108873 
0.2574662066726578 0.2574662066726578 0.11380068999101327 0.11380068999101327 0.2574662066726578 
0.3089702247104893 0.08963419051230322 0.20279116955441542 0.08963419051230322 0.3089702247104893 
0.2350278897646407 0.2350278897646407 0.19103343140056528 0.10388289930551226 0.2350278897646407 
0.18188812442370433 0.18188812442370433 0.27244750230518255 0.18188812442370433 0.18188812442370433 
0.18188812442370433 0.18188812442370433 0.27244750230518255 0.18188812442370433 0.18188812442370433 
0.4657828540977539 0.022811430601497366 0.022811430601497366 0.022811430601497366 0.4657828540977539 
0.3603920471467703 0.11639019001027594 0.1451757354521815 0.01764998024400178 0.3603920471467703 
0.31299520084352006 0.13482237220930238 0.16587158279627426 0.07331564330738298 0.31299520084352006 
0.11748306002187896 0.7099956806483227 0.02751909965395966 0.02751909965395966 0.11748306002187896 
0.25627028668709545 0.13935833216065807 0.20874276230449285 0.13935833216065807 0.25627028668709545 
0.3335081992407907 0.07812058494740223 0.17674243162361394 0.07812058494740223 0.3335081992407907 
0.36203264806672353 0.18790526745751826 0.04401471820451724 0.04401471820451724 0.36203264806672353 
0.29619076116561893 0.19525804121807178 0.10618021822534521 0.10618021822534521 0.29619076116561893 
0.12051481698183128 0.14795419183408973 0.5305595216705709 0.08045665253167683 0.12051481698183128 
0.2 0.2 0.2 0.2 0.2 
0.2 0.2 0.2 0.2 0.2 
0.19239963954142386 0.12844753312066143 0.3583056546758295 0.12844753312066143 0.19239963954142386 
0.12586693838450025 0.18853420526661 0.4338649795798895 0.12586693838450025 0.12586693838450025 
0.15968239858692226 0.15968239858692226 0.3612704056523108 0.15968239858692226 0.15968239858692226 
0.2111194837970905 0.061247079873988544 0.11262912288559584 0.40388482964623457 0.2111194837970905 
0.12593995331369232 0.2315948206372889 0.2315948206372889 0.2849304520980371 0.12593995331369232 
0.16899390118640314 0.13822128419198015 0.3855696292432333 0.13822128419198015 0.16899390118640314 
0.17741602770900594 0.11844435441565516 0.4082792357506779 0.11844435441565516 0.17741602770900594 
0.09048563382279906 0.11085671649783622 0.39221750967517294 0.31595450618139254 0.09048563382279906 
0.28200203466412505 0.12464558568048832 0.18670475931077338 0.12464558568048832 0.28200203466412505 
0.05141248956673958 0.05141248956673958 0.42288126564989065 0.42288126564989065 0.05141248956673958 
0.14728603785505995 0.14728603785505995 0.4108558485797606 0.14728603785505995 0.14728603785505995 
0.046098772032393195 0.016525760813933584 0.016525760813933584 0.8747509343073465 0.046098772032393195 
