0.16971309211302316 0.11188007959681642 0.20971542747118438 0.11188007959681642 0.07438469045105822 0.3224266307711012 
0.1487980532050087 0.1487980532050087 0.1487980532050087 0.22288237933083552 0.18192540784912958 0.1487980532050087 
0.1954527315202401 0.15953624509843317 0.15953624509843317 0.15953624509843317 0.1954527315202401 0.1304858016642205 
0.07586176714905032 0.06204786564959397 0.3288291426352521 0.06204786564959397 0.06204786564959397 0.40916549326691615 
0.1487980532050087 0.1819254078491296 0.1487980532050087 0.1487980532050087 0.1487980532050087 0.22288237933083552 
0.07845218565813365 0.270425708017026 0.07845218565813365 0.07845218565813365 0.07845218565813365 0.4157655493504396 
0.1819254078491296 0.22288237933083552 0.1487980532050087 0.1487980532050087 0.1487980532050087 0.1487980532050087 
0.1819254078491296 0.22288237933083552 0.1487980532050087 0.1487980532050087 0.1487980532050087 0.1487980532050087 
0.20100239860290794 0.05756470973401859 0.38726658181855167 0.05756470973401859 0.047082575452224586 0.24951902465827866 
0.24496766677023984 0.13321203138962082 0.16286942348350614 0.16286942348350614 0.16286942348350614 0.13321203138962082 
0.10837706426113423 0.24726871320370247 0.08864235273560268 0.08864235273560268 0.08864235273560268 0.37842716432835527 
0.128500324537995 0.128500324537995 0.19247871501620448 0.23630316535916035 0.1571087352743226 0.1571087352743226 
0.20130060330996918 0.16430950920118542 0.20130060330996918 0.13438988748884542 0.13438988748884542 0.16430950920118542 
0.1954527315202401 0.15953624509843317 0.15953624509843317 0.15953624509843317 0.1954527315202401 0.1304858016642205 
0.07586176714905032 0.06204786564959397 0.3288291426352521 0.06204786564959397 0.06204786564959397 0.40916549326691615 
0.1487980532050087 0.1819254078491296 0.1487980532050087 0.1487980532050087 0.1487980532050087 0.22288237933083552 
0.07845218565813365 0.270425708017026 0.07845218565813365 0.07845218565813365 0.07845218565813365 0.4157655493504396 
0.1819254078491296 0.22288237933083552 0.1487980532050087 0.1487980532050087 0.1487980532050087 0.1487980532050087 
0.1819254078491296 0.22288237933083552 0.1487980532050087 0.1487980532050087 0.1487980532050087 0.1487980532050087 
0.20100239860290794 0.05756470973401859 0.38726658181855167 0.05756470973401859 0.047082575452224586 0.24951902465827866 
0.14622169369747484 0.2688915315126255 0.14622169369747484 0.14622169369747484 0.14622169369747484 0.14622169369747484 
0.13769494025389703 0.13769494025389703 0.13769494025389703 0.13769494025389703 0.13769494025389703 0.3115252987305147 
0.14997227868335888 0.14997227868335888 0.14997227868335888 0.18336105464997435 0.18336105464997435 0.18336105464997435 
0.3215782115364769 0.25965011221734136 0.11282986610646378 0.13851949554922477 0.09209619652575768 0.0753261180647352 
0.13955207129104827 0.13955207129104827 0.20903296125145976 0.17062096538881455 0.17062096538881455 0.17062096538881455 
0.28673789596975297 0.1539698497847019 0.1539698497847019 0.12567627733807055 0.1539698497847019 0.12567627733807055 
0.16666666666666666 0.16666666666666666 0.16666666666666666 0.16666666666666666 0.16666666666666666 0.16666666666666666 
0.08624888768320567 0.08624888768320567 0.08624888768320567 0.08624888768320567 0.08624888768320567 0.5687555615839721 
0.16666666666666666 0.16666666666666666 0.16666666666666666 0.16666666666666666 0.16666666666666666 0.16666666666666666 
0.16666666666666666 0.16666666666666666 0.16666666666666666 0.16666666666666666 0.16666666666666666 0.16666666666666666 
0.15515263526277778 0.15515263526277778 0.18969472947444427 0.15515263526277778 0.15515263526277778 0.18969472947444427 
0.09052838138584178 0.09052838138584178 0.16647540115737572 0.20481421468946215 0.3120525123236449 0.13560110905783382 
0.16666666666666666 0.16666666666666666 0.16666666666666666 0.16666666666666666 0.16666666666666666 0.16666666666666666 
0.18521947163574526 0.15054856367986422 0.15054856367986422 0.18521947163574526 0.22837007577541232 0.10009385359336827 
1.0 3.760320607712914E-24 8.1817603314636715E-22 3.0072865982173125E-24 1.260282586752888E-24 1.0198889862951092E-24 
1.488557249799825E-10 3.0242993315862893E-9 0.9999986620204836 5.222795238030889E-11 5.222795238030889E-11 1.3347019054386008E-6 
1.2254001269720788E-8 6.450039319852672E-9 6.450039319852672E-9 3.4634821526621575E-9 2.312248295148755E-9 0.9999999690701896 
2.7895098173974615E-20 3.4470130530706567E-20 1.497885049707364E-20 4.2630576176485034E-11 0.9999999999573694 1.2226329842550522E-20 
0.0276729495134241 0.006514576161077398 0.002103910902660463 0.9601943288406687 0.002624248766950456 8.899858152188931E-4 
0.8114874265399772 0.040174193299197476 0.10414517211664918 0.02536662838984067 0.008399573189256115 0.010427006465079517 
0.59493302372423 0.1846615519009204 0.09445002509421348 0.061146408446405995 0.03240449541711506 0.03240449541711506 
1.2892779554392833E-19 1.0 3.2689951689429004E-19 8.22526333997028E-20 5.299604413345655E-20 6.594352424266042E-20 
6.062206930124095E-4 0.947649229951553 0.02224266175142529 2.564404305291449E-4 2.564404305291449E-4 0.028989006742950876 
0.23630316535916035 0.128500324537995 0.1571087352743226 0.19247871501620448 0.1571087352743226 0.128500324537995 
0.014248618167883174 0.34849850841453944 0.5983688668202011 0.007287831872205348 0.003082862007968627 0.028513312717202283 
0.15515263526277778 0.15515263526277778 0.18969472947444427 0.15515263526277778 0.15515263526277778 0.18969472947444427 
0.16666666666666666 0.16666666666666666 0.16666666666666666 0.16666666666666666 0.16666666666666666 0.16666666666666666 
0.22209395178876984 0.1809047220683628 0.14766158474676302 0.14766158474676302 0.1809047220683628 0.12077343458097871 
0.16666666666666666 0.16666666666666666 0.16666666666666666 0.16666666666666666 0.16666666666666666 0.16666666666666666 
0.14997227868335888 0.18336105464997435 0.14997227868335888 0.18336105464997435 0.18336105464997435 0.14997227868335888 
0.2305188593362249 0.153896228132755 0.153896228132755 0.153896228132755 0.153896228132755 0.153896228132755 
0.16070367680721379 0.19648161596393082 0.16070367680721379 0.16070367680721379 0.16070367680721379 0.16070367680721379 
0.529379593169159 0.02508660075341203 0.33247627317317163 0.02508660075341203 0.03073436157900564 0.05723657057183986 
0.07718023278334202 0.1760912880894776 0.41627672547101874 0.07718023278334202 0.07718023278334202 0.1760912880894776 
0.0518366860221758 0.5331348788083831 0.09532406266528334 0.06337724212788401 0.07764539702229858 0.17868173335397505 
0.06192412014174611 0.141283560392696 0.5209110901428842 0.0506481674685386 0.0506481674685386 0.1745848943855964 
0.17985550148662757 0.17985550148662757 0.22127571424044545 0.11957889064983585 0.11957889064983585 0.17985550148662757 
0.16070367680721379 0.19648161596393082 0.16070367680721379 0.16070367680721379 0.16070367680721379 0.16070367680721379 
0.2732219852143733 0.07722371237574313 0.2732219852143733 0.0515551659905686 0.0515551659905686 0.2732219852143733 
0.19872859817966598 0.16152894052575245 0.24502642526852586 0.13157201200868518 0.13157201200868518 0.13157201200868518 
0.128500324537995 0.19247871501620448 0.128500324537995 0.1571087352743226 0.1571087352743226 0.23630316535916035 
0.16666666666666666 0.16666666666666666 0.16666666666666666 0.16666666666666666 0.16666666666666666 0.16666666666666666 
0.3096732670553842 0.11101350678561629 0.1662854721368432 0.13572877509969677 0.1662854721368432 0.11101350678561629 
0.08835525785852535 0.31683944040643397 0.31683944040643397 0.0719690168842468 0.0719690168842468 0.13402782756011314 
0.16211633323697916 0.1320504676996825 0.1077848112760588 0.1320504676996825 0.16211633323697916 0.30388158685061795 
0.05701295947429849 0.08648407900465063 0.10686886540157632 0.0701428826161037 0.04643941676449707 0.6330517967388739 
0.45412449959037465 0.15220117079317746 0.12316943789021766 0.08119707409417504 0.06613837974183741 0.12316943789021766 
0.16070367680721379 0.19648161596393082 0.16070367680721379 0.16070367680721379 0.16070367680721379 0.16070367680721379 
0.14402682547909576 0.17609194745578782 0.14402682547909576 0.17609194745578782 0.21573562865113693 0.14402682547909576 
0.12347320417533425 0.4618238392863506 0.2362119930255194 0.05365476246425665 0.04379513792729688 0.08104106312124212 
0.13813386731312122 0.31516062788033494 0.11298064839253723 0.11298064839253723 0.11298064839253723 0.2077635596289321 
0.21627111074433591 0.41668444947028943 0.11461272043658564 0.11461272043658564 0.07588151060169612 0.06193748831050701 
0.15953624509843317 0.1304858016642205 0.1954527315202401 0.15953624509843317 0.1954527315202401 0.15953624509843317 
0.3559446726497597 0.08669740569766163 0.4549452839683644 0.02317941510278279 0.010072517512659314 0.06916070506877234 
