0.08085416379884405 0.15155839703551874 0.2899407305626922 0.2899407305626922 0.18770597804025274 
0.27244750230518255 0.18188812442370433 0.18188812442370433 0.18188812442370433 0.18188812442370433 
0.19661526726734233 0.24087937523083602 0.16081299113549283 0.16081299113549283 0.24087937523083602 
0.05150339906384942 0.06296975449939476 0.27294764098106694 0.27294764098106694 0.33963156447462234 
0.10736097116512125 0.10736097116512125 0.242896787293286 0.242896787293286 0.29948448308318537 
0.02785100946096502 0.02785100946096502 0.4512901851927278 0.4512901851927278 0.04171761069261449 
0.18364575867622646 0.22453136198566015 0.18364575867622646 0.18364575867622646 0.22453136198566015 
0.18364575867622646 0.22453136198566015 0.18364575867622646 0.18364575867622646 0.22453136198566015 
0.009865283634967671 0.03444724524259478 0.027813548219212815 0.027813548219212815 0.9000603746840119 
0.20572133881923121 0.2520355018974585 0.16826091023203954 0.16826091023203954 0.20572133881923121 
0.039090087477543715 0.04779283030949565 0.4020374497133915 0.4020374497133915 0.10904218278617764 
0.10539523955385306 0.04658495240210633 0.04658495240210633 0.04658495240210633 0.7548499032398281 
0.12586693838450025 0.18853420526661 0.12586693838450025 0.12586693838450025 0.43386497957988945 
0.19661526726734233 0.24087937523083602 0.16081299113549283 0.16081299113549283 0.24087937523083602 
0.05150339906384942 0.06296975449939476 0.27294764098106694 0.27294764098106694 0.33963156447462234 
0.10736097116512125 0.10736097116512125 0.242896787293286 0.242896787293286 0.29948448308318537 
0.02785100946096502 0.02785100946096502 0.4512901851927278 0.4512901851927278 0.04171761069261449 
0.18364575867622646 0.22453136198566015 0.18364575867622646 0.18364575867622646 0.22453136198566015 
0.18364575867622646 0.22453136198566015 0.18364575867622646 0.18364575867622646 0.22453136198566015 
0.009865283634967671 0.03444724524259478 0.027813548219212815 0.027813548219212815 0.9000603746840119 
0.17126424110108873 0.17126424110108873 0.17126424110108873 0.17126424110108873 0.3149430355956448 
0.10107108969013305 0.10107108969013305 0.3483933654648006 0.3483933654648006 0.10107108969013305 
0.18203998398860094 0.14889176582436528 0.22302275006234462 0.22302275006234462 0.22302275006234462 
0.22688120112225116 0.3456735115604614 0.10028204309751837 0.10028204309751837 0.22688120112225116 
0.22453136198566015 0.18364575867622646 0.18364575867622646 0.18364575867622646 0.22453136198566015 
0.1591961376449256 0.36321544942029715 0.1591961376449256 0.1591961376449256 0.1591961376449256 
0.2 0.2 0.2 0.2 0.2 
0.022696166375877607 0.022696166375877607 0.46342929280988726 0.46342929280988726 0.027749081628470163 
0.18188812442370433 0.18188812442370433 0.18188812442370433 0.18188812442370433 0.27244750230518255 
0.17126424110108873 0.17126424110108873 0.17126424110108873 0.17126424110108873 0.3149430355956448 
0.15912933433150755 0.15912933433150755 0.19455677292453688 0.19455677292453688 0.292627785487911 
0.33728878896368514 0.18227313987597063 0.1490824656421867 0.1490824656421867 0.18227313987597063 
0.2 0.2 0.2 0.2 0.2 
0.19133472150565 0.19133472150565 0.08457041259113598 0.08457041259113598 0.448189731806428 
1.9546405907477527E-17 0.9999999999999991 1.0071878989683194E-17 1.0071878989683194E-17 7.838494383917854E-16 
0.031964824450377016 0.4357373748548842 0.04828021291992723 0.04828021291992723 0.4357373748548842 
7.853231569744739E-35 2.238262128750004E-34 0.5 0.5 1.1861654140643906E-34 
0.999999989242227 3.0243033455075013E-9 2.002297000722937E-9 2.002297000722937E-9 3.728875685055622E-9 
0.9666538983861837 0.008693008591304351 3.5842507157233193E-4 3.5842507157233193E-4 0.02393624287936711 
1.4864362802415001E-21 3.635586415565933E-20 2.608405330458998E-22 2.608405330458998E-22 1.0 
0.02324839801440191 0.14340485603672287 0.008067052693908196 0.008067052693908196 0.8172126405610588 
0.18191553044934836 0.28514550047370946 0.04067104025221521 0.04067104025221521 0.45159688857251157 
0.014321923018892388 0.04223021106627827 0.44532153868034 0.44532153868034 0.05280478855414917 
0.17052758180892091 0.2093540959014545 0.11384557301975466 0.11384557301975466 0.3924271762501153 
0.0014821091200189235 0.0036792673251822747 3.313566440950392E-4 3.313566440950392E-4 0.9941759102666088 
0.18188812442370433 0.18188812442370433 0.18188812442370433 0.18188812442370433 0.27244750230518255 
0.05919688922596457 0.05919688922596457 0.05919688922596457 0.05919688922596457 0.7632124430961414 
0.20170257864348456 0.30337560614524467 0.16497393840375685 0.16497393840375685 0.16497393840375685 
0.2 0.2 0.2 0.2 0.2 
0.23410279603810327 0.19147430099047413 0.19147430099047413 0.19147430099047413 0.19147430099047413 
0.17480934314738605 0.2137276688970563 0.17480934314738605 0.17480934314738605 0.26184430166078543 
0.19147430099047413 0.19147430099047413 0.19147430099047413 0.19147430099047413 0.23410279603810327 
0.048634224890501634 0.812225959371498 0.03977826994260521 0.03977826994260521 0.05958327585278968 
0.18639264855290003 0.22835533249813364 0.15245184036853912 0.15245184036853912 0.28034833821188815 
0.09022831843297893 0.07379836761406564 0.3150560214884229 0.3150560214884229 0.2058612709761097 
0.18188812442370433 0.27244750230518255 0.18188812442370433 0.18188812442370433 0.18188812442370433 
0.18168360351104154 0.27326558595583417 0.18168360351104154 0.18168360351104154 0.18168360351104154 
0.2 0.2 0.2 0.2 0.2 
0.04034224150940085 0.21379792114746762 0.26603095809783217 0.26603095809783217 0.21379792114746762 
0.20637139054013018 0.3117068479861904 0.1377751854667747 0.1377751854667747 0.20637139054013018 
0.13548252327176427 0.11081209570715449 0.3091114288746584 0.3091114288746584 0.13548252327176427 
0.2 0.2 0.2 0.2 0.2 
0.16899390118640314 0.3855696292432333 0.13822128419198018 0.13822128419198018 0.16899390118640314 
0.16644063976223641 0.2503390403566456 0.16644063976223641 0.16644063976223641 0.2503390403566456 
0.08546879157879915 0.10492872413343084 0.37627141884674453 0.37627141884674453 0.05705964659428105 
0.024127374620565394 0.019611013693179764 0.44296853732086733 0.44296853732086733 0.07032453704452013 
0.0656230308829344 0.3670209350986232 0.18911867800614737 0.18911867800614737 0.18911867800614737 
0.13428202594165645 0.13428202594165645 0.13428202594165645 0.13428202594165645 0.46287189623337455 
0.12839765837055572 0.10501733555251662 0.10501733555251662 0.10501733555251662 0.5565503349718944 
0.06637593017840202 0.12441943750241272 0.03609485533751576 0.03609485533751576 0.7370149216441538 
0.10753222746992963 0.13147244818075196 0.2999622042267599 0.2999622042267599 0.1610709158957985 
0.2529930661722899 0.31262496227594266 0.09069445268973887 0.09069445268973887 0.2529930661722899 
0.19661526726734233 0.24087937523083602 0.16081299113549283 0.16081299113549283 0.24087937523083602 
0.05842892692201664 0.7244523636829526 0.03817814083067319 0.03817814083067319 0.14076242773368436 
