0.052848104127301836 0.22561628350137347 0.22561628350137347 0.34849902356972173 0.14742030530022973 
0.2 0.2 0.2 0.2 0.2 
0.17480934314738605 0.17480934314738605 0.2137276688970563 0.17480934314738605 0.26184430166078543 
0.049342197412666045 0.40585256749196147 0.17008319855589255 0.3253798391268141 0.049342197412666045 
0.14491716155955217 0.17718050171487273 0.2664925875830114 0.2664925875830114 0.14491716155955217 
0.1366799121764308 0.08970922447567532 0.3261456378547064 0.4078135299335047 0.0396516955596826 
0.26184430166078543 0.17480934314738605 0.17480934314738605 0.17480934314738605 0.2137276688970563 
0.26184430166078543 0.17480934314738605 0.17480934314738605 0.17480934314738605 0.2137276688970563 
0.07404708910308164 0.4066111798926866 0.1378978193574361 0.21104279660123593 0.17040111504555966 
0.17126424110108873 0.17126424110108873 0.17126424110108873 0.17126424110108873 0.3149430355956448 
0.131399545842396 0.10680309537683341 0.30779529584153864 0.38299286078769296 0.071009202151539 
0.18188812442370433 0.27244750230518255 0.18188812442370433 0.18188812442370433 0.18188812442370433 
0.24087937523083602 0.19661526726734233 0.16081299113549283 0.16081299113549283 0.24087937523083602 
0.17480934314738605 0.17480934314738605 0.2137276688970563 0.17480934314738605 0.26184430166078543 
0.049342197412666045 0.40585256749196147 0.17008319855589255 0.3253798391268141 0.049342197412666045 
0.14491716155955217 0.17718050171487273 0.2664925875830114 0.2664925875830114 0.14491716155955217 
0.1366799121764308 0.08970922447567532 0.3261456378547064 0.4078135299335047 0.0396516955596826 
0.26184430166078543 0.17480934314738605 0.17480934314738605 0.17480934314738605 0.2137276688970563 
0.26184430166078543 0.17480934314738605 0.17480934314738605 0.17480934314738605 0.2137276688970563 
0.07404708910308164 0.4066111798926866 0.1378978193574361 0.21104279660123593 0.17040111504555966 
0.27244750230518255 0.18188812442370433 0.18188812442370433 0.18188812442370433 0.18188812442370433 
0.11696144667357297 0.17519480237195117 0.26461720051406706 0.3262651037668358 0.11696144667357297 
0.17643222088223307 0.21571185274517785 0.21571185274517785 0.21571185274517785 0.17643222088223307 
0.3216649704600934 0.09331701548384053 0.09331701548384053 0.09331701548384053 0.3983839830883848 
0.17480934314738608 0.26184430166078543 0.17480934314738608 0.21372766889705624 0.17480934314738608 
0.178528695861963 0.11918718054448735 0.14572217824025804 0.14572217824025804 0.4108397671130334 
0.2 0.2 0.2 0.2 0.2 
0.039400367578574576 0.08914061226487342 0.3240783990253902 0.5079802535525872 0.039400367578574576 
0.2 0.2 0.2 0.2 0.2 
0.2 0.2 0.2 0.2 0.2 
0.17643222088223307 0.21571185274517785 0.21571185274517785 0.21571185274517785 0.17643222088223307 
0.1524518403685391 0.28034833821188815 0.22835533249813364 0.1863926485529 0.1524518403685391 
0.2 0.2 0.2 0.2 0.2 
0.20786289666211227 0.16931293826834257 0.16931293826834257 0.1381999126224388 0.3153113141787637 
1.289277955439333E-39 1.838930494602052E-40 4.269146211147368E-40 4.269146211147368E-40 1.0 
1.8456444632271114E-9 0.9999999941581994 6.411954125643904E-11 3.889405876571466E-9 4.263057592926297E-11 
7.473667456978407E-16 1.6523032015798006E-12 2.2961935740622533E-5 0.9999770380626041 2.1538324126520743E-15 
0.0036202144813868267 0.0012840663980307233 0.9911157985032455 0.0010502468152848166 0.0029296738020521823 
0.21630653782691703 0.014970306997687175 0.012168041493934764 0.01845794134520796 0.738097172336253 
0.04549066002998011 0.0229134840690254 0.005040418561402727 0.007679522037243552 0.9188759153023482 
0.35835693125099355 0.024801438409916016 0.01642025950060781 0.020158900664345072 0.5802624701741376 
1.0 1.699084041790012E-33 2.3723308281287812E-34 3.6144551592908064E-34 1.0784494179320467E-33 
0.30571382841097977 0.5288098666181902 0.02423057705634486 0.13808133424340302 0.003164393671081988 
0.17126424110108873 0.17126424110108873 0.17126424110108873 0.17126424110108873 0.3149430355956448 
0.48810920570230193 0.48810920570230193 0.002846476357763894 0.008203245697632854 0.012731866539999406 
0.19147430099047413 0.23410279603810327 0.19147430099047413 0.19147430099047413 0.19147430099047413 
0.2 0.2 0.2 0.2 0.2 
0.22835533249813364 0.15245184036853912 0.1863926485529 0.15245184036853912 0.28034833821188815 
0.2 0.2 0.2 0.2 0.2 
0.2 0.2 0.2 0.2 0.2 
0.18188812442370433 0.18188812442370433 0.18188812442370433 0.18188812442370433 0.27244750230518255 
0.2 0.2 0.2 0.2 0.2 
0.03511272178058591 0.15219901450509177 0.02871893874226262 0.043017668987328894 0.7409516559847308 
0.18312356896298218 0.5337538962189917 0.08094106318232183 0.12124040845338234 0.08094106318232183 
0.5284262022801184 0.11433144209706468 0.1412800094221075 0.17497613372024418 0.04098621248046511 
0.13806881202098953 0.6276537327471017 0.06102675095611574 0.11222395331967713 0.06102675095611574 
0.21232777231391683 0.26122625709805086 0.14116843386821215 0.1729497644059033 0.21232777231391683 
0.2 0.2 0.2 0.2 0.2 
0.05944212776505586 0.25765684934539673 0.1675873241987539 0.25765684934539673 0.25765684934539673 
0.1861996051254842 0.28123904121609233 0.15198347758805578 0.15198347758805578 0.228594398482312 
0.17579506297430417 0.17579506297430417 0.26552384430727893 0.26552384430727893 0.11736218543683415 
0.2 0.2 0.2 0.2 0.2 
0.14260975970711393 0.14260975970711393 0.1743593961020298 0.14260975970711393 0.3978113247766285 
0.31679795195550975 0.39419495863116577 0.08954006356348572 0.10992696228635335 0.08954006356348572 
0.109222754041522 0.13409109940849193 0.3112975235707471 0.3112975235707471 0.13409109940849193 
0.03594647040132978 0.16341080940891944 0.25745175796476594 0.5193919243480221 0.023799037876962855 
0.18812286622722793 0.08031071143320441 0.12236044899143478 0.1515441453633152 0.4576618279848179 
0.23410279603810327 0.19147430099047413 0.19147430099047413 0.19147430099047413 0.19147430099047413 
0.22453136198566015 0.18364575867622646 0.22453136198566015 0.18364575867622646 0.18364575867622646 
0.6133646642869836 0.16160129404083753 0.03785330509854325 0.05669989979153414 0.1304808367821012 
0.27055978960751903 0.1452826806263679 0.21943742456987256 0.21943742456987256 0.1452826806263679 
0.5143266520060957 0.09366292249818692 0.06253011371766912 0.06253011371766912 0.26695019806037906 
0.16826091023203954 0.2520355018974585 0.20572133881923121 0.16826091023203954 0.20572133881923121 
0.1299839315712038 0.2601145209614231 0.02280964105163398 0.05343017109014803 0.5336617353255909 
