0.1877059780402527 0.15155839703551874 0.2899407305626922 0.2899407305626922 0.08085416379884407 
0.23410279603810327 0.19147430099047413 0.19147430099047413 0.19147430099047413 0.19147430099047413 
0.24087937523083602 0.19661526726734233 0.16081299113549283 0.16081299113549283 0.24087937523083602 
0.22615787633456264 0.14709949856824622 0.28141057780050055 0.28141057780050055 0.0639214694961903 
0.3210021404589664 0.11507474841754894 0.2116144640236728 0.2116144640236728 0.140694183076139 
0.05913457426711144 0.03947871318706724 0.406034424374542 0.406034424374542 0.08931786379673722 
0.22453136198566015 0.22453136198566015 0.18364575867622646 0.18364575867622646 0.18364575867622646 
0.22453136198566015 0.22453136198566015 0.18364575867622646 0.18364575867622646 0.18364575867622646 
0.822708259153766 0.06254862262885137 0.05026770412099213 0.05026770412099213 0.014207709975398553 
0.21571185274517785 0.21571185274517785 0.17643222088223307 0.17643222088223307 0.21571185274517785 
0.1222096758087212 0.06604293430956115 0.3562069644445977 0.3562069644445977 0.099333460992522 
0.6878243001306565 0.08176618890187214 0.08176618890187214 0.08176618890187214 0.06687713316372688 
0.4338649795798895 0.18853420526661 0.12586693838450025 0.12586693838450025 0.12586693838450025 
0.24087937523083602 0.19661526726734233 0.16081299113549283 0.16081299113549283 0.24087937523083602 
0.22615787633456264 0.14709949856824622 0.28141057780050055 0.28141057780050055 0.0639214694961903 
0.3210021404589664 0.11507474841754894 0.2116144640236728 0.2116144640236728 0.140694183076139 
0.05913457426711144 0.03947871318706724 0.406034424374542 0.406034424374542 0.08931786379673722 
0.22453136198566015 0.22453136198566015 0.18364575867622646 0.18364575867622646 0.18364575867622646 
0.22453136198566015 0.22453136198566015 0.18364575867622646 0.18364575867622646 0.18364575867622646 
0.822708259153766 0.06254862262885137 0.05026770412099213 0.05026770412099213 0.014207709975398553 
0.3149430355956448 0.17126424110108873 0.17126424110108873 0.17126424110108873 0.17126424110108873 
0.11016971475685718 0.11016971475685718 0.3073195009072185 0.3073195009072185 0.16502156867184872 
0.24293505077651895 0.1621853765171327 0.19829319090211614 0.19829319090211614 0.19829319090211614 
0.3185911587010696 0.25895463862393014 0.14081806755833332 0.14081806755833332 0.14081806755833332 
0.19138277710975451 0.2344688915609822 0.19138277710975451 0.19138277710975451 0.19138277710975451 
0.1745442993828464 0.26252754417217034 0.1745442993828464 0.1745442993828464 0.2138395576792909 
0.2 0.2 0.2 0.2 0.2 
0.04879824783090709 0.039912425443487914 0.41049510944159334 0.41049510944159334 0.09029910784241821 
0.3149430355956448 0.17126424110108873 0.17126424110108873 0.17126424110108873 0.17126424110108873 
0.3149430355956448 0.17126424110108873 0.17126424110108873 0.17126424110108873 0.17126424110108873 
0.28261544419331086 0.18789995867687906 0.18789995867687906 0.18789995867687906 0.1536846797760521 
0.1573680011869796 0.23669312047988367 0.1573680011869796 0.1573680011869796 0.2912028759591775 
0.2 0.2 0.2 0.2 0.2 
0.3947148255184736 0.1700230194557733 0.11304165779420687 0.11304165779420687 0.20917883943733923 
4.4666082544760364E-4 0.9995386915461165 4.88254281186488E-6 4.88254281186488E-6 4.88254281186488E-6 
5.433505277297401E-6 0.9997900002672938 1.0196748098805542E-4 1.0196748098805542E-4 6.312654527583066E-7 
9.64129191149074E-15 1.8072275796363373E-14 0.4999999999975123 0.4999999999975123 4.947695267442255E-12 
4.937281077627356E-11 3.2548072342523554E-11 1.7699457613034843E-11 1.7699457613034843E-11 0.9999999998826803 
0.8900808444380772 0.07742102302539397 0.013328210779807882 0.013328210779807882 0.005841710976912833 
0.9999999999996378 3.260410470906408E-13 1.2957312917821569E-14 1.2957312917821569E-14 1.0485759999996498E-14 
0.9962115828157249 0.002520171899932136 4.5060459119344306E-4 4.5060459119344306E-4 3.67036101956108E-4 
0.3652581546010459 0.46151989928604076 0.06166118595977799 0.06166118595977799 0.04989957419335753 
0.022419798250450377 0.1474794317296518 0.4060853570446442 0.4060853570446442 0.017930055930609368 
0.4338649795798895 0.18853420526661 0.12586693838450025 0.12586693838450025 0.12586693838450025 
0.8924868211096547 0.09948763868772344 0.0035217277557498677 0.0035217277557498677 9.820846911219544E-4 
0.22453136198566015 0.22453136198566015 0.18364575867622646 0.18364575867622646 0.18364575867622646 
0.6728086840532764 0.08179782898668078 0.08179782898668078 0.08179782898668078 0.08179782898668078 
0.20572133881923121 0.2520355018974585 0.16826091023203954 0.16826091023203954 0.20572133881923121 
0.2 0.2 0.2 0.2 0.2 
0.19147430099047413 0.19147430099047413 0.19147430099047413 0.19147430099047413 0.23410279603810327 
0.22453136198566015 0.22453136198566015 0.18364575867622646 0.18364575867622646 0.18364575867622646 
0.23410279603810327 0.19147430099047413 0.19147430099047413 0.19147430099047413 0.19147430099047413 
0.0662719205881422 0.7169122780225573 0.08136102014235948 0.08136102014235948 0.05409376110458128 
0.1404154212766031 0.400200244886085 0.17238585840573525 0.17238585840573525 0.11461261702584143 
0.2189188309832512 0.09513025885907604 0.2711322769632465 0.2711322769632465 0.14368635623117934 
0.0910957095585813 0.48277122441349074 0.16751867823467312 0.16751867823467312 0.0910957095585813 
0.15871204180355789 0.29368996666377695 0.19444297486455384 0.19444297486455384 0.15871204180355789 
0.2 0.2 0.2 0.2 0.2 
0.19399134642215307 0.24081569119494853 0.24081569119494853 0.24081569119494853 0.08356157999300105 
0.228594398482312 0.28123904121609233 0.15198347758805578 0.15198347758805578 0.1861996051254842 
0.14239138192914974 0.11646289913390835 0.263489271114926 0.263489271114926 0.21416717670708965 
0.2 0.2 0.2 0.2 0.2 
0.19455677292453688 0.292627785487911 0.15912933433150755 0.15912933433150755 0.19455677292453688 
0.1629705230403193 0.3783421902070552 0.1629705230403193 0.1629705230403193 0.13274624067198693 
0.08703054603471794 0.10662378281304243 0.3038901539767729 0.3038901539767729 0.19856536319869375 
0.08393905188165034 0.0441823183457313 0.408641144594378 0.408641144594378 0.054596340583862174 
0.4337696717825391 0.18005299327118757 0.14537918997857582 0.14537918997857582 0.09541895498912144 
0.41085584857976054 0.14728603785505995 0.14728603785505995 0.14728603785505995 0.14728603785505995 
0.5027387209305204 0.11776095173733736 0.11776095173733736 0.11776095173733736 0.14397842385746754 
0.5810658928768098 0.23884836914669466 0.06750832201855084 0.06750832201855084 0.045069093939394414 
0.14438251183547152 0.14438251183547152 0.26717377336923315 0.26717377336923315 0.17688742959059084 
0.273419639517236 0.3371182481172066 0.12085214613704867 0.12085214613704867 0.14775782009145993 
0.22478382974577063 0.22478382974577063 0.18347744683615302 0.18347744683615302 0.18347744683615302 
0.13916350748102746 0.7302615449622069 0.05720345526049341 0.05720345526049341 0.01616803703577893 
