0.2380041005554293 0.1555146491293674 0.1555146491293674 0.1555146491293674 0.2954519520564682 
0.16678424679364126 0.16678424679364126 0.2498236298095381 0.2498236298095381 0.16678424679364126 
0.12844753312066143 0.3583056546758295 0.19239963954142386 0.19239963954142386 0.12844753312066143 
0.38643060908185084 0.08639468448809562 0.07037204867410142 0.07037204867410142 0.38643060908185084 
0.17643222088223307 0.17643222088223307 0.21571185274517785 0.21571185274517785 0.21571185274517785 
0.11810041426393629 0.11810041426393629 0.21717845321506993 0.21717845321506993 0.3294422650419875 
0.19147430099047413 0.23410279603810327 0.19147430099047413 0.19147430099047413 0.19147430099047413 
0.19147430099047413 0.23410279603810327 0.19147430099047413 0.19147430099047413 0.19147430099047413 
0.14108247026311005 0.03826494402778291 0.3539114992335787 0.3539114992335787 0.11282958724194939 
0.18188812442370433 0.27244750230518255 0.18188812442370433 0.18188812442370433 0.18188812442370433 
0.1442932745717498 0.17641771690510538 0.17641771690510538 0.17641771690510538 0.3264535747129339 
0.2507888191020121 0.13637754109695346 0.20427787993367813 0.20427787993367813 0.20427787993367813 
0.18184154019211066 0.22324406902635005 0.22324406902635005 0.22324406902635005 0.1484262527288394 
0.12844753312066143 0.3583056546758295 0.19239963954142386 0.19239963954142386 0.12844753312066143 
0.38643060908185084 0.08639468448809562 0.07037204867410142 0.07037204867410142 0.38643060908185084 
0.17643222088223307 0.17643222088223307 0.21571185274517785 0.21571185274517785 0.21571185274517785 
0.11810041426393629 0.11810041426393629 0.21717845321506993 0.21717845321506993 0.3294422650419875 
0.19147430099047413 0.23410279603810327 0.19147430099047413 0.19147430099047413 0.19147430099047413 
0.19147430099047413 0.23410279603810327 0.19147430099047413 0.19147430099047413 0.19147430099047413 
0.14108247026311005 0.03826494402778291 0.3539114992335787 0.3539114992335787 0.11282958724194939 
0.14974854996483358 0.14974854996483358 0.27537717505274945 0.27537717505274945 0.14974854996483358 
0.18188812442370433 0.18188812442370433 0.18188812442370433 0.18188812442370433 0.27244750230518255 
0.1608129911354928 0.1608129911354928 0.24087937523083602 0.24087937523083602 0.1966152672673423 
0.1490824656421867 0.3372887889636851 0.18227313987597063 0.18227313987597063 0.1490824656421867 
0.2901978891013846 0.1578079704226164 0.1578079704226164 0.1578079704226164 0.236378199630766 
0.12920857411556824 0.23760558710514884 0.23760558710514884 0.23760558710514884 0.15797466456898535 
0.2 0.2 0.2 0.2 0.2 
0.13428202594165645 0.13428202594165645 0.13428202594165645 0.13428202594165645 0.46287189623337455 
0.06177146407673937 0.06177146407673937 0.4073428038848911 0.4073428038848911 0.06177146407673937 
0.16678424679364126 0.16678424679364126 0.2498236298095381 0.2498236298095381 0.16678424679364126 
0.2075590111955787 0.16976395521768495 0.2075590111955787 0.2075590111955787 0.2075590111955787 
0.3294422650419875 0.21717845321506993 0.11810041426393629 0.11810041426393629 0.21717845321506993 
0.2 0.2 0.2 0.2 0.2 
8.173855763216823E-6 0.9999688204886595 8.173855763216823E-6 8.173855763216823E-6 6.657944050984254E-6 
1.5460639399239743E-7 0.9999958319687319 1.9737112666321477E-6 1.9737112666321477E-6 6.600234061208799E-8 
1.0 5.476505066965241E-25 1.5608674951748795E-24 1.5608674951748795E-24 9.27583629431948E-17 
5.176275792103285E-5 4.1982167059275246E-5 3.412359885882663E-5 3.412359885882663E-5 0.9998380078773019 
0.16302820764655693 0.303607266680196 0.20014722929997011 0.20014722929997011 0.13307006707330668 
0.022530596225464695 0.10413371142840425 0.42753113000228565 0.42753113000228565 0.018273432341559842 
0.0170431183997566 0.03496636830176242 0.4712785209419739 0.4712785209419739 0.005433471414533122 
3.275517910397074E-18 9.77320295373877E-18 0.5 0.5 2.1498709416684634E-18 
0.5112656820590479 0.051187879993437886 0.15650875533283048 0.15650875533283048 0.12452892728185316 
0.6297544783990422 0.0018615132559454105 0.0035365653867793956 0.0035365653867793956 0.3613108775714538 
0.09622869027347285 0.1441395165196938 0.33170155146668034 0.33170155146668034 0.09622869027347285 
0.9409044285917648 0.0013346967273452973 0.006383701065759143 0.006383701065759143 0.044993472549371506 
0.22453136198566015 0.18364575867622646 0.18364575867622646 0.18364575867622646 0.22453136198566015 
0.16678424679364126 0.16678424679364126 0.2498236298095381 0.2498236298095381 0.16678424679364126 
0.13935833216065807 0.20874276230449285 0.25627028668709545 0.25627028668709545 0.13935833216065807 
0.2 0.2 0.2 0.2 0.2 
0.2 0.2 0.2 0.2 0.2 
0.19147430099047413 0.23410279603810327 0.19147430099047413 0.19147430099047413 0.19147430099047413 
0.2 0.2 0.2 0.2 0.2 
0.4932318228640319 0.20274398815437178 0.07035093062331547 0.07035093062331547 0.16332232773496544 
0.5810658928768098 0.045069093939394414 0.06750832201855084 0.06750832201855084 0.23884836914669472 
0.03213303891846069 0.017473764784903912 0.45082497894008805 0.45082497894008805 0.048743238416459285 
0.696822378219712 0.0270085086289922 0.0270085086289922 0.0270085086289922 0.22215209589331153 
0.3262651037668358 0.17519480237195115 0.11696144667357297 0.11696144667357297 0.26461720051406706 
0.19147430099047413 0.23410279603810327 0.19147430099047413 0.19147430099047413 0.19147430099047413 
0.21093370047073842 0.40640098695050747 0.060408917132916296 0.060408917132916296 0.2618474783129215 
0.26189660671555826 0.14063080521233715 0.21241115305647676 0.21241115305647676 0.17265028195915083 
0.1682609102320395 0.1682609102320395 0.20572133881923121 0.20572133881923121 0.2520355018974585 
0.2 0.2 0.2 0.2 0.2 
0.17126424110108873 0.3149430355956448 0.17126424110108873 0.17126424110108873 0.17126424110108873 
0.5342137045759862 0.06350548922745478 0.06350548922745478 0.06350548922745478 0.27526982774164926 
0.1185090094289195 0.17751287348676775 0.2179298313239046 0.2179298313239046 0.26811845443650334 
0.2127039895020986 0.0916220324329909 0.0916220324329909 0.0916220324329909 0.5124299131989284 
0.005062804874634628 0.01442958139653321 0.48643033369473127 0.48643033369473127 0.0076469463393697 
0.18364575867622646 0.18364575867622646 0.22453136198566015 0.22453136198566015 0.18364575867622646 
0.14974854996483358 0.14974854996483358 0.27537717505274945 0.27537717505274945 0.14974854996483358 
0.418713090177771 0.17547273901641075 0.11517071589470389 0.11517071589470389 0.17547273901641075 
0.17480934314738605 0.2137276688970563 0.17480934314738605 0.17480934314738605 0.26184430166078543 
0.2366931204798836 0.2912028759591775 0.1573680011869796 0.1573680011869796 0.1573680011869796 
0.26252754417217034 0.1745442993828464 0.1745442993828464 0.1745442993828464 0.2138395576792909 
0.39877392525828853 0.09550851189485675 0.19268211713463823 0.19268211713463823 0.12035332857757816 
