0.3984516936939572 0.2082794641344335 0.07387536364763092 0.1111140143895447 0.2082794641344335 
0.34886795149227273 0.15420048366210765 0.18853059752140414 0.15420048366210765 0.15420048366210765 
0.19661526726734233 0.1608129911354928 0.24087937523083602 0.24087937523083602 0.1608129911354928 
0.10492872413343084 0.3762714188467445 0.05705964659428105 0.08546879157879914 0.3762714188467445 
0.26184430166078543 0.17480934314738608 0.17480934314738608 0.21372766889705624 0.17480934314738608 
0.18853059752140414 0.15420048366210765 0.15420048366210765 0.34886795149227273 0.15420048366210765 
0.23410279603810327 0.19147430099047413 0.19147430099047413 0.19147430099047413 0.19147430099047413 
0.23410279603810327 0.19147430099047413 0.19147430099047413 0.19147430099047413 0.19147430099047413 
0.2628472653308233 0.3286650461217713 0.03195609118720126 0.04786655123843259 0.3286650461217713 
0.18364575867622646 0.18364575867622646 0.22453136198566015 0.22453136198566015 0.18364575867622646 
0.236378199630766 0.1578079704226164 0.1578079704226164 0.2901978891013846 0.1578079704226164 
0.6634004572982289 0.09661718626780916 0.07886276640521633 0.06450240376093622 0.09661718626780916 
0.23066901696027353 0.23066901696027353 0.1539964745595897 0.1539964745595897 0.23066901696027353 
0.19661526726734233 0.1608129911354928 0.24087937523083602 0.24087937523083602 0.1608129911354928 
0.10492872413343084 0.3762714188467445 0.05705964659428105 0.08546879157879914 0.3762714188467445 
0.26184430166078543 0.17480934314738608 0.17480934314738608 0.21372766889705624 0.17480934314738608 
0.18853059752140414 0.15420048366210765 0.15420048366210765 0.34886795149227273 0.15420048366210765 
0.23410279603810327 0.19147430099047413 0.19147430099047413 0.19147430099047413 0.19147430099047413 
0.23410279603810327 0.19147430099047413 0.19147430099047413 0.19147430099047413 0.19147430099047413 
0.2628472653308233 0.3286650461217713 0.03195609118720126 0.04786655123843259 0.3286650461217713 
0.23410279603810327 0.19147430099047413 0.19147430099047413 0.19147430099047413 0.19147430099047413 
0.18188812442370433 0.18188812442370433 0.18188812442370433 0.27244750230518255 0.18188812442370433 
0.21571185274517785 0.17643222088223307 0.21571185274517785 0.21571185274517785 0.17643222088223307 
0.5316882491638755 0.12266190834155136 0.12266190834155136 0.10032602581147039 0.12266190834155136 
0.14038778277038017 0.258163374806 0.17164273380880998 0.17164273380880998 0.258163374806 
0.1552545257344294 0.18981930412587236 0.232553433006913 0.232553433006913 0.18981930412587236 
0.2 0.2 0.2 0.2 0.2 
0.15968239858692226 0.15968239858692226 0.15968239858692226 0.3612704056523108 0.15968239858692226 
0.2 0.2 0.2 0.2 0.2 
0.23410279603810327 0.19147430099047413 0.19147430099047413 0.19147430099047413 0.19147430099047413 
0.21571185274517785 0.21571185274517785 0.17643222088223307 0.17643222088223307 0.21571185274517785 
0.08502400136164265 0.19236093479258956 0.2930788425303609 0.2371752865228175 0.19236093479258956 
0.2 0.2 0.2 0.2 0.2 
0.17399726339097027 0.17399726339097027 0.26393986932885555 0.21406834049823317 0.17399726339097027 
0.6229388708380493 0.1770039210435255 0.011526643537449881 0.011526643537449881 0.1770039210435255 
3.2034143045185675E-16 0.4999999999999998 9.054159557415757E-17 9.054159557415757E-17 0.4999999999999998 
0.004111477179103118 0.005069328546553597 0.0018172829200032213 0.9839325828077865 0.005069328546553597 
1.497885046237735E-20 1.497885046237735E-20 0.9999999976410174 2.358982482027813E-9 1.497885046237735E-20 
0.9999999999836418 3.882765860068761E-12 7.480833428267569E-12 1.1119782214219867E-12 3.882765860068761E-12 
0.9998722876160763 5.885538515512217E-5 6.049076579137426E-6 3.95253703430267E-6 5.885538515512217E-5 
0.7266280935871253 0.09489403967683793 0.05028902844743233 0.033294798611766596 0.09489403967683793 
0.2625463841590218 0.3336029752014137 0.04256329251924323 0.027684372918907737 0.3336029752014137 
0.00314129303119202 0.4934104241061883 0.0025421046032960207 0.007495754153135435 0.4934104241061883 
0.4247751609148488 0.1506649712753773 0.1506649712753773 0.1232299252590187 0.1506649712753773 
0.13924322467468198 0.4297832246319965 7.173963603718091E-4 4.7292970095325667E-4 0.4297832246319965 
0.21571185274517785 0.21571185274517785 0.17643222088223307 0.17643222088223307 0.21571185274517785 
0.3612704056523108 0.15968239858692226 0.15968239858692226 0.15968239858692226 0.15968239858692226 
0.1621853765171327 0.19829319090211614 0.24293505077651895 0.19829319090211614 0.19829319090211614 
0.2 0.2 0.2 0.2 0.2 
0.18364575867622646 0.18364575867622646 0.22453136198566015 0.22453136198566015 0.18364575867622646 
0.23410279603810327 0.19147430099047413 0.19147430099047413 0.19147430099047413 0.19147430099047413 
0.2 0.2 0.2 0.2 0.2 
0.03363445830681387 0.4457622400885435 0.04120660320928528 0.03363445830681387 0.4457622400885435 
0.050443463283797646 0.42433480507430354 0.050443463283797646 0.050443463283797646 0.42433480507430354 
0.14116843386821215 0.2123277723139169 0.1729497644059033 0.26122625709805086 0.2123277723139169 
0.022811430601497366 0.4657828540977539 0.022811430601497366 0.022811430601497366 0.4657828540977539 
0.11081209570715451 0.30911142887465837 0.13548252327176427 0.13548252327176427 0.30911142887465837 
0.2 0.2 0.2 0.2 0.2 
0.14282835525440146 0.33158139117742463 0.07766925159687532 0.11633961079387399 0.33158139117742463 
0.12479128638093949 0.2847187365040618 0.15288562030546832 0.15288562030546832 0.2847187365040618 
0.17480934314738605 0.17480934314738605 0.2137276688970563 0.26184430166078543 0.17480934314738605 
0.2 0.2 0.2 0.2 0.2 
0.1621853765171327 0.19829319090211614 0.24293505077651895 0.19829319090211614 0.19829319090211614 
0.059153182979464175 0.39795303549679156 0.07247037301347643 0.07247037301347643 0.39795303549679156 
0.12385885307550296 0.1514339191685593 0.227767821946959 0.3455054866404193 0.1514339191685593 
0.3284441946325949 0.21263290143991653 0.0746049979091115 0.17168500457846048 0.21263290143991653 
0.27274102755513 0.1797992570417842 0.14645394150209734 0.22120651685920398 0.1797992570417842 
0.27244750230518255 0.18188812442370433 0.18188812442370433 0.18188812442370433 0.18188812442370433 
0.28034833821188815 0.1524518403685391 0.22835533249813364 0.1863926485529 0.1524518403685391 
0.3479884133862796 0.27898902960091704 0.05172626027610229 0.042307267135784095 0.27898902960091704 
0.22453136198566015 0.18364575867622646 0.18364575867622646 0.22453136198566015 0.18364575867622646 
0.5075416551852406 0.14153532704233399 0.1152863857625454 0.09410130496754573 0.14153532704233399 
0.16042921636779897 0.2412974146702102 0.19654673792398214 0.16042921636779897 0.2412974146702102 
0.1914824168731478 0.39629103172606944 0.008773908638754524 0.007161611035958571 0.39629103172606944 
