0.3032984644678696 0.19635369891136575 0.1282997919791845 0.1282997919791845 0.24374825266239578 
0.18188812442370433 0.18188812442370433 0.27244750230518255 0.18188812442370433 0.18188812442370433 
0.17480934314738608 0.17480934314738608 0.26184430166078543 0.21372766889705624 0.17480934314738608 
0.22578857924053308 0.3521516149090181 0.06296440908592855 0.07746493422250045 0.2816304625420194 
0.2507888191020121 0.13637754109695346 0.20427787993367813 0.20427787993367813 0.20427787993367813 
0.47478714221122187 0.04616353758954673 0.08489153701211871 0.1970788915935563 0.1970788915935563 
0.2 0.2 0.2 0.2 0.2 
0.2 0.2 0.2 0.2 0.2 
0.09345470232765447 0.18136670898547785 0.5764637255844429 0.03242821323446307 0.11628664986796151 
0.19147430099047413 0.19147430099047413 0.19147430099047413 0.23410279603810322 0.19147430099047413 
0.4380608361793463 0.06642969741310455 0.08121913919480286 0.18530629310848928 0.22898403410425705 
0.16201051309028822 0.24367580197148817 0.2997936492277017 0.13250952262023352 0.16201051309028822 
0.14320597184207143 0.21450608426018808 0.3239936273317957 0.14320597184207143 0.1750883447238734 
0.17480934314738608 0.17480934314738608 0.26184430166078543 0.21372766889705624 0.17480934314738608 
0.22578857924053308 0.3521516149090181 0.06296440908592855 0.07746493422250045 0.2816304625420194 
0.2507888191020121 0.13637754109695346 0.20427787993367813 0.20427787993367813 0.20427787993367813 
0.47478714221122187 0.04616353758954673 0.08489153701211871 0.1970788915935563 0.1970788915935563 
0.2 0.2 0.2 0.2 0.2 
0.2 0.2 0.2 0.2 0.2 
0.09345470232765447 0.18136670898547785 0.5764637255844429 0.03242821323446307 0.11628664986796151 
0.17126424110108873 0.17126424110108873 0.3149430355956448 0.17126424110108873 0.17126424110108873 
0.3294422650419875 0.11810041426393629 0.11810041426393629 0.21717845321506993 0.21717845321506993 
0.19829319090211614 0.1621853765171327 0.24293505077651895 0.19829319090211614 0.19829319090211614 
0.19147430099047413 0.19147430099047413 0.23410279603810327 0.19147430099047413 0.19147430099047413 
0.18027400319000136 0.271145442749465 0.14744735787752714 0.18027400319000136 0.22085919299300535 
0.18981930412587236 0.1552545257344294 0.232553433006913 0.232553433006913 0.18981930412587236 
0.2 0.2 0.2 0.2 0.2 
0.47062605650354966 0.04575895536858593 0.04575895536858593 0.19535167093784395 0.24250436182143437 
0.10753145569987334 0.10753145569987334 0.5698741772005067 0.10753145569987334 0.10753145569987334 
0.18188812442370433 0.18188812442370433 0.27244750230518255 0.18188812442370433 0.18188812442370433 
0.2 0.2 0.2 0.2 0.2 
0.14644138030274395 0.3341147125002827 0.11977542090092876 0.22025867399849586 0.17940981229754868 
0.2 0.2 0.2 0.2 0.2 
0.14580222249443783 0.2192973333511851 0.26980088830875404 0.2192973333511851 0.14580222249443783 
0.03474488630380754 0.02811744543946263 0.8742753365134599 0.03474488630380754 0.02811744543946263 
2.6602838683284797E-26 1.0 5.82697667508664E-28 2.021925461486777E-28 5.261783246973422E-23 
0.9999998508429708 2.3723304742788674E-14 1.92825809469445E-14 7.399396955450154E-9 1.4175758919992845E-7 
6.366783225088457E-7 9.536709407993784E-7 1.1708071825135013E-6 0.9999964604196365 7.784239174926431E-7 
0.03598375213222649 0.03598375213222649 0.8727265228980624 0.01932222070525799 0.03598375213222649 
3.331420251704499E-4 0.002493492000055056 0.996266447775486 2.6959658565052453E-4 6.373216136379309E-4 
1.297235816925367E-13 2.4316246900951954E-13 0.9999999999993618 1.0566522997492815E-13 1.5959855526009093E-13 
0.041233160095174214 0.6331792069520298 0.19382894854899663 0.033368108306218225 0.09839057609758109 
0.10486944060906606 0.7055091563832957 0.0029833685552800547 0.009121754980785393 0.17751627947157309 
0.13428202594165645 0.13428202594165645 0.46287189623337455 0.13428202594165645 0.13428202594165645 
0.001581959265029853 0.9753139408539904 0.009964632704056649 4.411522082102428E-4 0.012698314968712984 
0.17480934314738605 0.26184430166078543 0.17480934314738605 0.17480934314738605 0.2137276688970563 
0.17126424110108873 0.17126424110108873 0.3149430355956448 0.17126424110108873 0.17126424110108873 
0.17480934314738608 0.17480934314738608 0.26184430166078543 0.21372766889705624 0.17480934314738608 
0.2 0.2 0.2 0.2 0.2 
0.19147430099047413 0.19147430099047413 0.19147430099047413 0.23410279603810322 0.19147430099047413 
0.2 0.2 0.2 0.2 0.2 
0.2 0.2 0.2 0.2 0.2 
0.08657748037337819 0.6069964972060204 0.08657748037337819 0.05756198155037384 0.16228656049684942 
0.08799029986829243 0.616901803769562 0.07167174348594867 0.05850130999178305 0.16493484288441393 
0.14735508522703808 0.07809072201048975 0.5592925658034761 0.09628352756541673 0.11897809939357908 
0.043963591422820164 0.7815236540611332 0.02390715231047253 0.02390715231047253 0.12669844989510137 
0.17940981229754863 0.33411471250028274 0.11977542090092873 0.14644138030274395 0.22025867399849586 
0.2 0.2 0.2 0.2 0.2 
0.28448644532304823 0.22917073340704305 0.08040750970749086 0.12144886623936949 0.28448644532304823 
0.1359222350611597 0.31011465745522115 0.25151838657199616 0.1359222350611597 0.16652248585046306 
0.2771593507801175 0.1225051076172484 0.14977878531894168 0.2252783781418461 0.2252783781418461 
0.2 0.2 0.2 0.2 0.2 
0.19147430099047413 0.19147430099047413 0.19147430099047413 0.23410279603810322 0.19147430099047413 
0.08799029986829243 0.6169018037695619 0.05850130999178305 0.07167174348594867 0.16493484288441393 
0.32830610523283843 0.07690205230629263 0.11519043444631498 0.2650823781190019 0.2145190298955517 
0.467988688997839 0.07743813763611726 0.0410382856474537 0.11961510461225365 0.29391978310633665 
0.03544118660335684 0.015400818836402866 0.891796135786767 0.028680929386736727 0.028680929386736727 
0.18188812442370433 0.18188812442370433 0.27244750230518255 0.18188812442370433 0.18188812442370433 
0.15420048366210765 0.15420048366210765 0.34886795149227273 0.18853059752140414 0.15420048366210765 
0.09188256724473044 0.5045502737715872 0.17111281231288825 0.06134153435790557 0.17111281231288825 
0.2849304520980371 0.12593995331369232 0.12593995331369232 0.2315948206372889 0.2315948206372889 
0.1621853765171327 0.24293505077651895 0.19829319090211614 0.19829319090211614 0.19829319090211614 
0.1745442993828464 0.26252754417217034 0.2138395576792909 0.1745442993828464 0.1745442993828464 
0.038001589698064435 0.6219544387847652 0.23440808680415834 0.013186320466324435 0.09244956424668799 
