0.3339071447913736 0.21718267947698908 0.1158637481273241 0.1158637481273241 0.21718267947698908 
0.1608129911354928 0.19661526726734233 0.24087937523083602 0.24087937523083602 0.1608129911354928 
0.09265041706767335 0.13877967458073034 0.13877967458073034 0.13877967458073034 0.49101055919013603 
0.4446367657402647 0.18808800977895057 0.0674269036795941 0.0674269036795941 0.23242141712159678 
0.236378199630766 0.2901978891013846 0.1578079704226164 0.1578079704226164 0.1578079704226164 
0.46872093297725276 0.20190107681473402 0.10979266340267105 0.10979266340267105 0.10979266340267105 
0.19147430099047413 0.23410279603810327 0.19147430099047413 0.19147430099047413 0.19147430099047413 
0.19147430099047413 0.23410279603810327 0.19147430099047413 0.19147430099047413 0.19147430099047413 
0.10266041647456878 0.8240504872852873 0.01903386462977666 0.01903386462977666 0.03522136698059065 
0.17643222088223307 0.21571185274517785 0.21571185274517785 0.21571185274517785 0.17643222088223307 
0.41600730602667685 0.22193374646944838 0.12068631583462498 0.12068631583462498 0.12068631583462498 
0.12022381933941005 0.41979324082552194 0.18082552196646426 0.18082552196646426 0.0983318959021395 
0.14775782009145993 0.3371182481172066 0.12085214613704867 0.12085214613704867 0.27341963951723597 
0.09265041706767335 0.13877967458073034 0.13877967458073034 0.13877967458073034 0.49101055919013603 
0.4446367657402647 0.18808800977895057 0.0674269036795941 0.0674269036795941 0.23242141712159678 
0.236378199630766 0.2901978891013846 0.1578079704226164 0.1578079704226164 0.1578079704226164 
0.46872093297725276 0.20190107681473402 0.10979266340267105 0.10979266340267105 0.10979266340267105 
0.19147430099047413 0.23410279603810327 0.19147430099047413 0.19147430099047413 0.19147430099047413 
0.19147430099047413 0.23410279603810327 0.19147430099047413 0.19147430099047413 0.19147430099047413 
0.10266041647456878 0.8240504872852873 0.01903386462977666 0.01903386462977666 0.03522136698059065 
0.17126424110108873 0.3149430355956448 0.17126424110108873 0.17126424110108873 0.17126424110108873 
0.3149430355956448 0.17126424110108873 0.17126424110108873 0.17126424110108873 0.17126424110108873 
0.19829319090211614 0.24293505077651895 0.19829319090211614 0.19829319090211614 0.1621853765171327 
0.13935833216065807 0.20874276230449285 0.25627028668709545 0.25627028668709545 0.13935833216065807 
0.24293505077651895 0.19829319090211614 0.19829319090211614 0.19829319090211614 0.1621853765171327 
0.19829319090211614 0.24293505077651895 0.19829319090211614 0.19829319090211614 0.1621853765171327 
0.2 0.2 0.2 0.2 0.2 
0.5565503349718943 0.12839765837055572 0.10501733555251662 0.10501733555251662 0.10501733555251662 
0.13428202594165645 0.46287189623337455 0.13428202594165645 0.13428202594165645 0.13428202594165645 
0.18188812442370433 0.27244750230518255 0.18188812442370433 0.18188812442370433 0.18188812442370433 
0.2137276688970563 0.26184430166078543 0.17480934314738608 0.17480934314738608 0.17480934314738608 
0.12751701203008664 0.10408442556529349 0.23747480289799974 0.23747480289799974 0.29344895660862014 
0.2 0.2 0.2 0.2 0.2 
0.0 0.0 0.0 0.0 0.1 
0.017202602262782148 0.8875119312687887 0.04066665090150586 0.04066665090150586 0.013952164665417342 
0.9999600568765847 2.5156479020056285E-5 4.581192391241035E-6 4.581192391241035E-6 5.624259612697536E-6 
0.9999997531984058 8.588836176438735E-8 5.710381353155782E-8 5.710381353155782E-8 4.670560525071976E-8 
2.5914414174751393E-12 4.795353489632594E-12 0.49999999999265354 0.49999999999265354 7.306143795676709E-12 
0.0023280879480790046 0.09309570874074406 0.45187080827783077 0.45187080827783077 8.345867555153125E-4 
1.1880891614092754E-7 0.9999994151082087 1.8530056668653213E-7 1.8530056668653213E-7 9.548174192333258E-8 
1.6735108279147344E-7 0.9999992119027239 2.549741281597113E-7 2.549741281597113E-7 1.1079793686663853E-7 
0.1865340633684839 0.4630621828819061 0.14954796000326007 0.14954796000326007 0.05130783374308956 
0.9574545669118764 0.02002237524824316 0.008469764539645094 0.008469764539645094 0.005583528760590371 
0.11844435441565516 0.4082792357506779 0.17741602770900594 0.17741602770900594 0.11844435441565516 
0.1403633743450504 0.8176054957848632 0.017908495443211814 0.017908495443211814 0.006214138983662836 
0.22453136198566015 0.22453136198566015 0.18364575867622646 0.18364575867622646 0.18364575867622646 
0.12093146915844531 0.5162741233662188 0.12093146915844531 0.12093146915844531 0.12093146915844531 
0.16826091023203954 0.2520355018974585 0.20572133881923121 0.20572133881923121 0.16826091023203954 
0.2 0.2 0.2 0.2 0.2 
0.18364575867622646 0.18364575867622646 0.22453136198566015 0.22453136198566015 0.18364575867622646 
0.19147430099047413 0.23410279603810327 0.19147430099047413 0.19147430099047413 0.19147430099047413 
0.19147430099047413 0.23410279603810327 0.19147430099047413 0.19147430099047413 0.19147430099047413 
0.3607438470034735 0.1937088773914259 0.15811284242942708 0.15811284242942708 0.12932159074624627 
0.4108397671130334 0.178528695861963 0.14572217824025804 0.14572217824025804 0.11918718054448732 
0.2200027332582236 0.5249705726739213 0.09560126404183222 0.09560126404183222 0.06382416598419081 
0.5162741233662188 0.12093146915844531 0.12093146915844531 0.12093146915844531 0.12093146915844531 
0.28261544419331086 0.18789995867687906 0.18789995867687906 0.18789995867687906 0.1536846797760521 
0.18188812442370433 0.18188812442370433 0.18188812442370433 0.18188812442370433 0.27244750230518255 
0.2056839654795943 0.08780764363921888 0.03881119220175049 0.03881119220175049 0.6288860064776858 
0.20427787993367813 0.2507888191020121 0.20427787993367813 0.20427787993367813 0.13637754109695352 
0.28261544419331086 0.18789995867687906 0.18789995867687906 0.18789995867687906 0.1536846797760521 
0.2 0.2 0.2 0.2 0.2 
0.17643222088223307 0.21571185274517785 0.21571185274517785 0.21571185274517785 0.17643222088223307 
0.3855431132363996 0.167536141129489 0.167536141129489 0.167536141129489 0.11184846337513346 
0.3367685937304116 0.18083486876930466 0.18083486876930466 0.18083486876930466 0.12072679996167429 
0.6331799122595596 0.1346961271094502 0.07185839212739292 0.07185839212739292 0.08840717637620396 
0.0838509591941195 0.7755354002090749 0.05527712607263038 0.05527712607263038 0.03005938845154499 
0.15968239858692226 0.3612704056523108 0.15968239858692226 0.15968239858692226 0.15968239858692226 
0.12670611330818268 0.4367576264957556 0.15491507344393937 0.15491507344393937 0.12670611330818268 
0.14033451935550822 0.40903580518990235 0.09291111211473971 0.09291111211473971 0.26480745122511 
0.30337560614524467 0.20170257864348456 0.16497393840375685 0.16497393840375685 0.16497393840375685 
0.14239138192914974 0.2141671767070896 0.263489271114926 0.263489271114926 0.11646289913390835 
0.19829319090211614 0.24293505077651895 0.19829319090211614 0.19829319090211614 0.1621853765171327 
0.2987220791728713 0.47309868568246316 0.06463215856953908 0.06463215856953908 0.09891491800558709 
