0.19677399517642527 0.10497601682616786 0.3025298474849749 0.06979444906134807 0.19677399517642527 0.12915169627465864 
0.14161169873877483 0.14161169873877483 0.14161169873877483 0.17313913384178933 0.14161169873877483 0.260414071203111 
0.13853479618468734 0.16937721128966318 0.13853479618468734 0.20750920007813733 0.13853479618468734 0.20750920007813733 
0.23383975003911267 0.08114097084570111 0.36293152722512084 0.04412400092547641 0.23383975003911267 0.04412400092547641 
0.15515263526277778 0.18969472947444427 0.18969472947444427 0.15515263526277778 0.15515263526277778 0.15515263526277778 
0.09223857908268916 0.25730042190491087 0.25730042190491087 0.09223857908268916 0.09223857908268916 0.2086834189421108 
0.16666666666666666 0.16666666666666666 0.16666666666666666 0.16666666666666666 0.16666666666666666 0.16666666666666666 
0.16666666666666666 0.16666666666666666 0.16666666666666666 0.16666666666666666 0.16666666666666666 0.16666666666666666 
0.20415610847089619 0.03717843065424962 0.20415610847089619 0.030346504646404718 0.20415610847089619 0.3200067392866574 
0.17743666170407293 0.17743666170407293 0.14512667659185402 0.17743666170407293 0.17743666170407293 0.14512667659185402 
0.1143184427293371 0.2586375865082382 0.2586375865082382 0.1143184427293371 0.1143184427293371 0.13976949879551215 
0.1941198959697643 0.1295959900256843 0.1941198959697643 0.15844833203933842 0.1941198959697643 0.1295959900256843 
0.1941198959697643 0.1295959900256843 0.15844833203933842 0.1295959900256843 0.1941198959697643 0.1941198959697643 
0.13853479618468734 0.16937721128966318 0.13853479618468734 0.20750920007813733 0.13853479618468734 0.20750920007813733 
0.23383975003911267 0.08114097084570111 0.36293152722512084 0.04412400092547641 0.23383975003911267 0.04412400092547641 
0.15515263526277778 0.18969472947444427 0.18969472947444427 0.15515263526277778 0.15515263526277778 0.15515263526277778 
0.09223857908268916 0.25730042190491087 0.25730042190491087 0.09223857908268916 0.09223857908268916 0.2086834189421108 
0.16666666666666666 0.16666666666666666 0.16666666666666666 0.16666666666666666 0.16666666666666666 0.16666666666666666 
0.16666666666666666 0.16666666666666666 0.16666666666666666 0.16666666666666666 0.16666666666666666 0.16666666666666666 
0.20415610847089619 0.03717843065424962 0.20415610847089619 0.030346504646404718 0.20415610847089619 0.3200067392866574 
0.14622169369747484 0.14622169369747484 0.14622169369747484 0.14622169369747484 0.14622169369747484 0.26889153151262546 
0.14294351955125334 0.2141129608974933 0.2141129608974933 0.14294351955125334 0.14294351955125334 0.14294351955125334 
0.13955207129104827 0.17062096538881455 0.17062096538881455 0.17062096538881455 0.13955207129104827 0.20903296125145976 
0.20130060330996918 0.13438988748884542 0.13438988748884542 0.1643095092011854 0.20130060330996918 0.1643095092011854 
0.21330796117475134 0.1418201231167316 0.17374816882896646 0.1418201231167316 0.21330796117475134 0.1159956625880679 
0.16962686381396302 0.16962686381396302 0.11324424650601743 0.16962686381396302 0.16962686381396302 0.20824829823813049 
0.16666666666666666 0.16666666666666666 0.16666666666666666 0.16666666666666666 0.16666666666666666 0.16666666666666666 
0.10439481680805705 0.29121036638388603 0.29121036638388603 0.10439481680805705 0.10439481680805705 0.10439481680805705 
0.08624888768320567 0.08624888768320567 0.08624888768320567 0.08624888768320567 0.08624888768320567 0.5687555615839721 
0.16070367680721379 0.16070367680721379 0.16070367680721379 0.16070367680721379 0.16070367680721379 0.1964816159639308 
0.17743666170407293 0.17743666170407293 0.17743666170407293 0.14512667659185402 0.17743666170407293 0.14512667659185402 
0.18222290495641635 0.18222290495641635 0.14811291906021473 0.22467539857122373 0.18222290495641635 0.08054296749931204 
0.16666666666666666 0.16666666666666666 0.16666666666666666 0.16666666666666666 0.16666666666666666 0.16666666666666666 
0.15683077229095582 0.1929484551026765 0.127745159400134 0.2378996815151436 0.15683077229095582 0.127745159400134 
0.4825768166372346 0.0023316282622054224 0.0015303533623727686 0.0028877354996107215 0.4825768166372346 0.02809664960134198 
0.4986111785552803 3.1660355001997043E-12 0.0027776428740834626 3.1660355001997043E-12 0.4986111785552803 9.023568572301003E-12 
8.876630982350397E-5 0.12937237793313552 0.8703526659893014 3.8905981833780864E-5 8.876630982350397E-5 5.85174760822545E-5 
2.8467250982886924E-18 4.459526031382807E-9 2.3236095473110115E-18 0.9999999955404739 2.8467250982886924E-18 3.4948807278578996E-18 
0.08828958405325367 0.020054683082639066 0.0302909334219746 0.21694630857533506 0.08828958405325367 0.5561289068135437 
0.3527914675540925 0.01859186746754065 0.06854803151470754 0.03532145406501596 0.3527914675540925 0.17195571184455072 
4.436350560008476E-19 1.0077021596431433E-19 1.5220504308719135E-19 1.5220504308719135E-19 4.436350560008476E-19 1.0 
0.0985753036611668 0.008411660559792209 0.04886172470112006 0.015980755165769793 0.0985753036611668 0.7295952522509846 
0.23153196636274068 0.009841984412981147 0.5181143290681113 0.0026693818302351404 0.23153196636274068 0.006310371963191511 
0.134135467625325 0.10971032954860215 0.10971032954860215 0.134135467625325 0.134135467625325 0.3781729380268203 
0.4373309205101934 0.0011272634545181073 0.11419461099719572 0.002113017242111756 0.4373309205101934 0.007903267285787729 
0.18336105464997435 0.14997227868335888 0.18336105464997435 0.14997227868335888 0.18336105464997435 0.14997227868335888 
0.16666666666666666 0.16666666666666666 0.16666666666666666 0.16666666666666666 0.16666666666666666 0.16666666666666666 
0.15273911202209267 0.15273911202209267 0.12492637936530998 0.1871253559733377 0.15273911202209267 0.22973092859507457 
0.16666666666666666 0.16666666666666666 0.16666666666666666 0.16666666666666666 0.16666666666666666 0.16666666666666666 
0.15515263526277778 0.18969472947444427 0.15515263526277778 0.18969472947444427 0.15515263526277778 0.15515263526277778 
0.16666666666666666 0.16666666666666666 0.16666666666666666 0.16666666666666666 0.16666666666666666 0.16666666666666666 
0.16666666666666666 0.16666666666666666 0.16666666666666666 0.16666666666666666 0.16666666666666666 0.16666666666666666 
0.38904311574375317 0.029354784410265577 0.12724075581979294 0.029354784410265577 0.38904311574375317 0.03596344387216952 
0.293977848159453 0.054505278257917414 0.23625766433086834 0.054505278257917414 0.293977848159453 0.06677608283439126 
0.04284789559091981 0.05271564462700506 0.0649968151388221 0.03490138556524856 0.04284789559091981 0.7616903634870845 
0.34626868241039144 0.02685756635716502 0.22091055595839984 0.02685756635716502 0.34626868241039144 0.03283694650648723 
0.22110119281760815 0.11948457809407624 0.22110119281760815 0.11948457809407624 0.22110119281760815 0.09772726535902297 
0.16666666666666666 0.16666666666666666 0.16666666666666666 0.16666666666666666 0.16666666666666666 0.16666666666666666 
0.26850102446335034 0.09316822223072653 0.26850102446335034 0.05066435218961117 0.26850102446335034 0.05066435218961117 
0.2200596830463551 0.11816560286782113 0.14507009770866777 0.11816560286782113 0.2200596830463551 0.17847933046297945 
0.128500324537995 0.2363031653591604 0.19247871501620448 0.1571087352743226 0.128500324537995 0.1571087352743226 
0.16666666666666666 0.16666666666666666 0.16666666666666666 0.16666666666666666 0.16666666666666666 0.16666666666666666 
0.17062096538881455 0.17062096538881455 0.13955207129104827 0.20903296125145976 0.17062096538881455 0.13955207129104827 
0.29041423187390153 0.06596661933990071 0.23339373541422712 0.06596661933990071 0.29041423187390153 0.053844562158168734 
0.1137167218146769 0.25945145925993074 0.1710383657035718 0.1710383657035718 0.1137167218146769 0.1710383657035718 
0.1390772373840463 0.1722479874222392 0.4149664585515324 0.06043542958057224 0.1390772373840463 0.07419564967756334 
0.011493997216310836 0.011493997216310836 0.011493997216310836 0.007609817377190059 0.011493997216310836 0.9464141937575666 
0.16666666666666666 0.16666666666666666 0.16666666666666666 0.16666666666666666 0.16666666666666666 0.16666666666666666 
0.14402682547909576 0.17609194745578782 0.14402682547909576 0.17609194745578782 0.14402682547909576 0.21573562865113693 
0.31860959432229136 0.04831552422795583 0.1665442426868079 0.05907215357518857 0.31860959432229136 0.0888488908654649 
0.13853479618468736 0.20750920007813733 0.20750920007813733 0.13853479618468736 0.13853479618468736 0.16937721128966318 
0.23346544586802007 0.12616630396063713 0.12616630396063713 0.15457019638204852 0.23346544586802007 0.12616630396063713 
0.18352939048226102 0.14980394285107243 0.18352939048226102 0.14980394285107243 0.18352939048226102 0.14980394285107243 
0.3378325466148271 0.007479634061578191 0.10196070733711837 0.007479634061578191 0.3378325466148271 0.20741493131007097 
