0.22171152197473434 0.07779034910091231 0.17901530481671757 0.17901530481671757 0.342467519290918 
0.19147430099047413 0.23410279603810327 0.19147430099047413 0.19147430099047413 0.19147430099047413 
0.17643222088223307 0.21571185274517785 0.21571185274517785 0.21571185274517785 0.17643222088223307 
0.24153158546498002 0.07006982037376776 0.15852813243305583 0.15852813243305583 0.3713423292951408 
0.27537717505274945 0.14974854996483358 0.14974854996483358 0.14974854996483358 0.27537717505274945 
0.3288206203674467 0.08918402555665486 0.031971217665784424 0.031971217665784424 0.5180529187443299 
0.17643222088223307 0.21571185274517785 0.21571185274517785 0.21571185274517785 0.17643222088223307 
0.17643222088223307 0.21571185274517785 0.21571185274517785 0.21571185274517785 0.17643222088223307 
0.13217370077195842 0.16332778934567915 0.2511080346592781 0.2511080346592781 0.202282440563806 
0.16678424679364126 0.16678424679364126 0.2498236298095381 0.2498236298095381 0.16678424679364126 
0.3451851570646091 0.09625987068483592 0.063999424290311 0.063999424290311 0.430556123669933 
0.18364575867622646 0.18364575867622646 0.22453136198566015 0.22453136198566015 0.18364575867622646 
0.1539964745595897 0.23066901696027353 0.23066901696027353 0.23066901696027353 0.1539964745595897 
0.17643222088223307 0.21571185274517785 0.21571185274517785 0.21571185274517785 0.17643222088223307 
0.24153158546498002 0.07006982037376776 0.15852813243305583 0.15852813243305583 0.3713423292951408 
0.27537717505274945 0.14974854996483358 0.14974854996483358 0.14974854996483358 0.27537717505274945 
0.3288206203674467 0.08918402555665486 0.031971217665784424 0.031971217665784424 0.5180529187443299 
0.17643222088223307 0.21571185274517785 0.21571185274517785 0.21571185274517785 0.17643222088223307 
0.17643222088223307 0.21571185274517785 0.21571185274517785 0.21571185274517785 0.17643222088223307 
0.13217370077195842 0.16332778934567915 0.2511080346592781 0.2511080346592781 0.202282440563806 
0.17126424110108873 0.3149430355956448 0.17126424110108873 0.17126424110108873 0.17126424110108873 
0.3020086515841289 0.10826585003849666 0.10826585003849666 0.10826585003849666 0.3731937983003813 
0.24087937523083602 0.19661526726734233 0.16081299113549283 0.16081299113549283 0.24087937523083602 
0.11380068999101327 0.2574662066726578 0.2574662066726578 0.2574662066726578 0.11380068999101327 
0.18364575867622646 0.18364575867622646 0.22453136198566015 0.22453136198566015 0.18364575867622646 
0.14438251183547152 0.17688742959059084 0.26717377336923315 0.26717377336923315 0.14438251183547152 
0.2 0.2 0.2 0.2 0.2 
0.348775018497902 0.03391138311315082 0.03391138311315082 0.03391138311315082 0.549490832162646 
0.15968239858692226 0.3612704056523108 0.15968239858692226 0.15968239858692226 0.15968239858692226 
0.19147430099047413 0.23410279603810327 0.19147430099047413 0.19147430099047413 0.19147430099047413 
0.2075590111955787 0.16976395521768495 0.2075590111955787 0.2075590111955787 0.2075590111955787 
0.19661526726734233 0.1608129911354928 0.24087937523083602 0.24087937523083602 0.1608129911354928 
0.2 0.2 0.2 0.2 0.2 
0.15797466456898537 0.23760558710514879 0.23760558710514879 0.23760558710514879 0.12920857411556824 
4.935663011655546E-9 2.3606708986544327E-8 0.4999999832609825 0.4999999832609825 4.935663011655546E-9 
7.959755369551894E-5 5.700846258287462E-4 0.49944836001083015 0.49944836001083015 4.5359779881553155E-4 
1.1311160993007972E-10 1.4673243171148434E-23 2.750449834425745E-23 2.750449834425745E-23 0.9999999998868885 
0.9506723275094224 0.018426837269667113 0.01214753673261097 0.01214753673261097 0.006605761755688725 
0.023041489414320007 0.4230321377302181 0.2627584523437386 0.2627584523437386 0.0284094681679845 
0.0071110695437128025 0.08109257150075662 0.45234264470590885 0.45234264470590885 0.0071110695437128025 
2.1225601685459578E-6 0.9999493490054141 2.296129993167115E-5 2.296129993167115E-5 2.605834553968506E-6 
1.7216156870731475E-9 0.9999999654810025 1.553788300889232E-8 1.553788300889232E-8 1.7216156870731475E-9 
0.13674135249478073 0.17425476831872042 0.10761578981975088 0.10761578981975088 0.47377229954699734 
0.1463121882554405 0.2690579447148641 0.21915883938712738 0.21915883938712738 0.1463121882554405 
0.008858332104554412 0.325901429928754 0.325901429928754 0.325901429928754 0.013437378109183735 
0.18364575867622646 0.18364575867622646 0.22453136198566015 0.22453136198566015 0.18364575867622646 
0.2 0.2 0.2 0.2 0.2 
0.1539964745595897 0.23066901696027353 0.23066901696027353 0.23066901696027353 0.1539964745595897 
0.2 0.2 0.2 0.2 0.2 
0.2 0.2 0.2 0.2 0.2 
0.18364575867622646 0.18364575867622646 0.22453136198566015 0.22453136198566015 0.18364575867622646 
0.2 0.2 0.2 0.2 0.2 
0.022442563568926717 0.033616380448434124 0.4582510187554299 0.4582510187554299 0.02743901847177914 
0.10372816542122544 0.19074888654220185 0.28935073579545867 0.28935073579545867 0.12682147644565533 
0.11272019744978702 0.6677129326320683 0.039981116773283865 0.039981116773283865 0.13960463637157666 
0.0912776069430139 0.1678531748817946 0.31463510259902105 0.31463510259902105 0.11159901297714926 
0.13983711782156857 0.17131872841359536 0.25876271267562057 0.25876271267562057 0.17131872841359536 
0.2 0.2 0.2 0.2 0.2 
0.18818964702037239 0.05389528921531195 0.23361361606472714 0.23361361606472714 0.2906878316348616 
0.14239138192914974 0.2141671767070896 0.263489271114926 0.263489271114926 0.11646289913390835 
0.27341963951723597 0.14775782009145993 0.12085214613704867 0.12085214613704867 0.3371182481172066 
0.2 0.2 0.2 0.2 0.2 
0.14974854996483358 0.14974854996483358 0.27537717505274945 0.27537717505274945 0.14974854996483358 
0.09856720943362866 0.22488694639308127 0.2778940711545455 0.2778940711545455 0.12075770186419876 
0.35113311971611916 0.09924458685592073 0.09924458685592073 0.09924458685592073 0.35113311971611916 
0.29702968364665616 0.03291123781790609 0.03291123781790609 0.03291123781790609 0.6042366028996258 
0.08899145235079982 0.5271525864280838 0.13681975854083459 0.13681975854083459 0.11021644413944706 
0.19147430099047413 0.23410279603810327 0.19147430099047413 0.19147430099047413 0.19147430099047413 
0.18188812442370433 0.27244750230518255 0.18188812442370433 0.18188812442370433 0.18188812442370433 
0.062264446516455366 0.32997693555311697 0.2658160259348913 0.2658160259348913 0.07612656606064491 
0.24233051822467144 0.1969690936505227 0.13095704894400648 0.13095704894400648 0.2987862902367926 
0.09069445268973887 0.3126249622759426 0.2529930661722899 0.2529930661722899 0.09069445268973887 
0.1608129911354928 0.19661526726734233 0.24087937523083602 0.24087937523083602 0.1608129911354928 
0.014014223820255814 0.1264808236905404 0.41907652350858876 0.41907652350858876 0.02135190547202632 
