0.27079441881556665 0.14155019876718597 0.17531076483449473 0.27079441881556665 0.14155019876718597 
0.18188812442370433 0.27244750230518255 0.18188812442370433 0.18188812442370433 0.18188812442370433 
0.17480934314738605 0.26184430166078543 0.17480934314738605 0.17480934314738605 0.2137276688970563 
0.25660716346140616 0.10854867251052201 0.32007107879554747 0.2062244127220024 0.10854867251052201 
0.2315948206372889 0.2315948206372889 0.12593995331369232 0.2849304520980371 0.12593995331369232 
0.33912709234525457 0.06063563553461138 0.03297331558348977 0.5342906409531547 0.03297331558348977 
0.18364575867622646 0.22453136198566015 0.18364575867622646 0.18364575867622646 0.22453136198566015 
0.18364575867622646 0.22453136198566015 0.18364575867622646 0.18364575867622646 0.22453136198566015 
0.05448807156101408 0.6755902309756144 0.13126842541010242 0.05448807156101408 0.08416520049225504 
0.18364575867622646 0.22453136198566015 0.18364575867622646 0.18364575867622646 0.22453136198566015 
0.3201178382844767 0.07271369397348627 0.048544241752459825 0.49927243482484074 0.059351791164736274 
0.12797960106551118 0.4468746026041198 0.19249079168245034 0.10467540358240747 0.12797960106551118 
0.1377751854667747 0.3117068479861904 0.20637139054013018 0.1377751854667747 0.20637139054013018 
0.17480934314738605 0.26184430166078543 0.17480934314738605 0.17480934314738605 0.2137276688970563 
0.25660716346140616 0.10854867251052201 0.32007107879554747 0.2062244127220024 0.10854867251052201 
0.2315948206372889 0.2315948206372889 0.12593995331369232 0.2849304520980371 0.12593995331369232 
0.33912709234525457 0.06063563553461138 0.03297331558348977 0.5342906409531547 0.03297331558348977 
0.18364575867622646 0.22453136198566015 0.18364575867622646 0.18364575867622646 0.22453136198566015 
0.18364575867622646 0.22453136198566015 0.18364575867622646 0.18364575867622646 0.22453136198566015 
0.05448807156101408 0.6755902309756144 0.13126842541010242 0.05448807156101408 0.08416520049225504 
0.17126424110108873 0.3149430355956448 0.17126424110108873 0.17126424110108873 0.17126424110108873 
0.3020086515841289 0.10826585003849666 0.10826585003849666 0.3731937983003814 0.10826585003849666 
0.19661526726734233 0.24087937523083602 0.16081299113549283 0.24087937523083602 0.16081299113549283 
0.14792207871305224 0.22157027023535322 0.14792207871305224 0.14792207871305224 0.3346634936254901 
0.18027400319000136 0.18027400319000136 0.271145442749465 0.14744735787752714 0.22085919299300535 
0.18027400319000136 0.22085919299300535 0.14744735787752716 0.18027400319000136 0.271145442749465 
0.2 0.2 0.2 0.2 0.2 
0.352895712029814 0.03346539322478437 0.02737157728797048 0.5588957401694603 0.02737157728797048 
0.13428202594165645 0.46287189623337455 0.13428202594165645 0.13428202594165645 0.13428202594165645 
0.18188812442370433 0.27244750230518255 0.18188812442370433 0.18188812442370433 0.18188812442370433 
0.19138277710975451 0.2344688915609822 0.19138277710975451 0.19138277710975451 0.19138277710975451 
0.16280005992887628 0.13315529845707294 0.3714380123003122 0.13315529845707294 0.19945133085666558 
0.2 0.2 0.2 0.2 0.2 
0.140694183076139 0.32100214045896636 0.2116144640236728 0.11507474841754897 0.2116144640236728 
2.7178094961410464E-6 9.161908053994032E-5 2.7178094961410464E-6 3.373816329544586E-6 0.9998995714841381 
4.078337680256759E-23 3.0072865982173125E-24 1.0 1.5608674951748795E-24 3.833759992447614E-19 
8.579197521324738E-16 6.41195416310151E-31 9.726419318152627E-31 0.9999999999999991 1.2018991344002747E-30 
0.1315919935860436 0.2977178031149623 0.19710967986211678 0.1315919935860436 0.2419885298508336 
0.025061082823017514 0.7792417225689495 0.025061082823017514 0.025061082823017514 0.14557502896199798 
3.9965568961180464E-7 0.9999834136419382 2.991331592925412E-6 2.623121525428419E-7 1.2933058626734907E-5 
2.021925016468222E-8 0.9999997799036193 3.790030098936224E-8 2.021925016468222E-8 1.4175757914373553E-7 
0.03300552628897837 0.19551258115295475 0.5068351034083265 0.01760796023865772 0.24703882891108267 
0.14157981776627762 0.005011733924518559 0.7172141976298266 0.0847762157605195 0.05141803491885771 
0.12586693838450025 0.43386497957988945 0.12586693838450025 0.12586693838450025 0.18853420526661 
0.0012035434584870674 0.042306180715372996 0.923293148537017 5.137994829141416E-4 0.0326833278062085 
0.17643222088223307 0.21571185274517785 0.21571185274517785 0.17643222088223307 0.21571185274517785 
0.13428202594165645 0.46287189623337455 0.13428202594165645 0.13428202594165645 0.13428202594165645 
0.16678424679364126 0.2498236298095381 0.16678424679364126 0.16678424679364126 0.2498236298095381 
0.2 0.2 0.2 0.2 0.2 
0.2 0.2 0.2 0.2 0.2 
0.18364575867622646 0.22453136198566015 0.18364575867622646 0.18364575867622646 0.22453136198566015 
0.19147430099047413 0.23410279603810327 0.19147430099047413 0.19147430099047413 0.19147430099047413 
0.04526388482448182 0.04526388482448182 0.3896008501497514 0.030218530341428483 0.48965284985985624 
0.07365840185205934 0.07365840185205934 0.634001612842406 0.049174936263174956 0.16950664719030067 
0.192650975523707 0.46411975109817166 0.08298421655841236 0.192650975523707 0.06759408129600183 
0.043963591422820164 0.02390715231047253 0.7815236540611332 0.02390715231047253 0.12669844989510137 
0.16652248585046306 0.1359222350611597 0.31011465745522115 0.1359222350611597 0.25151838657199616 
0.2 0.2 0.2 0.2 0.2 
0.2233750680148067 0.09536007497908872 0.17994188828107952 0.27794790071021847 0.2233750680148067 
0.1341561870291557 0.20178083409653824 0.30608531391000976 0.10972727609273807 0.24825038887155793 
0.27341963951723597 0.14775782009145993 0.12085214613704867 0.3371182481172066 0.12085214613704867 
0.2 0.2 0.2 0.2 0.2 
0.16497393840375685 0.20170257864348456 0.16497393840375685 0.16497393840375685 0.30337560614524467 
0.09484527166502313 0.07725540192277747 0.5304570640493274 0.07725540192277747 0.2201868604400944 
0.2873052696802123 0.10080476209757995 0.06729806276722024 0.4437871433574078 0.10080476209757995 
0.3857999402930919 0.040680923690410244 0.05038356645524418 0.49021436088926834 0.032921208671985336 
0.08889288915273795 0.680675738944977 0.031189217493929795 0.11034926525561727 0.08889288915273795 
0.17126424110108873 0.3149430355956448 0.17126424110108873 0.17126424110108873 0.17126424110108873 
0.14728603785505995 0.41085584857976054 0.14728603785505995 0.14728603785505995 0.14728603785505995 
0.0702495054635339 0.24854683558445037 0.3857576935082575 0.04689912985930821 0.24854683558445037 
0.2662558465222524 0.14388645796694616 0.11768573219745768 0.3282855053463973 0.14388645796694616 
0.12305684986350422 0.18432501568247658 0.22629299378364578 0.12305684986350422 0.34326829080686916 
0.1463121882554405 0.21915883938712738 0.2690579447148641 0.1463121882554405 0.21915883938712738 
0.03222126512366005 0.12414525086925211 0.4113379295479625 0.02095762491116284 0.4113379295479625 
