0.10222884123742344 0.3665897156106606 0.23732809452005754 0.10222884123742344 0.19162450739443468 
0.27244750230518255 0.18188812442370433 0.18188812442370433 0.18188812442370433 0.18188812442370433 
0.21571185274517785 0.17643222088223307 0.17643222088223307 0.21571185274517785 0.21571185274517785 
0.04442926375362182 0.29298222314203887 0.4569503177093458 0.0817023279692461 0.12393586742574733 
0.16497393840375685 0.30337560614524467 0.16497393840375685 0.20170257864348454 0.16497393840375685 
0.1288439299668819 0.585717892417483 0.06962813006972413 0.15886071690996129 0.05694933063594974 
0.22453136198566015 0.18364575867622646 0.18364575867622646 0.18364575867622646 0.22453136198566015 
0.22453136198566015 0.18364575867622646 0.18364575867622646 0.18364575867622646 0.22453136198566015 
0.30283865861205705 0.1560468117451594 0.30283865861205705 0.04410521392670845 0.19417065710401799 
0.17480934314738605 0.17480934314738605 0.17480934314738605 0.21372766889705624 0.26184430166078543 
0.09761788358065174 0.5265085561277987 0.09761788358065174 0.18063779313024608 0.09761788358065174 
0.15912933433150755 0.19455677292453688 0.292627785487911 0.15912933433150755 0.19455677292453688 
0.23066901696027353 0.1539964745595897 0.23066901696027353 0.1539964745595897 0.23066901696027353 
0.21571185274517785 0.17643222088223307 0.17643222088223307 0.21571185274517785 0.21571185274517785 
0.04442926375362182 0.29298222314203887 0.4569503177093458 0.0817023279692461 0.12393586742574733 
0.16497393840375685 0.30337560614524467 0.16497393840375685 0.20170257864348454 0.16497393840375685 
0.1288439299668819 0.585717892417483 0.06962813006972413 0.15886071690996129 0.05694933063594974 
0.22453136198566015 0.18364575867622646 0.18364575867622646 0.18364575867622646 0.22453136198566015 
0.22453136198566015 0.18364575867622646 0.18364575867622646 0.18364575867622646 0.22453136198566015 
0.30283865861205705 0.1560468117451594 0.30283865861205705 0.04410521392670845 0.19417065710401799 
0.3149430355956448 0.17126424110108873 0.17126424110108873 0.17126424110108873 0.17126424110108873 
0.1372232489402939 0.3827856001104269 0.1372232489402939 0.20554465306869155 0.1372232489402939 
0.2520355018974585 0.20572133881923121 0.16826091023203954 0.20572133881923121 0.16826091023203954 
0.18853059752140414 0.15420048366210765 0.15420048366210765 0.15420048366210765 0.34886795149227273 
0.14744735787752714 0.18027400319000136 0.271145442749465 0.18027400319000136 0.22085919299300535 
0.24855856787208955 0.16525687322312066 0.1351647430948161 0.20246124793788436 0.24855856787208955 
0.2 0.2 0.2 0.2 0.2 
0.06136084392451028 0.6310898438854478 0.0750217917270274 0.17116667653850431 0.06136084392451028 
0.5698741772005067 0.10753145569987334 0.10753145569987334 0.10753145569987334 0.10753145569987334 
0.23410279603810327 0.19147430099047413 0.19147430099047413 0.19147430099047413 0.19147430099047413 
0.16976395521768495 0.2075590111955787 0.2075590111955787 0.2075590111955787 0.2075590111955787 
0.1139931254287193 0.13937175513341094 0.31798494251277454 0.25790157856872836 0.17074859835636677 
0.2 0.2 0.2 0.2 0.2 
0.20428349522352807 0.13582010855929688 0.20428349522352807 0.2513294057701187 0.20428349522352807 
5.882578391052731E-6 6.202922749222576E-7 2.2001361280688173E-7 6.202922749222576E-7 0.9999926568234463 
5.054096616121025E-26 2.3074284395758963E-24 1.0 1.4284945008957274E-26 3.118047268860979E-21 
1.9282583821553885E-14 0.9999999999209894 6.91467968708077E-14 7.88860905158701E-11 3.614455159005077E-14 
2.4581893150015296E-9 1.3367494433408114E-9 1.6343539611826566E-9 0.9999999921125179 2.4581893150015296E-9 
0.6460840646595848 0.04338891311490398 0.03519056310116194 0.02329857520935415 0.25203788391499493 
0.15731528511068724 0.021018047248952027 0.12450317054358251 0.017008943175090874 0.6801545539216872 
0.9999999999998004 1.9282583823073575E-14 2.9250130464114364E-14 1.5706463139485738E-14 1.3519059214024157E-13 
0.9725421830083396 0.0011139031433702988 0.017105172325201593 9.014308058083367E-4 0.008337310717280196 
0.006797481715184194 0.12312143751157813 0.8282994646200366 0.006797481715184194 0.034984134438016824 
0.3827856001104269 0.1372232489402939 0.1372232489402939 0.1372232489402939 0.20554465306869155 
0.0038269400838708122 0.0015574311930933297 0.9601918254931315 4.3431220079846364E-4 0.03398949102910577 
0.18364575867622646 0.18364575867622646 0.22453136198566015 0.18364575867622646 0.22453136198566015 
0.2 0.2 0.2 0.2 0.2 
0.2803483382118881 0.1524518403685391 0.1524518403685391 0.1863926485529 0.22835533249813364 
0.2 0.2 0.2 0.2 0.2 
0.19147430099047413 0.19147430099047413 0.19147430099047413 0.23410279603810322 0.19147430099047413 
0.19147430099047413 0.19147430099047413 0.19147430099047413 0.19147430099047413 0.23410279603810327 
0.2 0.2 0.2 0.2 0.2 
0.039552230625828674 0.04855766671713277 0.3404388009755483 0.0322840940120528 0.5391672076694373 
0.07167174348594867 0.08799029986829243 0.616901803769562 0.05850130999178305 0.16493484288441393 
0.7605525485560195 0.09932440591817203 0.052636897867911606 0.052636897867911606 0.03484924978998525 
0.02907492110720672 0.04373083315962318 0.7773860010059686 0.023780579683676546 0.12602766504352467 
0.1359222350611597 0.16652248585046306 0.31011465745522115 0.1359222350611597 0.25151838657199616 
0.2 0.2 0.2 0.2 0.2 
0.05647392979392571 0.29928948757484836 0.2410954634083204 0.1038516316480568 0.29928948757484836 
0.2254564846170976 0.1218382072016671 0.2779811108484348 0.14926771271570274 0.2254564846170976 
0.16693526886622678 0.30890670292688366 0.13653751453534568 0.25108299913619786 0.13653751453534568 
0.2 0.2 0.2 0.2 0.2 
0.16497393840375685 0.16497393840375685 0.16497393840375685 0.20170257864348454 0.3033756061452446 
0.07725540192277747 0.09484527166502313 0.5304570640493274 0.07725540192277747 0.2201868604400944 
0.16137379509182675 0.37463532630352564 0.08775415686755555 0.24479108210990774 0.13144563962718417 
0.04597636960218627 0.6450462376199141 0.1324990650644977 0.10673586884639673 0.06974245886700507 
0.9067131816148197 0.028019132390639204 0.012175596340235134 0.018390227190085706 0.0347018624642202 
0.2 0.2 0.2 0.2 0.2 
0.26184430166078543 0.17480934314738608 0.17480934314738608 0.21372766889705624 0.17480934314738608 
0.13584687837838155 0.08993998486913132 0.39595558908261613 0.060044650878164636 0.31821289679170656 
0.16967858868922567 0.31398310102629096 0.13878129485062451 0.20787842674463333 0.16967858868922567 
0.22025867399849586 0.11977542090092873 0.17940981229754865 0.14644138030274395 0.33411471250028274 
0.1745442993828464 0.1745442993828464 0.26252754417217034 0.1745442993828464 0.2138395576792909 
0.18701628326393008 0.03031856178831625 0.3870479444247645 0.008569266098224514 0.3870479444247645 
