0.24719165624377765 0.12921251563433347 0.24719165624377765 0.24719165624377765 0.12921251563433347 
0.25976755484817354 0.11481789148579519 0.3957787706944414 0.11481789148579519 0.11481789148579519 
0.21571185274517785 0.21571185274517785 0.17643222088223307 0.17643222088223307 0.21571185274517785 
0.17607247440337964 0.2170921014208537 0.07782446222546359 0.41243886347630104 0.11657209847400199 
0.20637139054013018 0.20637139054013018 0.1377751854667747 0.3117068479861904 0.1377751854667747 
0.04224559950273964 0.18311706656271853 0.03455296891624487 0.7055313961020518 0.03455296891624487 
0.22453136198566015 0.18364575867622646 0.18364575867622646 0.18364575867622646 0.22453136198566015 
0.22453136198566015 0.18364575867622646 0.18364575867622646 0.18364575867622646 0.22453136198566015 
0.4405033968710355 0.09690021348395327 0.09690021348395327 0.1828480880805289 0.1828480880805289 
0.18188812442370433 0.18188812442370433 0.18188812442370433 0.18188812442370433 0.27244750230518255 
0.08196559054073792 0.23361144458640515 0.0547208816546106 0.5627985283769529 0.06690355484129334 
0.534569890718872 0.04146273411901745 0.3410419069240757 0.04146273411901745 0.04146273411901745 
0.2901978891013846 0.1578079704226164 0.1578079704226164 0.1578079704226164 0.236378199630766 
0.21571185274517785 0.21571185274517785 0.17643222088223307 0.17643222088223307 0.21571185274517785 
0.17607247440337964 0.2170921014208537 0.07782446222546359 0.41243886347630104 0.11657209847400199 
0.20637139054013018 0.20637139054013018 0.1377751854667747 0.3117068479861904 0.1377751854667747 
0.04224559950273964 0.18311706656271853 0.03455296891624487 0.7055313961020518 0.03455296891624487 
0.22453136198566015 0.18364575867622646 0.18364575867622646 0.18364575867622646 0.22453136198566015 
0.22453136198566015 0.18364575867622646 0.18364575867622646 0.18364575867622646 0.22453136198566015 
0.4405033968710355 0.09690021348395327 0.09690021348395327 0.1828480880805289 0.1828480880805289 
0.23410279603810327 0.19147430099047413 0.19147430099047413 0.19147430099047413 0.19147430099047413 
0.11481789148579519 0.2597675548481735 0.11481789148579519 0.3957787706944414 0.11481789148579519 
0.20572133881923121 0.20572133881923121 0.16826091023203954 0.2520355018974585 0.16826091023203954 
0.2793399593529257 0.052709586898503885 0.43355023278122395 0.052709586898503885 0.18169063406884295 
0.21571185274517785 0.21571185274517785 0.17643222088223307 0.17643222088223307 0.21571185274517785 
0.13315529845707297 0.19945133085666558 0.13315529845707297 0.16280005992887628 0.3714380123003122 
0.2 0.2 0.2 0.2 0.2 
0.04043657286227948 0.21809734867776942 0.03307335347671431 0.6753193715065223 0.03307335347671431 
0.23410279603810327 0.19147430099047413 0.19147430099047413 0.19147430099047413 0.19147430099047413 
0.23410279603810327 0.19147430099047413 0.19147430099047413 0.19147430099047413 0.19147430099047413 
0.20572133881923121 0.20572133881923121 0.16826091023203954 0.2520355018974585 0.16826091023203954 
0.17480934314738605 0.26184430166078543 0.17480934314738605 0.17480934314738605 0.2137276688970563 
0.2 0.2 0.2 0.2 0.2 
0.2419885298508336 0.19710967986211678 0.1315919935860436 0.1315919935860436 0.2977178031149623 
7.571186149299597E-14 1.7350798110912577E-15 4.533531125288408E-14 2.1538818699524615E-15 0.999999999999875 
0.08137832982888485 0.02823778543644935 0.034740867470675355 0.042834451835519406 0.812808565428471 
0.0 0.0 0.0 0.1 0.0 
1.0547173450148231E-4 0.9995943944275869 7.041377074802627E-5 7.041377074802627E-5 1.5930629641563798E-4 
2.8679719907926145E-30 1.838930494602052E-40 1.0 2.7895098175164837E-40 5.293256656418977E-39 
0.9998989108347721 4.070877821302507E-7 5.6739755642010213E-5 4.070877821302507E-7 4.3535234021449906E-5 
0.2964967186512698 0.01358576502019046 0.376741762398868 0.016679035278402 0.2964967186512698 
0.32743267455881775 0.028712821366750085 0.4148726530487298 0.023338118707420547 0.20564373231828195 
0.022541575800357237 0.16871854848714263 0.012025597378276656 0.7294567022133005 0.06725757612092295 
0.32116155700140175 0.09317097209760444 0.32116155700140175 0.09317097209760444 0.17133494180198777 
0.8093888585185269 0.0020862793777253526 0.1632732722291399 0.0020862793777253526 0.023165310496882377 
0.23410279603810327 0.19147430099047413 0.19147430099047413 0.19147430099047413 0.19147430099047413 
0.41085584857976054 0.14728603785505995 0.14728603785505995 0.14728603785505995 0.14728603785505995 
0.16497393840375685 0.20170257864348456 0.16497393840375685 0.16497393840375685 0.30337560614524467 
0.2 0.2 0.2 0.2 0.2 
0.2 0.2 0.2 0.2 0.2 
0.22453136198566015 0.18364575867622646 0.18364575867622646 0.18364575867622646 0.22453136198566015 
0.2 0.2 0.2 0.2 0.2 
0.04917261839526049 0.04917261839526049 0.040218625725304755 0.040218625725304755 0.8212175117588694 
0.2137276688970563 0.17480934314738605 0.17480934314738605 0.17480934314738605 0.26184430166078543 
0.1059990188603868 0.24184306128932717 0.0866973329044101 0.45946156808548894 0.1059990188603868 
0.17126424110108873 0.17126424110108873 0.17126424110108873 0.17126424110108873 0.3149430355956448 
0.18789995867687906 0.18789995867687906 0.15368467977605213 0.18789995867687906 0.28261544419331086 
0.2 0.2 0.2 0.2 0.2 
0.1049474269352641 0.1591968150065213 0.05706981707211487 0.37633848656190394 0.30244745442419585 
0.18227313987597063 0.18227313987597063 0.1490824656421867 0.1490824656421867 0.3372887889636851 
0.14775782009145993 0.27341963951723597 0.12085214613704867 0.3371182481172066 0.12085214613704867 
0.2 0.2 0.2 0.2 0.2 
0.15420048366210765 0.18853059752140414 0.15420048366210765 0.15420048366210765 0.34886795149227273 
0.16967858868922567 0.20787842674463333 0.13878129485062451 0.16967858868922567 0.3139831010262909 
0.06801597145321538 0.29037012682697805 0.06801597145321538 0.4485212862413012 0.1250766440252901 
0.08427815512131041 0.13144459532607908 0.08427815512131041 0.6764969126384272 0.023502181792873097 
0.12665875466869198 0.15651293926471546 0.10272653953509985 0.2406305548796028 0.37347121165189 
0.3149430355956448 0.17126424110108873 0.17126424110108873 0.17126424110108873 0.17126424110108873 
0.30337560614524467 0.20170257864348456 0.16497393840375685 0.16497393840375685 0.16497393840375685 
0.45845101145897016 0.05573694026684444 0.2379491473611263 0.05573694026684444 0.19212596064621457 
0.1514339191685593 0.227767821946959 0.12385885307550296 0.3455054866404193 0.1514339191685593 
0.2793399593529257 0.052709586898503885 0.43355023278122395 0.052709586898503885 0.18169063406884295 
0.20572133881923121 0.20572133881923121 0.1682609102320395 0.1682609102320395 0.2520355018974585 
0.18929788884185403 0.013492412163226879 0.3883713968732903 0.020466905248338357 0.3883713968732903 
