0.12630050788329047 0.298572191829656 0.19329393691684008 0.298572191829656 0.08326117154055754 
0.11696144667357297 0.3262651037668358 0.11696144667357297 0.26461720051406706 0.17519480237195115 
0.31398310102629096 0.13878129485062451 0.20787842674463333 0.16967858868922567 0.16967858868922567 
0.11654377079492627 0.11654377079492627 0.5130772201725425 0.17602968779651348 0.07780555044109137 
0.13315529845707294 0.16280005992887628 0.3714380123003122 0.19945133085666558 0.13315529845707294 
0.13315529845707297 0.13315529845707297 0.19945133085666558 0.16280005992887628 0.3714380123003122 
0.2075590111955787 0.16976395521768495 0.2075590111955787 0.2075590111955787 0.2075590111955787 
0.2075590111955787 0.16976395521768495 0.2075590111955787 0.2075590111955787 0.2075590111955787 
0.020589071297076655 0.03151010803654872 0.8233169139063907 0.07591170228566965 0.04867220447431425 
0.26184430166078543 0.17480934314738608 0.21372766889705624 0.17480934314738608 0.17480934314738608 
0.15871204180355789 0.15871204180355789 0.29368996666377695 0.19444297486455384 0.19444297486455384 
0.02626708875448484 0.27015425279657007 0.33865578484722997 0.33865578484722997 0.02626708875448484 
0.16346565710648941 0.13342713061350456 0.37617589806702717 0.16346565710648941 0.16346565710648941 
0.31398310102629096 0.13878129485062451 0.20787842674463333 0.16967858868922567 0.16967858868922567 
0.11654377079492627 0.11654377079492627 0.5130772201725425 0.17602968779651348 0.07780555044109137 
0.13315529845707294 0.16280005992887628 0.3714380123003122 0.19945133085666558 0.13315529845707294 
0.13315529845707297 0.13315529845707297 0.19945133085666558 0.16280005992887628 0.3714380123003122 
0.2075590111955787 0.16976395521768495 0.2075590111955787 0.2075590111955787 0.2075590111955787 
0.2075590111955787 0.16976395521768495 0.2075590111955787 0.2075590111955787 0.2075590111955787 
0.020589071297076655 0.03151010803654872 0.8233169139063907 0.07591170228566965 0.04867220447431425 
0.14491716155955217 0.14491716155955217 0.2664925875830114 0.1771805017148727 0.2664925875830114 
0.2 0.2 0.2 0.2 0.2 
0.16826091023203954 0.16826091023203954 0.2520355018974585 0.20572133881923121 0.20572133881923121 
0.15124391048472377 0.3575379593567461 0.12266632172795622 0.2873382593828391 0.08121354904773494 
0.18364575867622646 0.18364575867622646 0.22453136198566015 0.22453136198566015 0.18364575867622646 
0.32399362733179565 0.14320597184207143 0.17508834472387344 0.14320597184207143 0.21450608426018808 
0.2 0.2 0.2 0.2 0.2 
0.18364575867622646 0.18364575867622646 0.22453136198566015 0.22453136198566015 0.18364575867622646 
0.10717298396559521 0.10717298396559521 0.1970836684118138 0.1310332252229549 0.4575371384340408 
0.15912933433150755 0.15912933433150755 0.292627785487911 0.19455677292453685 0.19455677292453685 
0.15912933433150755 0.19455677292453688 0.292627785487911 0.19455677292453688 0.15912933433150755 
0.26184430166078543 0.17480934314738608 0.21372766889705624 0.17480934314738608 0.17480934314738608 
0.2 0.2 0.2 0.2 0.2 
0.9969624241014607 4.050148545745718E-4 0.0014142164116774357 6.091723161436027E-4 6.091723161436027E-4 
0.9999999879956848 2.5472284631113967E-9 5.581291236116842E-9 3.2972012006458574E-9 5.785944074214313E-10 
0.0431997147666819 0.0994134901865624 0.4673231988518533 0.15284310305904192 0.23722049313586036 
0.2421594200382119 0.2421594200382119 0.15963892267634336 0.1964033145708892 0.15963892267634336 
0.26410889011098215 0.11575805844839954 0.26410889011098215 0.1418187365840262 0.21420542474560958 
9.891141100359788E-18 0.9999999783396758 7.141844797117143E-17 2.1660324247077318E-8 1.5924399489164978E-17 
7.50432919881351E-18 5.061208438776181E-16 0.9999999999997564 2.4316246900961547E-13 1.7357020998667504E-18 
1.088551071530893E-9 2.7904356676848907E-9 2.7707635604039317E-8 2.196079919061611E-9 0.9999999662172978 
6.061655078721272E-5 3.004922984586091E-4 1.876938496900042E-4 2.371595144813563E-4 0.9992140377865827 
0.08647759161594833 0.056759164934030895 0.2580242504950144 0.08647759161594833 0.5122614013390582 
0.10622277288704174 0.2444455165278045 0.2444455165278045 0.2444455165278045 0.160440677529545 
0.0010339817958942255 0.061523944510184156 0.7932146538864658 0.1391936781211702 0.005033741686285762 
0.17480934314738608 0.17480934314738608 0.26184430166078543 0.21372766889705624 0.17480934314738608 
0.060341690925880986 0.09038491671578892 0.6206079621891722 0.16832373924327684 0.060341690925880986 
0.236378199630766 0.1578079704226164 0.1578079704226164 0.1578079704226164 0.2901978891013846 
0.2 0.2 0.2 0.2 0.2 
0.2 0.2 0.2 0.2 0.2 
0.20572133881923121 0.16826091023203954 0.2520355018974585 0.20572133881923121 0.16826091023203954 
0.19147430099047413 0.19147430099047413 0.23410279603810327 0.19147430099047413 0.19147430099047413 
0.6118318530573243 0.07438446986665838 0.11141938534842077 0.09094490637917584 0.11141938534842077 
0.1524518403685391 0.1524518403685391 0.2803483382118881 0.1863926485529 0.22835533249813364 
0.031215973110971688 0.03816567836271809 0.08707726345637898 0.03816567836271809 0.805375406707213 
0.18188812442370433 0.18188812442370433 0.18188812442370433 0.18188812442370433 0.27244750230518255 
0.24293505077651895 0.1621853765171327 0.19829319090211614 0.19829319090211614 0.19829319090211614 
0.23410279603810327 0.19147430099047413 0.19147430099047413 0.19147430099047413 0.19147430099047413 
0.490223283921413 0.07286856746398891 0.254439862733537 0.10959971841707224 0.07286856746398891 
0.20022968519625128 0.13367493401903027 0.20022968519625128 0.1634353835067446 0.3024303120817228 
0.17643222088223307 0.17643222088223307 0.21571185274517785 0.21571185274517785 0.21571185274517785 
0.2 0.2 0.2 0.2 0.2 
0.34886795149227273 0.15420048366210765 0.18853059752140414 0.15420048366210765 0.15420048366210765 
0.19654673792398214 0.16042921636779897 0.2412974146702102 0.16042921636779897 0.2412974146702102 
0.236378199630766 0.1578079704226164 0.1578079704226164 0.1578079704226164 0.2901978891013846 
0.0829611283217605 0.2974962453852055 0.23908525258606797 0.2974962453852055 0.0829611283217605 
0.07527254509738243 0.039620599418671715 0.09366240412088365 0.039620599418671715 0.7518238519443905 
0.11752847215092019 0.14369418664693578 0.4051221776289261 0.21612669142229762 0.11752847215092019 
0.09208906203320008 0.1125911247356951 0.4880355995719879 0.1693453843921378 0.1379388292669791 
0.08181368032329596 0.1565147079076045 0.4846341086514277 0.19522382279437592 0.08181368032329596 
0.18981930412587236 0.15525452573442944 0.232553433006913 0.18981930412587236 0.232553433006913 
0.13055640982788783 0.38496399790826646 0.13055640982788783 0.24803545102073363 0.105887731415224 
0.19829319090211614 0.1621853765171327 0.24293505077651895 0.19829319090211614 0.19829319090211614 
0.19965644827450932 0.3214400654738863 0.07959058970258545 0.19965644827450932 0.19965644827450932 
