0.30878365188861867 0.07232913482381202 0.1083407297154702 0.2017628316834804 0.30878365188861867 
0.2 0.2 0.2 0.2 0.2 
0.21424249980959395 0.21424249980959395 0.21424249980959395 0.21424249980959395 0.14303000076162423 
0.3164415094749101 0.05971040190812147 0.07300390687910426 0.05971040190812147 0.4911337798297428 
0.3855696292432333 0.13822128419198018 0.16899390118640314 0.13822128419198018 0.16899390118640314 
0.20637139054013018 0.1377751854667747 0.20637139054013018 0.1377751854667747 0.3117068479861904 
0.22453136198566015 0.18364575867622646 0.18364575867622646 0.22453136198566015 0.18364575867622646 
0.22453136198566015 0.18364575867622646 0.18364575867622646 0.22453136198566015 0.18364575867622646 
0.8892323825957383 0.007971812870091221 0.009746601359697519 0.027478943021011323 0.0655702601534617 
0.18789995867687906 0.18789995867687906 0.18789995867687906 0.28261544419331086 0.15368467977605213 
0.28924390590030086 0.1278465103927193 0.1914993765826672 0.15630936053470196 0.2351008465896107 
0.7413620955754426 0.05750211523029389 0.05750211523029389 0.05750211523029389 0.08613155873367569 
0.4220385593119011 0.12243602005451319 0.12243602005451319 0.1833950839931366 0.14969431658593582 
0.21424249980959395 0.21424249980959395 0.21424249980959395 0.21424249980959395 0.14303000076162423 
0.3164415094749101 0.05971040190812147 0.07300390687910426 0.05971040190812147 0.4911337798297428 
0.3855696292432333 0.13822128419198018 0.16899390118640314 0.13822128419198018 0.16899390118640314 
0.20637139054013018 0.1377751854667747 0.20637139054013018 0.1377751854667747 0.3117068479861904 
0.22453136198566015 0.18364575867622646 0.18364575867622646 0.22453136198566015 0.18364575867622646 
0.22453136198566015 0.18364575867622646 0.18364575867622646 0.22453136198566015 0.18364575867622646 
0.8892323825957383 0.007971812870091221 0.009746601359697519 0.027478943021011323 0.0655702601534617 
0.3149430355956448 0.17126424110108873 0.17126424110108873 0.17126424110108873 0.17126424110108873 
0.17480934314738605 0.17480934314738605 0.2137276688970563 0.17480934314738605 0.26184430166078543 
0.2520355018974585 0.20572133881923121 0.20572133881923121 0.16826091023203954 0.16826091023203954 
0.2373616595913745 0.10491443124904307 0.10491443124904307 0.4478950466614961 0.10491443124904307 
0.18789995867687906 0.18789995867687906 0.18789995867687906 0.15368467977605213 0.28261544419331086 
0.14109339528164463 0.17285783233927488 0.17285783233927488 0.39778967318979996 0.11540126685000557 
0.2 0.2 0.2 0.2 0.2 
0.17508834472387344 0.14320597184207143 0.21450608426018808 0.14320597184207143 0.32399362733179565 
0.3149430355956448 0.17126424110108873 0.17126424110108873 0.17126424110108873 0.17126424110108873 
0.3149430355956448 0.17126424110108873 0.17126424110108873 0.17126424110108873 0.17126424110108873 
0.30337560614524467 0.16497393840375685 0.16497393840375685 0.16497393840375685 0.20170257864348454 
0.11403470428644447 0.32150213452480136 0.2601769551676798 0.09326977576273175 0.2110164302583426 
0.2 0.2 0.2 0.2 0.2 
0.27630999950136237 0.22309945078217558 0.18054416929418662 0.22309945078217558 0.09694692964009927 
1.099511627776063E-28 9.726419318152634E-31 9.726419318152634E-31 1.0 6.411954163101516E-31 
3.229103066338167E-11 2.9850076298533638E-12 2.9850076298533638E-12 2.436481215447554E-12 0.9999999999593026 
0.0014104725854129814 0.0014104725854129814 0.03185939227143866 0.0040648337501062275 0.9612548288076292 
9.726419318152627E-31 0.9999999999999991 8.579197521324738E-16 9.726419318152627E-31 4.263057617830406E-31 
0.6161948194845581 0.003307748995438604 0.00404416302563198 0.3689697146903644 0.00748355380400702 
0.9999999999999991 5.301453303157269E-18 5.301453303157269E-18 7.838494383917854E-16 2.4502680838875773E-17 
0.9245861041185369 0.001941224557749156 0.001941224557749156 0.06859938827401169 0.002932058491953191 
0.3519482062798491 0.059414262275227406 0.059414262275227406 0.17727506288984718 0.3519482062798491 
0.013960223751321419 0.004678810329331276 0.007193429060962114 0.005794734479318507 0.9683728023790666 
0.41600730602667685 0.12068631583462498 0.12068631583462498 0.22193374646944838 0.12068631583462498 
0.8764244878645184 5.355202185063149E-4 5.355202185063149E-4 0.0023953025054632396 0.12010916919300565 
0.26184430166078543 0.17480934314738605 0.17480934314738605 0.17480934314738605 0.2137276688970563 
0.7199839433185762 0.07000401417035593 0.07000401417035593 0.07000401417035593 0.07000401417035593 
0.14631218825544054 0.21915883938712738 0.21915883938712738 0.2690579447148641 0.14631218825544054 
0.2 0.2 0.2 0.2 0.2 
0.18364575867622646 0.22453136198566015 0.22453136198566015 0.18364575867622646 0.18364575867622646 
0.2498236298095381 0.16678424679364126 0.16678424679364126 0.2498236298095381 0.16678424679364126 
0.23410279603810327 0.19147430099047413 0.19147430099047413 0.19147430099047413 0.19147430099047413 
0.04796057423409512 0.04796057423409512 0.03914731642049138 0.6537878769126454 0.21114365819867292 
0.1548110389594676 0.1029278067454503 0.1029278067454503 0.08418536720877082 0.555147980340861 
0.28131869550533223 0.15105989789767246 0.1854539190426661 0.10084879204899692 0.28131869550533223 
0.05919688922596457 0.05919688922596457 0.05919688922596457 0.05919688922596457 0.7632124430961414 
0.1573680011869796 0.1573680011869796 0.1573680011869796 0.23669312047988367 0.2912028759591775 
0.2 0.2 0.2 0.2 0.2 
0.24978931619491115 0.05851036807844513 0.07153670593665747 0.31008180489499304 0.31008180489499304 
0.17427366521468282 0.17427366521468282 0.17427366521468282 0.21395310502517184 0.2632258993307799 
0.18981930412587236 0.232553433006913 0.232553433006913 0.15525452573442944 0.18981930412587236 
0.2 0.2 0.2 0.2 0.2 
0.1526781071880302 0.18705061708597026 0.18705061708597026 0.3483441755517256 0.12487648308830357 
0.14225569000971056 0.11587315123432891 0.11587315123432891 0.11587315123432891 0.5101248562873028 
0.1345873179493294 0.2490481785297001 0.2490481785297001 0.2024292869081743 0.16488703808309613 
0.282147952513892 0.07974655595611044 0.12045055048461192 0.07974655595611044 0.43790838508927543 
0.2673796796769239 0.060734398017142505 0.074562688640277 0.5227605450253794 0.074562688640277 
0.46287189623337455 0.13428202594165645 0.13428202594165645 0.13428202594165645 0.13428202594165645 
0.528896172791583 0.14948769914047125 0.12201776881693452 0.09979917962550572 0.09979917962550572 
0.6251465478989576 0.03858041453435991 0.03858041453435991 0.1329871924984788 0.16470543053384346 
0.19829319090211614 0.16218537651713266 0.19829319090211614 0.24293505077651895 0.19829319090211614 
0.21598946868829036 0.11672216784589332 0.11672216784589332 0.407566299136413 0.14299989648350991 
0.21586713904286245 0.21586713904286245 0.17619929143570645 0.17619929143570645 0.21586713904286245 
0.12798336687074524 0.009926747473716356 0.012136768888252995 0.5254482214183508 0.3245048953489346 
