0.2340759854659097 0.09901764684265428 0.18811705013952723 0.12235666604299963 0.2340759854659097 0.12235666604299963 
0.3025842640406828 0.1314867215195178 0.0877815834663723 0.0877815834663723 0.3025842640406828 0.0877815834663723 
0.10238525640860834 0.1533613448914408 0.10238525640860834 0.10238525640860834 0.10238525640860834 0.4370976294741259 
0.04737762336209325 0.07096623372776811 0.38969342857512884 0.3124247454737699 0.04737762336209325 0.13216034549914668 
0.15515263526277778 0.18969472947444427 0.18969472947444427 0.15515263526277778 0.15515263526277778 0.15515263526277778 
0.11589580084312066 0.2131243223667234 0.323292474260794 0.11589580084312066 0.11589580084312066 0.11589580084312066 
0.16666666666666666 0.16666666666666666 0.16666666666666666 0.16666666666666666 0.16666666666666666 0.16666666666666666 
0.16666666666666666 0.16666666666666666 0.16666666666666666 0.16666666666666666 0.16666666666666666 0.16666666666666666 
0.046136351906799544 0.5261255557673558 0.16773269425612286 0.16773269425612286 0.046136351906799544 0.046136351906799544 
0.16070367680721379 0.16070367680721379 0.16070367680721379 0.1964816159639308 0.16070367680721379 0.16070367680721379 
0.1335993926920324 0.16334302418867855 0.30225940504319165 0.1335993926920324 0.1335993926920324 0.1335993926920324 
0.37482661253767996 0.06825886977359787 0.06825886977359787 0.06825886977359787 0.37482661253767996 0.04557016560384671 
0.11335452937492602 0.2084511007687987 0.13859098653439514 0.1697920548745472 0.11335452937492602 0.2564567990724068 
0.10238525640860834 0.1533613448914408 0.10238525640860834 0.10238525640860834 0.10238525640860834 0.4370976294741259 
0.04737762336209325 0.07096623372776811 0.38969342857512884 0.3124247454737699 0.04737762336209325 0.13216034549914668 
0.15515263526277778 0.18969472947444427 0.18969472947444427 0.15515263526277778 0.15515263526277778 0.15515263526277778 
0.11589580084312066 0.2131243223667234 0.323292474260794 0.11589580084312066 0.11589580084312066 0.11589580084312066 
0.16666666666666666 0.16666666666666666 0.16666666666666666 0.16666666666666666 0.16666666666666666 0.16666666666666666 
0.16666666666666666 0.16666666666666666 0.16666666666666666 0.16666666666666666 0.16666666666666666 0.16666666666666666 
0.046136351906799544 0.5261255557673558 0.16773269425612286 0.16773269425612286 0.046136351906799544 0.046136351906799544 
0.14622169369747484 0.2688915315126255 0.14622169369747484 0.14622169369747484 0.14622169369747484 0.14622169369747484 
0.153896228132755 0.153896228132755 0.2305188593362249 0.153896228132755 0.153896228132755 0.153896228132755 
0.1487980532050087 0.22288237933083552 0.18192540784912958 0.1487980532050087 0.1487980532050087 0.1487980532050087 
0.3844716862596197 0.057149266318190416 0.04674278140023957 0.07001531344414023 0.3844716862596197 0.057149266318190416 
0.13629891523808932 0.13629891523808932 0.20416010743516005 0.2506442316124825 0.13629891523808932 0.13629891523808932 
0.13321203138962082 0.2449676667702399 0.16286942348350614 0.16286942348350614 0.13321203138962082 0.16286942348350614 
0.16666666666666666 0.16666666666666666 0.16666666666666666 0.16666666666666666 0.16666666666666666 0.16666666666666666 
0.1283777828678388 0.1283777828678388 0.35811108566080646 0.1283777828678388 0.1283777828678388 0.1283777828678388 
0.08624888768320567 0.568755561583972 0.08624888768320567 0.08624888768320567 0.08624888768320567 0.08624888768320567 
0.153896228132755 0.2305188593362249 0.153896228132755 0.153896228132755 0.153896228132755 0.153896228132755 
0.14997227868335888 0.18336105464997435 0.18336105464997435 0.18336105464997435 0.14997227868335888 0.14997227868335888 
0.10110332754157754 0.10110332754157754 0.18592199212193125 0.22873930049254362 0.10110332754157754 0.2820287247607923 
0.16666666666666666 0.16666666666666666 0.16666666666666666 0.16666666666666666 0.16666666666666666 0.16666666666666666 
4.0642314066476957E-16 7.473839070803235E-16 6.087751462827986E-16 7.473839070803235E-16 4.0642314066476957E-16 0.9999999999999971 
0.18879184756221237 0.11450506162921009 0.003829132562208649 0.31529026312194425 0.18879184756221237 0.18879184756221237 
1.5959368631538034E-13 3.0114897958737106E-13 3.050744842124888E-5 0.9999694925508287 1.5959368631538034E-13 1.2971962415704468E-13 
7.285149459628332E-5 4.8025941385542424E-5 0.9997014890041963 7.285149459628332E-5 7.285149459628332E-5 3.1930570629357115E-5 
0.11697903321707248 0.17594512349413863 0.11697903321707248 0.14331459010312567 0.11697903321707248 0.3298031867515181 
0.5 2.6466283282094886E-39 1.131215490402608E-40 2.6498022066729315E-40 0.5 1.131215490402608E-40 
0.19242533457608266 0.5673932531914746 0.0065415988317329135 0.03303484309953964 0.19242533457608266 0.008179635725087748 
7.894146805743086E-17 1.0 4.299741883336925E-18 1.0071878989683204E-17 7.894146805743086E-17 5.301453303157273E-18 
0.23551293678841917 0.1167388570311993 0.09288531243692935 0.2992530887930696 0.23551293678841917 0.020096868161963457 
0.0021195997263396046 0.006108463640800557 0.6240671717597853 0.36346556542039504 0.0021195997263396046 0.0021195997263396046 
0.2500316815235656 0.2500316815235656 0.07253575129058046 0.08868460206936125 0.2500316815235656 0.08868460206936125 
0.08427540267803504 0.011957045042538457 0.08427540267803504 0.7338918922887521 0.08427540267803504 0.0013248546346045584 
0.15515263526277778 0.15515263526277778 0.18969472947444427 0.18969472947444427 0.15515263526277778 0.15515263526277778 
0.153896228132755 0.2305188593362249 0.153896228132755 0.153896228132755 0.153896228132755 0.153896228132755 
0.13728350203757075 0.25245481830263156 0.13728350203757075 0.167847337792328 0.13728350203757075 0.167847337792328 
0.16666666666666666 0.16666666666666666 0.16666666666666666 0.16666666666666666 0.16666666666666666 0.16666666666666666 
0.16666666666666666 0.16666666666666666 0.16666666666666666 0.16666666666666666 0.16666666666666666 0.16666666666666666 
0.16666666666666666 0.16666666666666666 0.16666666666666666 0.16666666666666666 0.16666666666666666 0.16666666666666666 
0.16666666666666666 0.16666666666666666 0.16666666666666666 0.16666666666666666 0.16666666666666666 0.16666666666666666 
0.03823984250242996 0.07032041248649225 0.1632514787341072 0.619628011288048 0.03823984250242996 0.07032041248649225 
0.05548541950976226 0.08311078036395383 0.29405077411025893 0.4563821869965007 0.05548541950976226 0.05548541950976226 
0.02991455263294685 0.771798620775848 0.083446938256212 0.055010783069099636 0.02991455263294685 0.02991455263294685 
0.03517535968109129 0.03517535968109129 0.28932659645513675 0.569971964820498 0.03517535968109129 0.03517535968109129 
0.10782166635765343 0.10782166635765343 0.2439390783695787 0.3007695968456365 0.10782166635765343 0.13182632571182437 
0.153896228132755 0.153896228132755 0.153896228132755 0.153896228132755 0.153896228132755 0.2305188593362249 
0.03743268475800055 0.045766435076301924 0.19837842134686803 0.19837842134686803 0.03743268475800055 0.4826113527139613 
0.09887769585972432 0.2237039624236577 0.18182921015241926 0.2758203033340876 0.09887769585972432 0.12089113237038654 
0.1487980532050087 0.1819254078491296 0.22288237933083552 0.1487980532050087 0.1487980532050087 0.1487980532050087 
0.16666666666666666 0.16666666666666666 0.16666666666666666 0.16666666666666666 0.16666666666666666 0.16666666666666666 
0.15515263526277778 0.15515263526277778 0.15515263526277778 0.18969472947444424 0.15515263526277778 0.18969472947444424 
0.05634596187845899 0.06889043152511568 0.2986113082452748 0.46346037459423267 0.05634596187845899 0.05634596187845899 
0.12310530232911797 0.22638209450020197 0.22638209450020197 0.15051260317068008 0.12310530232911797 0.15051260317068008 
0.1863926290850182 0.06467710848951626 0.3617305162214094 0.12123505366959932 0.1863926290850182 0.07957206344943847 
0.01464705180540404 0.9317144362142815 0.01464705180540404 0.01464705180540404 0.01464705180540404 0.009697356564102392 
0.16070367680721379 0.19648161596393082 0.16070367680721379 0.16070367680721379 0.16070367680721379 0.16070367680721379 
0.14622169369747484 0.2688915315126255 0.14622169369747484 0.14622169369747484 0.14622169369747484 0.14622169369747484 
0.17000940796229946 0.09009636413902201 0.1372697535834377 0.2626056583906417 0.17000940796229946 0.17000940796229946 
0.153896228132755 0.153896228132755 0.2305188593362249 0.153896228132755 0.153896228132755 0.153896228132755 
0.37460171854124996 0.05568215850805074 0.05568215850805074 0.08375008739334797 0.37460171854124996 0.05568215850805074 
0.13853479618468736 0.16937721128966318 0.20750920007813733 0.20750920007813733 0.13853479618468736 0.13853479618468736 
0.22696095311360978 0.1401659332666916 0.08755060860184216 0.29008669941691156 0.22696095311360978 0.028274852487335272 
