0.1512322796129008 0.23251181359139952 0.23251181359139952 0.23251181359139952 0.1512322796129008 
0.19147430099047413 0.19147430099047413 0.19147430099047413 0.19147430099047413 0.23410279603810327 
0.18188812442370433 0.18188812442370433 0.18188812442370433 0.18188812442370433 0.27244750230518255 
0.1624966143735326 0.20219621302878538 0.2522032477952673 0.2522032477952673 0.13090067700714753 
0.12893100762726079 0.1931238287768049 0.1931238287768049 0.1931238287768049 0.2916975060423248 
0.061247079873988544 0.40388482964623446 0.2111194837970905 0.2111194837970905 0.11262912288559587 
0.19147430099047413 0.19147430099047413 0.19147430099047413 0.19147430099047413 0.23410279603810327 
0.19147430099047413 0.19147430099047413 0.19147430099047413 0.19147430099047413 0.23410279603810327 
0.08716108403553842 0.05615859900582831 0.06987872388453968 0.06987872388453968 0.716922869189554 
0.22453136198566015 0.18364575867622646 0.18364575867622646 0.18364575867622646 0.22453136198566015 
0.07882024169593466 0.3364951361978914 0.21986983802981375 0.21986983802981375 0.14494494604654642 
0.1216740138523167 0.099315139497261 0.1216740138523167 0.1216740138523167 0.535662818945789 
0.18828783494659718 0.1536879733092038 0.1536879733092038 0.1536879733092038 0.3506482451257911 
0.18188812442370433 0.18188812442370433 0.18188812442370433 0.18188812442370433 0.27244750230518255 
0.1624966143735326 0.20219621302878538 0.2522032477952673 0.2522032477952673 0.13090067700714753 
0.12893100762726079 0.1931238287768049 0.1931238287768049 0.1931238287768049 0.2916975060423248 
0.061247079873988544 0.40388482964623446 0.2111194837970905 0.2111194837970905 0.11262912288559587 
0.19147430099047413 0.19147430099047413 0.19147430099047413 0.19147430099047413 0.23410279603810327 
0.19147430099047413 0.19147430099047413 0.19147430099047413 0.19147430099047413 0.23410279603810327 
0.08716108403553842 0.05615859900582831 0.06987872388453968 0.06987872388453968 0.716922869189554 
0.17126424110108873 0.17126424110108873 0.17126424110108873 0.17126424110108873 0.3149430355956448 
0.12593995331369232 0.2849304520980371 0.2315948206372889 0.2315948206372889 0.12593995331369232 
0.16218537651713266 0.19829319090211614 0.19829319090211614 0.19829319090211614 0.24293505077651895 
0.236378199630766 0.1578079704226164 0.1578079704226164 0.1578079704226164 0.2901978891013846 
0.2526015028707924 0.16794486262638186 0.20575438593822215 0.20575438593822215 0.16794486262638186 
0.22478382974577063 0.18347744683615302 0.18347744683615302 0.18347744683615302 0.22478382974577063 
0.2 0.2 0.2 0.2 0.2 
0.06364962555369275 0.41972806257360107 0.21940109011598208 0.21940109011598208 0.07782013164074197 
0.14728603785505995 0.14728603785505995 0.14728603785505995 0.14728603785505995 0.4108558485797606 
0.18188812442370433 0.18188812442370433 0.18188812442370433 0.18188812442370433 0.27244750230518255 
0.19138277710975451 0.19138277710975451 0.19138277710975451 0.19138277710975451 0.2344688915609822 
0.26122625709805086 0.1729497644059033 0.21232777231391683 0.21232777231391683 0.14116843386821215 
0.2 0.2 0.2 0.2 0.2 
0.19348310471700678 0.12863935120308725 0.15760000216954986 0.15760000216954986 0.3626775397408063 
0.8657974417669656 0.0023813324306234344 0.0015629764620732746 0.0015629764620732746 0.1286952728782641 
0.999762777955788 6.598695843763127E-8 1.1857798352133196E-4 1.1857798352133196E-4 9.021057634771192E-11 
3.535694812031936E-10 0.9998786856710669 6.065687113973168E-5 6.065687113973168E-5 2.3308385468384815E-10 
0.20787842674463333 0.13878129485062451 0.16967858868922567 0.16967858868922567 0.31398310102629096 
0.04178285849980329 0.01767477479065301 0.014335120032210507 0.014335120032210507 0.9118721266451226 
1.8456444692692084E-9 1.4885592376388377E-10 2.867971983427273E-10 2.867971983427273E-10 0.9999999974319052 
4.230481876242513E-5 1.1797310226332405E-5 1.4514197368835609E-5 1.4514197368835609E-5 0.9999168694762736 
0.4139111693689382 0.06710213220137677 0.1302245107004196 0.1302245107004196 0.25853767702884617 
0.1837116473563295 0.1837116473563295 0.3131656663810497 0.3131656663810497 0.006245372525241619 
0.1594119178805977 0.13038411357022106 0.13038411357022106 0.13038411357022106 0.44943574140873904 
0.4401846209332516 0.012598410902931683 0.05351617361528265 0.05351617361528265 0.4401846209332516 
0.2 0.2 0.2 0.2 0.2 
0.10753145569987334 0.10753145569987334 0.10753145569987334 0.10753145569987334 0.5698741772005067 
0.22453136198566015 0.18364575867622646 0.18364575867622646 0.18364575867622646 0.22453136198566015 
0.2 0.2 0.2 0.2 0.2 
0.2 0.2 0.2 0.2 0.2 
0.19147430099047413 0.19147430099047413 0.19147430099047413 0.19147430099047413 0.23410279603810327 
0.19147430099047413 0.19147430099047413 0.19147430099047413 0.19147430099047413 0.23410279603810327 
0.5685052549596474 0.07937703545688801 0.149782323990399 0.149782323990399 0.05255306160266629 
0.3490375313403714 0.11974994261185365 0.22596491036582225 0.22596491036582225 0.07928270531613056 
0.11376304894382129 0.21324498986464474 0.1725694053314786 0.1725694053314786 0.32785315052857655 
0.42231949256312645 0.11291132353204107 0.21600645212688674 0.21600645212688674 0.0327562796510588 
0.2513294057701187 0.20428349522352807 0.20428349522352807 0.20428349522352807 0.13582010855929688 
0.2 0.2 0.2 0.2 0.2 
0.21503395401916764 0.21503395401916764 0.21503395401916764 0.21503395401916764 0.13986418392332955 
0.28452231706155207 0.15278014881919785 0.18756584470641663 0.18756584470641663 0.18756584470641663 
0.1416965754677335 0.2605701536082752 0.2122451819968885 0.2122451819968885 0.17324290693021446 
0.2 0.2 0.2 0.2 0.2 
0.26184430166078543 0.17480934314738605 0.17480934314738605 0.17480934314738605 0.2137276688970563 
0.33956431199075987 0.14364078851637124 0.2198320020995096 0.2198320020995096 0.07713089529384988 
0.1173674222371107 0.3308981858550774 0.21718348483535063 0.21718348483535063 0.1173674222371107 
0.0639276266887229 0.37868371470472334 0.23910695596695583 0.23910695596695583 0.07917474667264189 
0.10344884600977027 0.1278323239075254 0.08390215107736188 0.08390215107736188 0.6009145279279806 
0.14728603785505995 0.14728603785505995 0.14728603785505995 0.14728603785505995 0.4108558485797606 
0.13428202594165645 0.13428202594165645 0.13428202594165645 0.13428202594165645 0.46287189623337455 
0.2714038266606336 0.075684880195565 0.11480788260503307 0.11480788260503307 0.42329552793373526 
0.13367493401903027 0.3024303120817228 0.20022968519625123 0.20022968519625123 0.16343538350674464 
0.2912028759591775 0.1573680011869796 0.1573680011869796 0.1573680011869796 0.23669312047988367 
0.20763086935860398 0.16947652256558415 0.20763086935860398 0.20763086935860398 0.20763086935860398 
0.5434508283307579 0.06607093364292742 0.13015941267543826 0.13015941267543826 0.13015941267543826 
