0.1450450157808565 0.34288388068617426 0.1450450157808565 0.1450450157808565 0.22198107197125652 
0.16678424679364126 0.16678424679364126 0.2498236298095381 0.2498236298095381 0.16678424679364126 
0.4082792357506779 0.11844435441565516 0.17741602770900594 0.17741602770900594 0.11844435441565516 
0.08210963075966697 0.2944427993581092 0.08210963075966697 0.08210963075966697 0.45922830836288947 
0.1463121882554405 0.2690579447148641 0.21915883938712738 0.21915883938712738 0.1463121882554405 
0.07079266462022905 0.5822883090395576 0.1301827897642646 0.1301827897642646 0.08655344681168398 
0.21571185274517785 0.17643222088223307 0.21571185274517785 0.21571185274517785 0.17643222088223307 
0.21571185274517785 0.17643222088223307 0.21571185274517785 0.21571185274517785 0.17643222088223307 
0.027496783029528148 0.05223931164574217 0.40944176909280366 0.40944176909280366 0.10138036713912228 
0.23410279603810327 0.19147430099047413 0.19147430099047413 0.19147430099047413 0.19147430099047413 
0.1138324093812465 0.4934160511631168 0.13945956503719517 0.13945956503719517 0.1138324093812465 
0.10372816542122544 0.12682147644565533 0.2893507357954586 0.2893507357954586 0.19074888654220185 
0.20751494210439436 0.11284545158914111 0.2553050457182075 0.2553050457182075 0.1690295148700495 
0.4082792357506779 0.11844435441565516 0.17741602770900594 0.17741602770900594 0.11844435441565516 
0.08210963075966697 0.2944427993581092 0.08210963075966697 0.08210963075966697 0.45922830836288947 
0.1463121882554405 0.2690579447148641 0.21915883938712738 0.21915883938712738 0.1463121882554405 
0.07079266462022905 0.5822883090395576 0.1301827897642646 0.1301827897642646 0.08655344681168398 
0.21571185274517785 0.17643222088223307 0.21571185274517785 0.21571185274517785 0.17643222088223307 
0.21571185274517785 0.17643222088223307 0.21571185274517785 0.21571185274517785 0.17643222088223307 
0.027496783029528148 0.05223931164574217 0.40944176909280366 0.40944176909280366 0.10138036713912228 
0.14974854996483358 0.14974854996483358 0.27537717505274945 0.27537717505274945 0.14974854996483358 
0.15420048366210765 0.3488679514922727 0.15420048366210765 0.15420048366210765 0.18853059752140414 
0.1608129911354928 0.19661526726734233 0.24087937523083602 0.24087937523083602 0.1608129911354928 
0.2690579447148641 0.1463121882554405 0.21915883938712738 0.21915883938712738 0.1463121882554405 
0.16497393840375685 0.20170257864348456 0.16497393840375685 0.16497393840375685 0.30337560614524467 
0.22302275006234462 0.18203998398860094 0.22302275006234462 0.22302275006234462 0.14889176582436528 
0.2 0.2 0.2 0.2 0.2 
0.08033485931672686 0.6607753732595164 0.08033485931672686 0.08033485931672686 0.09822004879030265 
0.08666793693560952 0.08666793693560952 0.3699980945965857 0.3699980945965857 0.08666793693560952 
0.16678424679364126 0.16678424679364126 0.2498236298095381 0.2498236298095381 0.16678424679364126 
0.16976395521768495 0.2075590111955787 0.2075590111955787 0.2075590111955787 0.2075590111955787 
0.25108299913619786 0.16693526886622678 0.13653751453534568 0.13653751453534568 0.30890670292688366 
0.2 0.2 0.2 0.2 0.2 
0.9999998633170735 2.202790440436215E-8 4.07617118189262E-8 4.07617118189262E-8 3.313159849381402E-8 
0.9985390745276962 2.208318862947516E-5 7.146230633865399E-4 7.146230633865399E-4 9.59615690126033E-6 
1.4978850497712196E-20 2.237802454568321E-17 5.299604413345655E-20 5.299604413345655E-20 1.0 
7.795439364522221E-12 0.9999999998900555 7.795439364522221E-12 7.795439364522221E-12 8.655780969069657E-11 
0.3210021404589664 0.11507474841754894 0.2116144640236728 0.2116144640236728 0.140694183076139 
0.035622303594311025 0.015068767819144797 0.46854370480740914 0.46854370480740914 0.012221518971726039 
1.5032756976380237E-4 1.963203803374338E-5 0.49987776307359694 0.49987776307359694 7.451424500841747E-5 
5.835823061040323E-11 1.6274036171554728E-11 0.4999999999503406 0.4999999999503406 2.468640538858116E-11 
0.04695845827716862 0.04695845827716862 0.22459690955158487 0.22459690955158487 0.4568892643424931 
0.0018490787100719143 0.16038201236453223 0.003512941819020169 0.003512941819020169 0.8307430252873552 
0.12085343326691476 0.09884686150145375 0.3407264218650889 0.3407264218650889 0.09884686150145375 
0.0014425955493861018 0.005395705243129836 0.028314003565524246 0.028314003565524246 0.9365336920764357 
0.17643222088223307 0.17643222088223307 0.21571185274517785 0.21571185274517785 0.21571185274517785 
0.1328928032303776 0.1328928032303776 0.3006607951544335 0.3006607951544335 0.1328928032303776 
0.19661526726734233 0.1608129911354928 0.24087937523083602 0.24087937523083602 0.1608129911354928 
0.2 0.2 0.2 0.2 0.2 
0.2 0.2 0.2 0.2 0.2 
0.21571185274517785 0.17643222088223307 0.21571185274517785 0.21571185274517785 0.17643222088223307 
0.2 0.2 0.2 0.2 0.2 
0.1856565782947137 0.09904503930755974 0.08067628660696452 0.08067628660696452 0.5539458091837973 
0.052216647234555304 0.11813656041722556 0.07821453524181494 0.07821453524181494 0.6732177218645895 
0.030773962249065197 0.10607824957174913 0.396761911292388 0.396761911292388 0.06962396559440977 
0.0316559724671803 0.08830464598022372 0.0316559724671803 0.0316559724671803 0.8167274366182354 
0.16280005992887628 0.19945133085666558 0.13315529845707297 0.13315529845707297 0.3714380123003122 
0.23410279603810327 0.19147430099047413 0.19147430099047413 0.19147430099047413 0.19147430099047413 
0.43706912749600985 0.22521313550447583 0.07814758807679646 0.07814758807679646 0.18142256084592107 
0.1218382072016671 0.14926771271570274 0.2254564846170976 0.2254564846170976 0.2779811108484348 
0.1442932745717498 0.3264535747129339 0.17641771690510538 0.17641771690510538 0.17641771690510538 
0.2 0.2 0.2 0.2 0.2 
0.27244750230518255 0.18188812442370433 0.18188812442370433 0.18188812442370433 0.18188812442370433 
0.07540030931977146 0.1395251052089091 0.07540030931977146 0.07540030931977146 0.6342739668317764 
0.13755920648176087 0.3878256078634925 0.16852798958649273 0.16852798958649273 0.13755920648176087 
0.047742528533685706 0.6698253618452498 0.07242158006988571 0.07242158006988571 0.137588949481293 
0.019501017444119074 0.024097517513220954 0.47296499499112826 0.47296499499112826 0.010471475060403608 
0.16678424679364126 0.16678424679364126 0.2498236298095381 0.2498236298095381 0.16678424679364126 
0.1328928032303776 0.1328928032303776 0.3006607951544335 0.3006607951544335 0.1328928032303776 
0.21785298206414208 0.09383995587025729 0.17589982533198037 0.17589982533198037 0.33650741140163964 
0.1709267891246451 0.3162928435014195 0.1709267891246451 0.1709267891246451 0.1709267891246451 
0.24339871353723436 0.16182628782441608 0.19825833287944997 0.19825833287944997 0.19825833287944997 
0.16794486262638186 0.16794486262638186 0.20575438593822215 0.20575438593822215 0.2526015028707924 
0.1039573368036994 0.053171723993228726 0.20803196623043313 0.20803196623043313 0.4268070067422054 
