0.19806695275077416 0.24587504035235663 0.19806695275077416 0.19806695275077416 0.15992410139532046 
0.2 0.2 0.2 0.2 0.2 
0.1608129911354928 0.1608129911354928 0.24087937523083602 0.24087937523083602 0.1966152672673423 
0.23391491185226942 0.23391491185226942 0.23391491185226942 0.23391491185226942 0.06434035259092219 
0.1151846907528153 0.1411162862900616 0.3247443326427018 0.3247443326427018 0.09421035767171937 
0.21490988357845645 0.40552915116577376 0.1422851368246759 0.1422851368246759 0.09499069160641795 
0.1608129911354928 0.1608129911354928 0.24087937523083602 0.24087937523083602 0.1966152672673423 
0.1608129911354928 0.1608129911354928 0.24087937523083602 0.24087937523083602 0.1966152672673423 
0.03381912577590144 0.02711344607815074 0.458638744464736 0.458638744464736 0.021789939216475793 
0.1682609102320395 0.1682609102320395 0.20572133881923121 0.20572133881923121 0.2520355018974585 
0.1521336806070776 0.2851694419261547 0.23077457080301253 0.23077457080301253 0.10114773586074231 
0.03344925276545741 0.02730260225090199 0.4559727713663692 0.4559727713663692 0.02730260225090199 
0.1128184000524391 0.1128184000524391 0.31807296434444965 0.31807296434444965 0.13821727120622207 
0.1608129911354928 0.1608129911354928 0.24087937523083602 0.24087937523083602 0.1966152672673423 
0.23391491185226942 0.23391491185226942 0.23391491185226942 0.23391491185226942 0.06434035259092219 
0.1151846907528153 0.1411162862900616 0.3247443326427018 0.3247443326427018 0.09421035767171937 
0.21490988357845645 0.40552915116577376 0.1422851368246759 0.1422851368246759 0.09499069160641795 
0.1608129911354928 0.1608129911354928 0.24087937523083602 0.24087937523083602 0.1966152672673423 
0.1608129911354928 0.1608129911354928 0.24087937523083602 0.24087937523083602 0.1966152672673423 
0.03381912577590144 0.02711344607815074 0.458638744464736 0.458638744464736 0.021789939216475793 
0.16678424679364126 0.16678424679364126 0.2498236298095381 0.2498236298095381 0.16678424679364126 
0.236378199630766 0.2901978891013846 0.1578079704226164 0.1578079704226164 0.1578079704226164 
0.1608129911354928 0.19661526726734233 0.24087937523083602 0.24087937523083602 0.1608129911354928 
0.10161103672976128 0.10161103672976128 0.28344498452567385 0.28344498452567385 0.22988795748912974 
0.26252754417217034 0.2138395576792909 0.17454429938284638 0.17454429938284638 0.17454429938284638 
0.1442932745717498 0.17641771690510538 0.17641771690510538 0.17641771690510538 0.3264535747129339 
0.2 0.2 0.2 0.2 0.2 
0.2267682216101526 0.42790551504517155 0.12254707873324165 0.12254707873324165 0.10023210587819238 
0.18364575867622646 0.18364575867622646 0.22453136198566015 0.22453136198566015 0.18364575867622646 
0.14974854996483358 0.14974854996483358 0.27537717505274945 0.27537717505274945 0.14974854996483358 
0.14923332891828292 0.14923332891828292 0.2761500066225756 0.2761500066225756 0.14923332891828292 
0.29368996666377695 0.19444297486455384 0.15871204180355789 0.15871204180355789 0.19444297486455384 
0.2 0.2 0.2 0.2 0.2 
0.09705156411952774 0.09705156411952774 0.3433740777428177 0.3433740777428177 0.11914871627530932 
4.252055882079062E-9 5.231292312552837E-9 9.536724883763193E-7 9.536724883763193E-7 0.9999980831716752 
0.9999790624776809 2.081262150015765E-5 1.791358500145046E-10 1.791358500145046E-10 1.2454254716331793E-7 
8.319527927574932E-4 0.9991658434933017 6.254175690825762E-7 6.254175690825762E-7 9.528788027699602E-7 
0.12395885602914182 0.12395885602914182 0.2828194971832333 0.2828194971832333 0.1864432935752495 
0.002032392284504798 0.002032392284504798 0.4863792020870825 0.4863792020870825 0.02317681125682543 
1.793060592514496E-30 1.1496542583813905E-30 0.5 0.5 2.5090137705676423E-29 
0.031279807387971446 0.031279807387971446 0.35670583750395896 0.35670583750395896 0.22402871021613938 
0.22203983119100112 0.11184067523599557 0.22203983119100112 0.22203983119100112 0.22203983119100112 
0.6023802896249324 0.34824612044070763 0.010885972642963619 0.010885972642963619 0.027601644648432462 
0.09622869027347285 0.09622869027347285 0.33170155146668034 0.33170155146668034 0.1441395165196938 
0.014954498610426532 0.0032084608694934688 0.4888618371144545 0.4888618371144545 0.004113366291170722 
0.18347744683615302 0.18347744683615302 0.22478382974577063 0.22478382974577063 0.18347744683615302 
0.03473964136742532 0.03473964136742532 0.44789053794886197 0.44789053794886197 0.03473964136742532 
0.18188812442370433 0.18188812442370433 0.18188812442370433 0.18188812442370433 0.27244750230518255 
0.2 0.2 0.2 0.2 0.2 
0.2 0.2 0.2 0.2 0.2 
0.1608129911354928 0.1608129911354928 0.24087937523083602 0.24087937523083602 0.1966152672673423 
0.18364575867622646 0.18364575867622646 0.22453136198566015 0.22453136198566015 0.18364575867622646 
0.19710539457338447 0.10303132502501694 0.04477182970602158 0.04477182970602158 0.6103196209895553 
0.39944622718188905 0.2087993286630789 0.11139135442859548 0.11139135442859548 0.1689717352978409 
0.25047190432847494 0.30950954833105015 0.16511876746888646 0.16511876746888646 0.10978101240270181 
0.5453937569965709 0.2241852619441855 0.042302263425481997 0.042302263425481997 0.14581645420827996 
0.2568300573905737 0.2087544895172132 0.13879269785081963 0.13879269785081963 0.2568300573905737 
0.2 0.2 0.2 0.2 0.2 
0.2 0.2 0.2 0.2 0.2 
0.2417240087159933 0.19647611559274455 0.16003793348763445 0.16003793348763445 0.2417240087159933 
0.18789995867687906 0.28261544419331086 0.18789995867687906 0.18789995867687906 0.1536846797760521 
0.2 0.2 0.2 0.2 0.2 
0.15912933433150755 0.15912933433150755 0.19455677292453688 0.19455677292453688 0.292627785487911 
0.3501046778640162 0.2266557749488846 0.1201160658034606 0.1201160658034606 0.18300741558017777 
0.2419885298508336 0.2977178031149623 0.1315919935860436 0.1315919935860436 0.19710967986211678 
0.20624967618971352 0.4063108425625536 0.16535434745006453 0.16535434745006453 0.05673078634760394 
0.10931653498419876 0.1658244008952041 0.20491014974691052 0.20491014974691052 0.315038764626776 
0.08666793693560952 0.08666793693560952 0.3699980945965857 0.3699980945965857 0.08666793693560952 
0.07353368955091884 0.07353368955091884 0.3896994656736218 0.3896994656736218 0.07353368955091884 
0.06784174424450062 0.04432858521297069 0.409993963149014 0.409993963149014 0.06784174424450062 
0.1982583328794499 0.24339871353723436 0.1982583328794499 0.1982583328794499 0.16182628782441605 
0.13507788216955008 0.11025590663053485 0.251555403733305 0.251555403733305 0.251555403733305 
0.20763086935860398 0.16947652256558415 0.20763086935860398 0.20763086935860398 0.20763086935860398 
0.20328228013898303 0.10158383274243526 0.08103598302070712 0.08103598302070712 0.5330619210771673 
