0.14564465232768678 0.341163575288967 0.14564465232768678 0.22190246772797287 0.14564465232768678 
0.25627028668709545 0.13935833216065807 0.25627028668709545 0.13935833216065807 0.20874276230449285 
0.2075590111955787 0.16976395521768495 0.2075590111955787 0.2075590111955787 0.2075590111955787 
0.07414165655131347 0.6098346495961611 0.07414165655131347 0.16774038074989805 0.07414165655131347 
0.19147430099047413 0.23410279603810327 0.19147430099047413 0.19147430099047413 0.19147430099047413 
0.14728603785505995 0.41085584857976054 0.14728603785505995 0.14728603785505995 0.14728603785505995 
0.19147430099047413 0.19147430099047413 0.19147430099047413 0.23410279603810322 0.19147430099047413 
0.19147430099047413 0.19147430099047413 0.19147430099047413 0.23410279603810322 0.19147430099047413 
0.0831302908604468 0.4564893240372053 0.0831302908604468 0.2941198033814547 0.0831302908604468 
0.19829319090211614 0.16218537651713266 0.19829319090211614 0.24293505077651895 0.19829319090211614 
0.15420048366210765 0.34886795149227273 0.15420048366210765 0.18853059752140414 0.15420048366210765 
0.23795498105700158 0.15754257772629807 0.23795498105700158 0.12859247910269742 0.23795498105700158 
0.17480934314738605 0.2137276688970563 0.17480934314738605 0.26184430166078543 0.17480934314738605 
0.2075590111955787 0.16976395521768495 0.2075590111955787 0.2075590111955787 0.2075590111955787 
0.07414165655131347 0.6098346495961611 0.07414165655131347 0.16774038074989805 0.07414165655131347 
0.19147430099047413 0.23410279603810327 0.19147430099047413 0.19147430099047413 0.19147430099047413 
0.14728603785505995 0.41085584857976054 0.14728603785505995 0.14728603785505995 0.14728603785505995 
0.19147430099047413 0.19147430099047413 0.19147430099047413 0.23410279603810322 0.19147430099047413 
0.19147430099047413 0.19147430099047413 0.19147430099047413 0.23410279603810322 0.19147430099047413 
0.0831302908604468 0.4564893240372053 0.0831302908604468 0.2941198033814547 0.0831302908604468 
0.2 0.2 0.2 0.2 0.2 
0.18188812442370433 0.27244750230518255 0.18188812442370433 0.18188812442370433 0.18188812442370433 
0.2075590111955787 0.2075590111955787 0.2075590111955787 0.16976395521768498 0.2075590111955787 
0.21390499871813018 0.09454653005238516 0.21390499871813018 0.26373847379322407 0.21390499871813018 
0.19138277710975451 0.2344688915609822 0.19138277710975451 0.19138277710975451 0.19138277710975451 
0.1709267891246451 0.1709267891246451 0.1709267891246451 0.31629284350141945 0.1709267891246451 
0.2 0.2 0.2 0.2 0.2 
0.13428202594165645 0.46287189623337455 0.13428202594165645 0.13428202594165645 0.13428202594165645 
0.2 0.2 0.2 0.2 0.2 
0.2 0.2 0.2 0.2 0.2 
0.19147430099047413 0.23410279603810327 0.19147430099047413 0.19147430099047413 0.19147430099047413 
0.23322568860308432 0.18956858111275077 0.18956858111275077 0.1544114605683296 0.23322568860308432 
0.2 0.2 0.2 0.2 0.2 
0.19822239763321575 0.16146035253434876 0.19822239763321575 0.19822239763321575 0.24387245456600382 
3.02430335084811E-9 5.307061652178978E-10 3.02430335084811E-9 0.9999999910081242 2.4125629873622353E-9 
7.248201832265814E-9 0.9999839536902634 7.248201832265814E-9 1.602456513096095E-5 7.248201832265814E-9 
2.7795067527584558E-5 0.9998373956295361 2.7795067527584558E-5 7.921916788080086E-5 2.7795067527584558E-5 
0.17463197852171689 3.8467770546097515E-9 0.027136300091916813 7.118299355821123E-9 0.7982317104212897 
0.1837029705897285 1.0857547830413994E-5 0.7480017641269986 1.5688112346993585E-4 0.06812752661197288 
0.06551200748388414 0.03325490957827197 0.08255377459094576 0.7531673008630139 0.06551200748388414 
0.13290601326555423 0.05673832582486297 0.16537632291387408 0.5120733247301543 0.13290601326555423 
0.16560049516567885 0.20759090438473707 0.16560049516567885 0.328770421978812 0.132437683305093 
0.003941393795559916 0.9432293086383658 0.003941393795559916 0.044946509974954266 0.003941393795559916 
0.20427787993367813 0.13637754109695346 0.2507888191020121 0.20427787993367813 0.20427787993367813 
0.045059558574307594 0.6305144033091186 0.056485063684496566 0.23190494964627595 0.03603602478580171 
0.18364575867622646 0.22453136198566015 0.18364575867622646 0.22453136198566015 0.18364575867622646 
0.2 0.2 0.2 0.2 0.2 
0.19829319090211614 0.16218537651713266 0.19829319090211614 0.24293505077651895 0.19829319090211614 
0.2 0.2 0.2 0.2 0.2 
0.21571185274517785 0.17643222088223307 0.21571185274517785 0.17643222088223307 0.21571185274517785 
0.19147430099047413 0.19147430099047413 0.19147430099047413 0.23410279603810322 0.19147430099047413 
0.2 0.2 0.2 0.2 0.2 
0.04311743969804416 0.1505559368051748 0.04311743969804416 0.7200917441006923 0.04311743969804416 
0.10887267427577793 0.4719176666181743 0.10887267427577793 0.2014643105544918 0.10887267427577793 
0.1591961376449256 0.36321544942029715 0.1591961376449256 0.1591961376449256 0.1591961376449256 
0.07135327762803173 0.5868994986605469 0.07135327762803173 0.19904066845535753 0.07135327762803173 
0.14923332891828292 0.2761500066225756 0.14923332891828292 0.2761500066225756 0.14923332891828292 
0.2 0.2 0.2 0.2 0.2 
0.07353368955091884 0.3896994656736218 0.07353368955091884 0.3896994656736218 0.07353368955091884 
0.1800393555734274 0.22103155461965002 0.14695523840838146 0.271934495825114 0.1800393555734274 
0.19829319090211614 0.24293505077651895 0.19829319090211614 0.1621853765171327 0.19829319090211614 
0.2 0.2 0.2 0.2 0.2 
0.17641771690510538 0.1442932745717498 0.17641771690510538 0.3264535747129339 0.17641771690510538 
0.10399180176080355 0.4507611185343736 0.10399180176080355 0.2372634761832154 0.10399180176080355 
0.18147447054584712 0.27410211781661176 0.18147447054584712 0.18147447054584712 0.18147447054584712 
0.11701451041887578 0.5319419583244969 0.11701451041887578 0.11701451041887578 0.11701451041887578 
0.12793828319112335 0.15740210756865305 0.12793828319112335 0.4587830428579762 0.12793828319112335 
0.2 0.2 0.2 0.2 0.2 
0.21571185274517785 0.17643222088223307 0.21571185274517785 0.17643222088223307 0.21571185274517785 
0.13896601971832967 0.26048710667906766 0.13896601971832967 0.3226148341659431 0.13896601971832967 
0.17480934314738608 0.26184430166078543 0.17480934314738608 0.21372766889705624 0.17480934314738608 
0.2139493995643836 0.09377331860872506 0.2139493995643836 0.2643784826981237 0.2139493995643836 
0.18347744683615302 0.22478382974577063 0.18347744683615302 0.22478382974577063 0.18347744683615302 
0.041890643056428783 0.20035813173570297 0.052001928685427024 0.6638586534660125 0.041890643056428783 
