0.16238634989235706 0.16238634989235706 0.30850703989378386 0.30850703989378386 0.05821322042771796 
0.2 0.2 0.2 0.2 0.2 
0.5027387209305204 0.14397842385746754 0.11776095173733736 0.11776095173733736 0.11776095173733736 
0.10054146208591057 0.1239646194450053 0.3655271737606586 0.3655271737606586 0.04443957094776666 
0.1539964745595897 0.23066901696027353 0.23066901696027353 0.23066901696027353 0.1539964745595897 
0.06009382964146091 0.3184735247827141 0.20714421519194173 0.20714421519194173 0.20714421519194173 
0.18188812442370433 0.18188812442370433 0.18188812442370433 0.18188812442370433 0.27244750230518255 
0.18188812442370433 0.18188812442370433 0.18188812442370433 0.18188812442370433 0.27244750230518255 
0.11776470603587715 0.11776470603587715 0.3432511229422362 0.3432511229422362 0.07796834204377302 
0.23410279603810327 0.19147430099047413 0.19147430099047413 0.19147430099047413 0.19147430099047413 
0.08137713769038649 0.28050805585223626 0.22700232450870506 0.22700232450870506 0.18411015743996714 
0.16678424679364126 0.16678424679364126 0.2498236298095381 0.2498236298095381 0.16678424679364126 
0.271145442749465 0.14744735787752714 0.18027400319000134 0.18027400319000134 0.22085919299300535 
0.5027387209305204 0.14397842385746754 0.11776095173733736 0.11776095173733736 0.11776095173733736 
0.10054146208591057 0.1239646194450053 0.3655271737606586 0.3655271737606586 0.04443957094776666 
0.1539964745595897 0.23066901696027353 0.23066901696027353 0.23066901696027353 0.1539964745595897 
0.06009382964146091 0.3184735247827141 0.20714421519194173 0.20714421519194173 0.20714421519194173 
0.18188812442370433 0.18188812442370433 0.18188812442370433 0.18188812442370433 0.27244750230518255 
0.18188812442370433 0.18188812442370433 0.18188812442370433 0.18188812442370433 0.27244750230518255 
0.11776470603587715 0.11776470603587715 0.3432511229422362 0.3432511229422362 0.07796834204377302 
0.18188812442370433 0.18188812442370433 0.18188812442370433 0.18188812442370433 0.27244750230518255 
0.12593995331369232 0.2849304520980371 0.2315948206372889 0.2315948206372889 0.12593995331369232 
0.17643222088223307 0.21571185274517785 0.21571185274517785 0.21571185274517785 0.17643222088223307 
0.18853420526661 0.12586693838450025 0.12586693838450025 0.12586693838450025 0.43386497957988945 
0.1608129911354928 0.19661526726734233 0.24087937523083602 0.24087937523083602 0.1608129911354928 
0.21586713904286245 0.21586713904286245 0.17619929143570645 0.17619929143570645 0.21586713904286245 
0.2 0.2 0.2 0.2 0.2 
0.06313969653784686 0.334615414429264 0.26955259624752104 0.26955259624752104 0.06313969653784686 
0.19147430099047413 0.19147430099047413 0.19147430099047413 0.19147430099047413 0.23410279603810327 
0.2 0.2 0.2 0.2 0.2 
0.17643222088223307 0.21571185274517785 0.21571185274517785 0.21571185274517785 0.17643222088223307 
0.2577028876902192 0.20946393624431725 0.20946393624431725 0.20946393624431725 0.11390530357682849 
0.2 0.2 0.2 0.2 0.2 
0.9999999999444429 1.3141323697095584E-11 1.3141323697095584E-11 1.3141323697095584E-11 1.6133401484790636E-11 
0.9871891654152057 0.00252187306932677 0.0013364648291513605 0.0013364648291513605 0.007616031857164473 
1.0660668922898079E-7 1.0660668922898079E-7 0.49999868939106157 0.49999868939106157 2.4080044986560267E-6 
4.197023155642878E-8 0.9604551092870849 0.019772398608237048 0.019772398608237048 5.152620936193426E-8 
6.396280921751526E-5 0.9998267000014214 2.26871900717877E-5 2.26871900717877E-5 6.396280921751526E-5 
0.081104744489356 0.04326818192903527 0.053232721718799864 0.053232721718799864 0.7691616301440088 
0.31116913570404714 0.04344671100643131 0.12663498974438955 0.12663498974438955 0.39211417380074237 
0.04399908544201782 0.015437647020642828 0.023317283856709038 0.023317283856709038 0.8939286998239212 
2.7504498347368525E-23 1.8052449530037172E-23 8.206550897992775E-23 8.206550897992775E-23 1.0 
0.0019454955689446269 0.017558438141308447 0.3546667801201724 0.3546667801201724 0.27116250604940184 
0.22453136198566015 0.18364575867622646 0.18364575867622646 0.18364575867622646 0.22453136198566015 
0.00565321648330076 0.0037267738290250006 0.17577940193615527 0.17577940193615527 0.6390612058153639 
0.18364575867622646 0.18364575867622646 0.22453136198566015 0.22453136198566015 0.18364575867622646 
0.2 0.2 0.2 0.2 0.2 
0.20572133881923121 0.20572133881923121 0.1682609102320395 0.1682609102320395 0.2520355018974585 
0.2 0.2 0.2 0.2 0.2 
0.2 0.2 0.2 0.2 0.2 
0.2 0.2 0.2 0.2 0.2 
0.2 0.2 0.2 0.2 0.2 
0.19500818713849755 0.10538374157191964 0.2971121648588316 0.2971121648588316 0.10538374157191964 
0.07812058494740223 0.07812058494740223 0.3335081992407907 0.3335081992407907 0.17674243162361394 
0.039104877507796315 0.10908343972076844 0.10908343972076844 0.10908343972076844 0.6336448033298986 
0.05730286038567946 0.05730286038567946 0.3778752563016674 0.3778752563016674 0.1296437666253063 
0.15355741799319986 0.15355741799319986 0.23096172133786688 0.23096172133786688 0.23096172133786688 
0.27244750230518255 0.18188812442370433 0.18188812442370433 0.18188812442370433 0.18188812442370433 
0.4687579283509596 0.10142148461137006 0.19268394184503712 0.19268394184503712 0.04445270334759647 
0.15355741799319986 0.15355741799319986 0.23096172133786688 0.23096172133786688 0.23096172133786688 
0.12893100762726076 0.2916975060423248 0.1931238287768049 0.1931238287768049 0.1931238287768049 
0.2 0.2 0.2 0.2 0.2 
0.26184430166078543 0.2137276688970563 0.17480934314738608 0.17480934314738608 0.17480934314738608 
0.07873753195515858 0.09646375771413399 0.27493290344356913 0.27493290344356913 0.27493290344356913 
0.10618178832068059 0.3707617781626764 0.19648493912515363 0.19648493912515363 0.13008655526633553 
0.045776633757513945 0.2560226600524043 0.32094092164453736 0.32094092164453736 0.05631886290100679 
0.10944834128312993 0.16602434046114134 0.16602434046114134 0.16602434046114134 0.3924786373334461 
0.19147430099047413 0.19147430099047413 0.19147430099047413 0.19147430099047413 0.23410279603810327 
0.18364575867622646 0.22453136198566015 0.18364575867622646 0.18364575867622646 0.22453136198566015 
0.179822081181493 0.042121321755616115 0.11749784056405221 0.11749784056405221 0.5430609159347863 
0.10745407521438716 0.19760057568098308 0.19760057568098308 0.19760057568098308 0.29974419774266353 
0.11185719917508267 0.09130226732990054 0.09130226732990054 0.09130226732990054 0.6142359988352158 
0.17643222088223307 0.21571185274517785 0.21571185274517785 0.21571185274517785 0.17643222088223307 
0.14856584624610042 0.033215017419647726 0.2926739827157237 0.2926739827157237 0.232871170902804 
