0.3036294283302368 0.2440142344347991 0.10417105140008258 0.10417105140008258 0.2440142344347991 
0.15968239858692226 0.3612704056523108 0.15968239858692226 0.15968239858692226 0.15968239858692226 
0.17643222088223307 0.21571185274517785 0.21571185274517785 0.21571185274517785 0.17643222088223307 
0.317648445681097 0.10898078208088725 0.08858086067350343 0.08858086067350343 0.3962090508910085 
0.24129741467021015 0.24129741467021015 0.16042921636779897 0.16042921636779897 0.19654673792398214 
0.5380156230142846 0.05102046800650624 0.11640623001765218 0.11640623001765218 0.1781514489439047 
0.19147430099047413 0.23410279603810327 0.19147430099047413 0.19147430099047413 0.19147430099047413 
0.19147430099047413 0.23410279603810327 0.19147430099047413 0.19147430099047413 0.19147430099047413 
0.15561436731404865 0.46995385822993646 0.06703073431984893 0.06703073431984893 0.24037030581631685 
0.18364575867622646 0.18364575867622646 0.22453136198566015 0.22453136198566015 0.18364575867622646 
0.4648348381300408 0.08465007451668152 0.12785690807399008 0.12785690807399008 0.19480127120529758 
0.05842687097018048 0.7532847674714594 0.05842687097018048 0.05842687097018048 0.0714346196179989 
0.16497393840375685 0.30337560614524467 0.16497393840375685 0.16497393840375685 0.20170257864348454 
0.17643222088223307 0.21571185274517785 0.21571185274517785 0.21571185274517785 0.17643222088223307 
0.317648445681097 0.10898078208088725 0.08858086067350343 0.08858086067350343 0.3962090508910085 
0.24129741467021015 0.24129741467021015 0.16042921636779897 0.16042921636779897 0.19654673792398214 
0.5380156230142846 0.05102046800650624 0.11640623001765218 0.11640623001765218 0.1781514489439047 
0.19147430099047413 0.23410279603810327 0.19147430099047413 0.19147430099047413 0.19147430099047413 
0.19147430099047413 0.23410279603810327 0.19147430099047413 0.19147430099047413 0.19147430099047413 
0.15561436731404865 0.46995385822993646 0.06703073431984893 0.06703073431984893 0.24037030581631685 
0.19147430099047413 0.23410279603810327 0.19147430099047413 0.19147430099047413 0.19147430099047413 
0.3713767935727333 0.1077387256268405 0.16138022639784086 0.16138022639784086 0.19812402800474452 
0.2 0.2 0.2 0.2 0.2 
0.10753145569987334 0.5698741772005067 0.10753145569987334 0.10753145569987334 0.10753145569987334 
0.16218537651713266 0.19829319090211614 0.19829319090211614 0.19829319090211614 0.24293505077651895 
0.18981930412587236 0.1552545257344294 0.232553433006913 0.232553433006913 0.18981930412587236 
0.2 0.2 0.2 0.2 0.2 
0.5158342274756145 0.04891698786018653 0.11160701504928242 0.11160701504928242 0.21203475456563436 
0.19147430099047413 0.23410279603810327 0.19147430099047413 0.19147430099047413 0.19147430099047413 
0.19147430099047413 0.23410279603810327 0.19147430099047413 0.19147430099047413 0.19147430099047413 
0.19138277710975451 0.2344688915609822 0.19138277710975451 0.19138277710975451 0.19138277710975451 
0.1482809749152202 0.12128003809683939 0.27438771554350416 0.27438771554350416 0.1816635559009322 
0.2 0.2 0.2 0.2 0.2 
0.11646289913390835 0.21416717670708965 0.263489271114926 0.263489271114926 0.14239138192914974 
0.016682602466911358 0.9454769085211345 0.013469941206260796 0.013469941206260796 0.010900606599432212 
5.390829840089334E-5 1.3778638040376261E-5 3.842372387209945E-6 3.842372387209945E-6 0.9999246283187844 
0.9999999999985578 1.5220504308697182E-19 9.550363751875608E-16 9.550363751875608E-16 1.4404049049026648E-12 
1.97079718596037E-9 2.952027640981105E-9 0.49999999633380676 0.49999999633380676 2.409561644934807E-9 
3.5361237906733823E-10 0.9999999989130162 1.8987948803513753E-10 1.8987948803513753E-10 3.5361237906733823E-10 
2.063388203225484E-7 0.9999988932021762 2.063388203225484E-7 2.063388203225484E-7 4.877813626860288E-7 
0.04621928384100419 0.8216222202620308 0.0376475209257744 0.0376475209257744 0.05686345404541608 
0.06579979465861457 0.6085806361034729 0.06579979465861457 0.06579979465861457 0.1940199799206832 
0.297290180346375 0.008818884346941626 0.02124577047658098 0.02124577047658098 0.6513993943535216 
0.13428202594165645 0.46287189623337455 0.13428202594165645 0.13428202594165645 0.13428202594165645 
0.0034735504792028408 0.9509632024668419 0.0018530878189692186 0.0018530878189692186 0.04185707141601682 
0.18364575867622646 0.22453136198566015 0.18364575867622646 0.18364575867622646 0.22453136198566015 
0.14728603785505995 0.41085584857976054 0.14728603785505995 0.14728603785505995 0.14728603785505995 
0.18364575867622646 0.18364575867622646 0.22453136198566015 0.22453136198566015 0.18364575867622646 
0.2 0.2 0.2 0.2 0.2 
0.18364575867622646 0.18364575867622646 0.22453136198566015 0.22453136198566015 0.18364575867622646 
0.19147430099047413 0.23410279603810327 0.19147430099047413 0.19147430099047413 0.19147430099047413 
0.19147430099047413 0.23410279603810327 0.19147430099047413 0.19147430099047413 0.19147430099047413 
0.1591961376449256 0.1591961376449256 0.1591961376449256 0.1591961376449256 0.3632154494202971 
0.14664184549626355 0.14664184549626355 0.14664184549626355 0.14664184549626355 0.4134326180149451 
0.31708673919201197 0.09080989196628682 0.1680398906173113 0.1680398906173113 0.25602358760707833 
0.1708543069132711 0.11406369730399138 0.11406369730399138 0.11406369730399138 0.48695460117475475 
0.2138395576792909 0.1745442993828464 0.1745442993828464 0.1745442993828464 0.26252754417217034 
0.2 0.2 0.2 0.2 0.2 
0.36975778993551994 0.1268587763471351 0.10311230455729553 0.10311230455729553 0.2971588246027536 
0.17619929143570645 0.17619929143570645 0.21586713904286245 0.21586713904286245 0.21586713904286245 
0.2513294057701187 0.13582010855929688 0.20428349522352807 0.20428349522352807 0.20428349522352807 
0.2 0.2 0.2 0.2 0.2 
0.17643222088223307 0.21571185274517785 0.21571185274517785 0.21571185274517785 0.17643222088223307 
0.15869858544325305 0.15869858544325305 0.15869858544325305 0.15869858544325305 0.36520565822698775 
0.36130052137496965 0.06817499820649743 0.1901748268061776 0.1901748268061776 0.1901748268061776 
0.5105704858854397 0.102994392691198 0.06667798337696115 0.06667798337696115 0.25307915466944 
0.297024834866966 0.194079483795645 0.15740809877087178 0.15740809877087178 0.194079483795645 
0.17126424110108873 0.3149430355956448 0.17126424110108873 0.17126424110108873 0.17126424110108873 
0.1490824656421867 0.3372887889636851 0.18227313987597063 0.18227313987597063 0.1490824656421867 
0.07752924266665745 0.6521827395043541 0.06341170544371834 0.06341170544371834 0.14346460694155164 
0.3153113141787637 0.1381999126224388 0.1693129382683426 0.1693129382683426 0.20786289666211227 
0.10032602581147039 0.5316882491638755 0.12266190834155136 0.12266190834155136 0.12266190834155136 
0.16976395521768495 0.2075590111955787 0.2075590111955787 0.2075590111955787 0.2075590111955787 
0.09289274210334461 0.5613868556425983 0.032592617527489987 0.032592617527489987 0.28053516719907723 
