0.14467994289892533 0.11759755820680362 0.17838604781244513 0.22043264786530492 0.33890380321652086 
0.2498236298095381 0.16678424679364126 0.16678424679364126 0.16678424679364126 0.2498236298095381 
0.10887267427577793 0.10887267427577793 0.2014643105544918 0.4719176666181744 0.10887267427577793 
0.08296706961297828 0.1525706743590646 0.12427513319660287 0.28598857194313726 0.3541985508882167 
0.15420048366210765 0.18853059752140414 0.15420048366210765 0.15420048366210765 0.34886795149227273 
0.29202096891941826 0.29202096891941826 0.12907397900620568 0.12907397900620568 0.157810104148752 
0.21571185274517785 0.17643222088223307 0.21571185274517785 0.17643222088223307 0.21571185274517785 
0.21571185274517785 0.17643222088223307 0.21571185274517785 0.17643222088223307 0.21571185274517785 
0.2076721473066082 0.030245228682346928 0.0563256588717011 0.04568290631042018 0.6600740588289238 
0.1682609102320395 0.20572133881923121 0.2520355018974585 0.1682609102320395 0.20572133881923121 
0.17164273380881 0.258163374806 0.17164273380881 0.14038778277038017 0.258163374806 
0.049495815526000304 0.049495815526000304 0.049495815526000304 0.049495815526000304 0.802016737895999 
0.1690295148700495 0.11284545158914111 0.20751494210439436 0.2553050457182075 0.2553050457182075 
0.10887267427577793 0.10887267427577793 0.2014643105544918 0.4719176666181744 0.10887267427577793 
0.08296706961297828 0.1525706743590646 0.12427513319660287 0.28598857194313726 0.3541985508882167 
0.15420048366210765 0.18853059752140414 0.15420048366210765 0.15420048366210765 0.34886795149227273 
0.29202096891941826 0.29202096891941826 0.12907397900620568 0.12907397900620568 0.157810104148752 
0.21571185274517785 0.17643222088223307 0.21571185274517785 0.17643222088223307 0.21571185274517785 
0.21571185274517785 0.17643222088223307 0.21571185274517785 0.17643222088223307 0.21571185274517785 
0.2076721473066082 0.030245228682346928 0.0563256588717011 0.04568290631042018 0.6600740588289238 
0.2901978891013846 0.1578079704226164 0.1578079704226164 0.1578079704226164 0.236378199630766 
0.18188812442370433 0.27244750230518255 0.18188812442370433 0.18188812442370433 0.18188812442370433 
0.2520355018974585 0.20572133881923121 0.16826091023203954 0.16826091023203954 0.20572133881923121 
0.12925392107326059 0.10571767875746498 0.29490050277897806 0.10571767875746498 0.36441021863283135 
0.18364575867622646 0.22453136198566015 0.18364575867622646 0.18364575867622646 0.22453136198566015 
0.2351008465896107 0.1914993765826672 0.28924390590030086 0.1278465103927193 0.15630936053470196 
0.2 0.2 0.2 0.2 0.2 
0.15420048366210765 0.3488679514922727 0.15420048366210765 0.15420048366210765 0.18853059752140414 
0.5565503349718944 0.10501733555251662 0.10501733555251662 0.10501733555251662 0.12839765837055572 
0.2137276688970563 0.17480934314738605 0.17480934314738605 0.17480934314738605 0.26184430166078543 
0.17126424110108873 0.17126424110108873 0.17126424110108873 0.17126424110108873 0.3149430355956448 
0.10604496526902832 0.23991941478304346 0.15884316807997895 0.3655383795103324 0.129654072357617 
0.2 0.2 0.2 0.2 0.2 
2.021925461486777E-28 2.487569170435934E-28 1.133414690853032E-24 1.0 3.0670984801546064E-28 
1.7701759084769206E-8 1.4689979893840531E-9 0.9999998446241961 1.8193627653100358E-9 1.3438568381309028E-7 
0.2595402553356208 0.07335669570016183 0.07335669570016183 0.09005888985063921 0.5036874634134161 
8.188698222615662E-4 0.9964862204460188 0.0012421597309804405 4.4529677693927043E-4 0.001007453223800033 
2.3311213422052484E-10 0.9999999986895172 3.5361237898830624E-10 4.369608160179453E-10 2.86797198703407E-10 
3.96106028850329E-5 1.4284063961414228E-6 1.947171817717422E-5 1.1659217609419234E-6 0.9999383233507807 
2.3465059463412084E-11 2.537044399293345E-12 7.888609051335537E-11 5.997528590828284E-12 0.9999999998891143 
0.9999999999999787 6.087751462827874E-16 6.585570073295845E-15 7.4738390708031E-16 1.3285952833796504E-14 
0.9780836674526731 0.0016326222685179698 0.003859490490661812 0.0013241377309566428 0.01510008205719042 
0.3384251834466695 0.27065285778847786 0.11342420237829146 0.06051013482082666 0.21698762156573442 
0.286561837175566 0.1027283845269694 0.15387531137008975 0.1027283845269694 0.3541060824004055 
0.007160338137826624 8.126132489524576E-4 0.002341865977606567 8.126132489524576E-4 0.9888725693866619 
0.19147430099047413 0.19147430099047413 0.19147430099047413 0.19147430099047413 0.23410279603810327 
0.09438991265851776 0.09438991265851776 0.09438991265851776 0.09438991265851776 0.6224403493659294 
0.28034833821188815 0.18639264855290003 0.22835533249813364 0.1524518403685391 0.1524518403685391 
0.2 0.2 0.2 0.2 0.2 
0.19147430099047413 0.23410279603810327 0.19147430099047413 0.19147430099047413 0.19147430099047413 
0.18364575867622646 0.18364575867622646 0.22453136198566015 0.18364575867622646 0.22453136198566015 
0.19147430099047413 0.19147430099047413 0.19147430099047413 0.19147430099047413 0.23410279603810327 
0.11185719917508267 0.09130226732990054 0.614235998835216 0.09130226732990054 0.09130226732990054 
0.24087937523083602 0.19661526726734233 0.16081299113549283 0.16081299113549283 0.24087937523083602 
0.850187882369948 0.05884044806346053 0.026007621254604436 0.026007621254604436 0.038956427057382476 
0.23410279603810327 0.19147430099047413 0.19147430099047413 0.19147430099047413 0.19147430099047413 
0.19829319090211614 0.19829319090211614 0.24293505077651895 0.1621853765171327 0.19829319090211614 
0.17480934314738605 0.17480934314738605 0.2137276688970563 0.26184430166078543 0.17480934314738605 
0.0325574512765001 0.0598708899788716 0.26779361042745364 0.5275520887875872 0.11222595952958712 
0.3024303120817228 0.20022968519625123 0.20022968519625123 0.13367493401903027 0.16343538350674464 
0.19455677292453688 0.292627785487911 0.15912933433150755 0.15912933433150755 0.19455677292453688 
0.2 0.2 0.2 0.2 0.2 
0.15912933433150755 0.19455677292453688 0.292627785487911 0.15912933433150755 0.19455677292453688 
0.22302275006234462 0.22302275006234462 0.1820399839886009 0.14889176582436528 0.22302275006234462 
0.22629299378364578 0.3432682908068691 0.18432501568247658 0.12305684986350422 0.12305684986350422 
0.11506506760288987 0.21568557983066924 0.11506506760288987 0.14156422687936326 0.4126200580841874 
0.9028049082204026 0.018310958423399977 0.042892285730062506 0.008093488189807433 0.027898359436327503 
0.14728603785505995 0.14728603785505995 0.14728603785505995 0.14728603785505995 0.4108558485797606 
0.1833950839931366 0.14969431658593582 0.12243602005451322 0.12243602005451322 0.4220385593119011 
0.0832317152037021 0.036788620695994076 0.1268108557489572 0.15705600065762743 0.5961128076937189 
0.19829319090211614 0.24293505077651895 0.19829319090211614 0.1621853765171327 0.19829319090211614 
0.13896102252849105 0.11342547927982512 0.25878697210746954 0.09277148640326001 0.3960550396809542 
0.2075590111955787 0.2075590111955787 0.2075590111955787 0.16976395521768498 0.2075590111955787 
0.4295092569012464 0.019680527544455387 0.2682805726430038 0.06963085094380012 0.21289879196749445 
