0.2526456586194979 0.2035210880159462 0.2035210880159462 0.2526456586194979 0.08766650672911158 
0.17480934314738605 0.2137276688970563 0.17480934314738605 0.17480934314738605 0.26184430166078543 
0.17480934314738605 0.26184430166078543 0.17480934314738605 0.17480934314738605 0.2137276688970563 
0.2619167349098837 0.1687550935314513 0.3275015079608135 0.20998370318622261 0.03184296041162871 
0.16280005992887628 0.3714380123003122 0.13315529845707297 0.19945133085666558 0.13315529845707297 
0.21654747251138814 0.11627964870521476 0.07762922042848346 0.5119144379264304 0.07762922042848346 
0.19147430099047413 0.23410279603810327 0.19147430099047413 0.19147430099047413 0.19147430099047413 
0.19147430099047413 0.23410279603810327 0.19147430099047413 0.19147430099047413 0.19147430099047413 
0.0735919173491679 0.7760336744927391 0.09201956459129071 0.047415873978768924 0.010938969588033283 
0.18364575867622646 0.22453136198566015 0.18364575867622646 0.18364575867622646 0.22453136198566015 
0.2096006362599544 0.2096006362599544 0.09264399136957231 0.39551074474094633 0.09264399136957231 
0.08756092733535435 0.6012176661274263 0.10749720710357885 0.07147068989912068 0.13225350953451964 
0.14572217824025804 0.4108397671130334 0.178528695861963 0.14572217824025804 0.11918718054448732 
0.17480934314738605 0.26184430166078543 0.17480934314738605 0.17480934314738605 0.2137276688970563 
0.2619167349098837 0.1687550935314513 0.3275015079608135 0.20998370318622261 0.03184296041162871 
0.16280005992887628 0.3714380123003122 0.13315529845707297 0.19945133085666558 0.13315529845707297 
0.21654747251138814 0.11627964870521476 0.07762922042848346 0.5119144379264304 0.07762922042848346 
0.19147430099047413 0.23410279603810327 0.19147430099047413 0.19147430099047413 0.19147430099047413 
0.19147430099047413 0.23410279603810327 0.19147430099047413 0.19147430099047413 0.19147430099047413 
0.0735919173491679 0.7760336744927391 0.09201956459129071 0.047415873978768924 0.010938969588033283 
0.17126424110108873 0.3149430355956448 0.17126424110108873 0.17126424110108873 0.17126424110108873 
0.22157027023535322 0.14792207871305224 0.14792207871305224 0.33466349362549014 0.14792207871305224 
0.19829319090211614 0.24293505077651895 0.1621853765171327 0.19829319090211614 0.19829319090211614 
0.1328928032303776 0.3006607951544335 0.1328928032303776 0.1328928032303776 0.3006607951544335 
0.2138395576792909 0.1745442993828464 0.26252754417217034 0.1745442993828464 0.1745442993828464 
0.2075590111955787 0.2075590111955787 0.16976395521768498 0.2075590111955787 0.2075590111955787 
0.2 0.2 0.2 0.2 0.2 
0.2598773713030263 0.09217680383703034 0.07539204734384625 0.497161730172251 0.07539204734384625 
0.17126424110108873 0.3149430355956448 0.17126424110108873 0.17126424110108873 0.17126424110108873 
0.17126424110108873 0.3149430355956448 0.17126424110108873 0.17126424110108873 0.17126424110108873 
0.18789995867687906 0.28261544419331086 0.18789995867687906 0.18789995867687906 0.1536846797760521 
0.1913282702466081 0.1272066860170104 0.29022961432637334 0.15584480024788064 0.23539062916212736 
0.2 0.2 0.2 0.2 0.2 
0.13505378920767405 0.3849189713089638 0.16580346497447995 0.1102362410027327 0.2039875335061494 
0.0067819970437534086 0.9452724250620756 0.0067819970437534086 0.010332970391159461 0.030830610459257918 
8.846126837081525E-23 4.495434263578944E-30 1.0 2.6231650341830318E-27 5.222802226033505E-31 
6.8302520211491E-6 2.3311054214592696E-10 2.86795239978537E-10 0.9999931690381948 1.8987819118200167E-10 
2.827031078441566E-9 6.450039422260009E-9 3.463482207651898E-9 2.3122483318603436E-9 0.999999984947199 
2.1541881371934057E-4 0.01773755631479415 2.65604962470053E-4 2.65604962470053E-4 0.9815158149465463 
3.091874306307461E-14 0.9999999999998077 9.698252895675013E-14 1.6047709276337282E-14 4.8463924124351745E-14 
5.547326908589567E-4 0.996849762935954 8.4518415927847E-4 4.508932516518678E-4 0.0012994269622567764 
0.1292262440759018 0.20466102270468703 0.5305509752594063 0.05311872203627266 0.08244303592373223 
0.26421770803021977 0.005019020741511229 0.611587109359066 0.11807209732671026 0.001104064542492537 
0.12586693838450025 0.43386497957988945 0.12586693838450025 0.12586693838450025 0.18853420526661 
0.02437152017086489 0.2830041852259427 0.68848734518756 0.002744034836146314 0.00139291457948563 
0.19829319090211614 0.19829319090211614 0.24293505077651895 0.19829319090211614 0.1621853765171327 
0.08179782898668078 0.6728086840532764 0.08179782898668078 0.08179782898668078 0.08179782898668078 
0.18364575867622646 0.22453136198566015 0.18364575867622646 0.18364575867622646 0.22453136198566015 
0.2 0.2 0.2 0.2 0.2 
0.19147430099047413 0.19147430099047413 0.19147430099047413 0.19147430099047413 0.23410279603810327 
0.19147430099047413 0.23410279603810327 0.19147430099047413 0.19147430099047413 0.19147430099047413 
0.19147430099047413 0.23410279603810327 0.19147430099047413 0.19147430099047413 0.19147430099047413 
0.19278258529243059 0.06764025828203722 0.5822015108340223 0.10216499317508708 0.05521065241642286 
0.2286743589539602 0.06463273045070848 0.5563147491369581 0.09762237213599526 0.05275578932237838 
0.2118304027015792 0.26176002629408174 0.17180497546166693 0.26176002629408174 0.09284456924859034 
0.17996527421443093 0.021879575981464984 0.7152422818192501 0.06103329200338946 0.021879575981464984 
0.25151838657199616 0.1359222350611597 0.31011465745522115 0.16652248585046306 0.1359222350611597 
0.2 0.2 0.2 0.2 0.2 
0.26317090426562106 0.21199979870204694 0.21199979870204694 0.26317090426562106 0.04965859406466379 
0.1943255957844781 0.1943255957844781 0.29477631635710494 0.15828624603696936 0.15828624603696936 
0.22085919299300535 0.18027400319000136 0.14744735787752716 0.271145442749465 0.18027400319000136 
0.2 0.2 0.2 0.2 0.2 
0.18364575867622646 0.22453136198566015 0.18364575867622646 0.18364575867622646 0.22453136198566015 
0.22041773589876126 0.07648361358342777 0.5362281893465087 0.1160194969828257 0.05085096418847664 
0.23991941478304346 0.129654072357617 0.10604496526902832 0.3655383795103324 0.15884316807997895 
0.2417989017310605 0.12459422410448771 0.10036804981651487 0.48004884814263443 0.05318997620530232 
0.11703548064129739 0.5320372878792802 0.07748554463438367 0.17831387250389516 0.0951278143411435 
0.14728603785505995 0.41085584857976054 0.14728603785505995 0.14728603785505995 0.14728603785505995 
0.11776095173733736 0.5027387209305204 0.11776095173733736 0.11776095173733736 0.14397842385746754 
0.1220487622058641 0.4564960334391229 0.29123278443160344 0.06511120996170496 0.06511120996170496 
0.21450608426018808 0.17508834472387344 0.14320597184207143 0.32399362733179565 0.14320597184207143 
0.1359222350611597 0.25151838657199616 0.16652248585046306 0.1359222350611597 0.31011465745522115 
0.20575438593822215 0.20575438593822215 0.2526015028707924 0.16794486262638184 0.16794486262638184 
0.15405535698001513 0.09727301710509689 0.6544042176452851 0.06205769502126071 0.03220971324834204 
