0.1877059780402527 0.2899407305626922 0.15155839703551874 0.2899407305626922 0.08085416379884407 
0.18188812442370433 0.18188812442370433 0.18188812442370433 0.18188812442370433 0.27244750230518255 
0.19147430099047413 0.19147430099047413 0.19147430099047413 0.19147430099047413 0.23410279603810327 
0.31134100276341864 0.20059955336414015 0.24960809295545164 0.20059955336414015 0.03785179755284973 
0.14081806755833332 0.31859115870106947 0.14081806755833332 0.25895463862393014 0.14081806755833332 
0.029976972898176812 0.4857387187238729 0.029976972898176812 0.386486503284185 0.06782083219558806 
0.19147430099047413 0.19147430099047413 0.19147430099047413 0.19147430099047413 0.23410279603810327 
0.19147430099047413 0.19147430099047413 0.19147430099047413 0.19147430099047413 0.23410279603810327 
0.28169141248029944 0.11692698981798276 0.22528047418279756 0.09440971103862064 0.28169141248029944 
0.19147430099047413 0.19147430099047413 0.23410279603810327 0.19147430099047413 0.19147430099047413 
0.04601341722845788 0.47324317004290956 0.04601341722845788 0.37847247387597616 0.056257521624198184 
0.2901978891013846 0.1578079704226164 0.236378199630766 0.1578079704226164 0.1578079704226164 
0.23066901696027353 0.1539964745595897 0.23066901696027353 0.1539964745595897 0.23066901696027353 
0.19147430099047413 0.19147430099047413 0.19147430099047413 0.19147430099047413 0.23410279603810327 
0.31134100276341864 0.20059955336414015 0.24960809295545164 0.20059955336414015 0.03785179755284973 
0.14081806755833332 0.31859115870106947 0.14081806755833332 0.25895463862393014 0.14081806755833332 
0.029976972898176812 0.4857387187238729 0.029976972898176812 0.386486503284185 0.06782083219558806 
0.19147430099047413 0.19147430099047413 0.19147430099047413 0.19147430099047413 0.23410279603810327 
0.19147430099047413 0.19147430099047413 0.19147430099047413 0.19147430099047413 0.23410279603810327 
0.28169141248029944 0.11692698981798276 0.22528047418279756 0.09440971103862064 0.28169141248029944 
0.17126424110108873 0.17126424110108873 0.17126424110108873 0.17126424110108873 0.3149430355956448 
0.10107108969013305 0.3483933654648006 0.10107108969013305 0.3483933654648006 0.10107108969013305 
0.1539964745595897 0.23066901696027353 0.1539964745595897 0.23066901696027353 0.23066901696027353 
0.17480934314738605 0.17480934314738605 0.26184430166078543 0.17480934314738605 0.2137276688970563 
0.27537717505274945 0.14974854996483358 0.27537717505274945 0.14974854996483358 0.14974854996483358 
0.1536846797760521 0.18789995867687906 0.18789995867687906 0.18789995867687906 0.28261544419331086 
0.2 0.2 0.2 0.2 0.2 
0.02523814470717251 0.5153335307723872 0.02523814470717251 0.4089520351060951 0.02523814470717251 
0.10753145569987334 0.10753145569987334 0.10753145569987334 0.10753145569987334 0.5698741772005067 
0.19147430099047413 0.19147430099047413 0.19147430099047413 0.19147430099047413 0.23410279603810327 
0.2075590111955787 0.2075590111955787 0.2075590111955787 0.2075590111955787 0.16976395521768498 
0.34643943458921456 0.12419366026740852 0.28097958460855993 0.12419366026740852 0.12419366026740852 
0.2 0.2 0.2 0.2 0.2 
0.24464301006137035 0.13303548490794434 0.24464301006137035 0.13303548490794434 0.24464301006137035 
0.011585238658443513 0.017811705664020874 0.813186595511903 0.017811705664020874 0.1396047545016117 
0.9999999999998648 2.1576223190353843E-26 1.3519059214025025E-13 2.1576223190353843E-26 5.054096616120342E-26 
0.0 0.1 0.0 0.0 0.0 
0.13452883217799266 0.08981252079293107 0.13452883217799266 0.4759708315678954 0.1651589832831883 
0.05101672053251532 0.05101672053251532 0.09692327863153431 0.04137709369117941 0.7596661866122557 
0.2641765464322032 0.02316584316825794 0.42531522079907763 0.02316584316825794 0.2641765464322032 
4.3943336643417404E-15 2.3443120330719435E-15 6.756060891478359E-15 1.9095392439491154E-15 0.9999999999999847 
0.02991709605970195 0.001039349947020028 0.023476569492993506 0.001039349947020028 0.9445276345532646 
0.7052008785944002 0.062767064674779 0.17743871233352349 0.04880607749380352 0.005787266903493911 
0.14260975970711393 0.14260975970711393 0.1743593961020298 0.14260975970711393 0.3978113247766285 
0.808401036359892 3.656544701876708E-4 0.18764569191297437 3.656544701876708E-4 0.0032219627867582858 
0.22453136198566015 0.18364575867622646 0.22453136198566015 0.18364575867622646 0.18364575867622646 
0.2 0.2 0.2 0.2 0.2 
0.16497393840375685 0.16497393840375685 0.20170257864348456 0.16497393840375685 0.30337560614524467 
0.2 0.2 0.2 0.2 0.2 
0.2 0.2 0.2 0.2 0.2 
0.2 0.2 0.2 0.2 0.2 
0.2 0.2 0.2 0.2 0.2 
0.39555207127864456 0.03068012367774406 0.4971323827838441 0.03068012367774406 0.04595529858202291 
0.5237576086366863 0.04062410331511899 0.3341439477170001 0.04062410331511899 0.06085023701607572 
0.0488012913676338 0.11431400175436131 0.03966626325102813 0.09208671995248338 0.7051317236744933 
0.6272498942579403 0.019187850144813855 0.31091470696744034 0.019187850144813855 0.02345969848499154 
0.30166912263618295 0.1322205849092112 0.30166912263618295 0.1322205849092112 0.1322205849092112 
0.2 0.2 0.2 0.2 0.2 
0.19005483726079792 0.293568904611831 0.23592901355663737 0.23592901355663737 0.04451823101409659 
0.28344498452567385 0.10161103672976128 0.28344498452567385 0.10161103672976128 0.22988795748912974 
0.11361502700103475 0.31693023323676084 0.11361502700103475 0.31693023323676084 0.13890947952440888 
0.2 0.2 0.2 0.2 0.2 
0.19147430099047413 0.19147430099047413 0.23410279603810327 0.19147430099047413 0.19147430099047413 
0.5144519291171615 0.04878590335974446 0.32820716238048364 0.04878590335974446 0.05976910178286612 
0.0626742331282427 0.4132959811682247 0.07662758468874359 0.33214864248947507 0.11525355852531413 
0.050955209377987254 0.49577624524452324 0.041142482165809784 0.39017715732990393 0.021948905881775782 
0.011994966118453795 0.042438887676326364 0.01811740023992005 0.034187045371243494 0.8932617005940562 
0.2 0.2 0.2 0.2 0.2 
0.18188812442370433 0.18188812442370433 0.18188812442370433 0.18188812442370433 0.27244750230518255 
0.43104722726389993 0.052405279861285924 0.3455788842975968 0.052405279861285924 0.11856332871593121 
0.11361502700103475 0.31693023323676084 0.11361502700103475 0.31693023323676084 0.13890947952440888 
0.25627028668709545 0.13935833216065807 0.25627028668709545 0.13935833216065807 0.20874276230449285 
0.2803483382118882 0.1524518403685391 0.22835533249813364 0.1524518403685391 0.1863926485529 
0.4502030925842314 0.014478917983544847 0.3511622606967823 0.014478917983544847 0.16967681075189706 
