0.20878700955244522 0.2591826333762519 0.1364238618475253 0.1364238618475253 0.2591826333762519 
0.2 0.2 0.2 0.2 0.2 
0.2520355018974585 0.16826091023203954 0.20572133881923121 0.20572133881923121 0.16826091023203954 
0.23918804346125105 0.2983438734638176 0.08206210480555676 0.08206210480555676 0.2983438734638176 
0.3652056582269878 0.15869858544325305 0.15869858544325305 0.15869858544325305 0.15869858544325305 
0.08847413103013953 0.20360139423219123 0.2521615402527387 0.2521615402527387 0.20360139423219123 
0.23410279603810327 0.19147430099047413 0.19147430099047413 0.19147430099047413 0.19147430099047413 
0.23410279603810327 0.19147430099047413 0.19147430099047413 0.19147430099047413 0.19147430099047413 
0.8686544034728984 0.05135243067307306 0.014320367590477792 0.014320367590477792 0.05135243067307306 
0.21571185274517785 0.17643222088223307 0.21571185274517785 0.21571185274517785 0.17643222088223307 
0.18276820069456348 0.18276820069456348 0.22584769895815465 0.22584769895815465 0.18276820069456348 
0.812225959371498 0.059583275852789684 0.03977826994260521 0.03977826994260521 0.048634224890501634 
0.4367576264957555 0.15491507344393937 0.12670611330818268 0.12670611330818268 0.15491507344393937 
0.2520355018974585 0.16826091023203954 0.20572133881923121 0.20572133881923121 0.16826091023203954 
0.23918804346125105 0.2983438734638176 0.08206210480555676 0.08206210480555676 0.2983438734638176 
0.3652056582269878 0.15869858544325305 0.15869858544325305 0.15869858544325305 0.15869858544325305 
0.08847413103013953 0.20360139423219123 0.2521615402527387 0.2521615402527387 0.20360139423219123 
0.23410279603810327 0.19147430099047413 0.19147430099047413 0.19147430099047413 0.19147430099047413 
0.23410279603810327 0.19147430099047413 0.19147430099047413 0.19147430099047413 0.19147430099047413 
0.8686544034728984 0.05135243067307306 0.014320367590477792 0.014320367590477792 0.05135243067307306 
0.27244750230518255 0.18188812442370433 0.18188812442370433 0.18188812442370433 0.18188812442370433 
0.11967846735256901 0.22008038316185774 0.22008038316185774 0.22008038316185774 0.22008038316185774 
0.2344688915609822 0.19138277710975451 0.19138277710975451 0.19138277710975451 0.19138277710975451 
0.41085584857976054 0.14728603785505995 0.14728603785505995 0.14728603785505995 0.14728603785505995 
0.18347744683615302 0.22478382974577063 0.18347744683615302 0.18347744683615302 0.22478382974577063 
0.18347744683615302 0.18347744683615302 0.22478382974577063 0.22478382974577063 0.18347744683615302 
0.2 0.2 0.2 0.2 0.2 
0.0699563461140781 0.19723043734770676 0.24427107217940489 0.24427107217940489 0.24427107217940489 
0.23410279603810327 0.19147430099047413 0.19147430099047413 0.19147430099047413 0.19147430099047413 
0.3149430355956448 0.17126424110108873 0.17126424110108873 0.17126424110108873 0.17126424110108873 
0.3162928435014195 0.1709267891246451 0.1709267891246451 0.1709267891246451 0.1709267891246451 
0.14252534310147086 0.21436866422463233 0.21436866422463233 0.21436866422463233 0.21436866422463233 
0.2 0.2 0.2 0.2 0.2 
0.44262091165079526 0.12510278023926777 0.1535867639353346 0.1535867639353346 0.12510278023926777 
0.9730599855561111 0.005337640840157907 0.008132366381786427 0.008132366381786427 0.005337640840157907 
9.220976635389743E-7 0.61050948656239 8.304457390929417E-8 8.304457390929417E-8 0.3894894252507989 
5.230434043136607E-7 0.1106357585938108 0.3631121576704082 0.3631121576704082 0.16313940302196847 
1.9765136122144436E-6 8.662994197228006E-7 0.49999814544377413 0.49999814544377413 8.662994197228006E-7 
0.9920936870214168 0.0023784553321103655 0.0015747011571813439 0.0015747011571813439 0.0023784553321103655 
1.0 7.844222393007642E-26 2.6602838683284895E-26 2.6602838683284895E-26 6.288864540353892E-26 
0.7742957521397099 0.06789858601062504 0.04495353791952022 0.04495353791952022 0.06789858601062504 
0.43847687523780066 0.22085924646457078 0.059902315916528934 0.059902315916528934 0.22085924646457078 
0.011854672877988475 0.47539576951969414 0.018676894041311665 0.018676894041311665 0.47539576951969414 
0.46287189623337455 0.13428202594165645 0.13428202594165645 0.13428202594165645 0.13428202594165645 
0.9769944177149081 0.011263978740643667 2.388124019023097E-4 2.388124019023097E-4 0.011263978740643667 
0.2520355018974585 0.20572133881923121 0.16826091023203954 0.16826091023203954 0.20572133881923121 
0.7632124430961414 0.05919688922596457 0.05919688922596457 0.05919688922596457 0.05919688922596457 
0.18364575867622646 0.18364575867622646 0.22453136198566015 0.22453136198566015 0.18364575867622646 
0.2 0.2 0.2 0.2 0.2 
0.18364575867622646 0.18364575867622646 0.22453136198566015 0.22453136198566015 0.18364575867622646 
0.27244750230518255 0.18188812442370433 0.18188812442370433 0.18188812442370433 0.18188812442370433 
0.23410279603810327 0.19147430099047413 0.19147430099047413 0.19147430099047413 0.19147430099047413 
0.12847115424891808 0.3661576978068148 0.10486323415854405 0.10486323415854405 0.29564467962717855 
0.1434144736658694 0.3329420870835216 0.09535067608354376 0.09535067608354376 0.3329420870835216 
0.13467605044532463 0.20429274842324932 0.20429274842324932 0.20429274842324932 0.2524457042849273 
0.06177146407673937 0.407342803884891 0.06177146407673937 0.06177146407673937 0.407342803884891 
0.16644063976223641 0.2503390403566456 0.16644063976223641 0.16644063976223641 0.2503390403566456 
0.2 0.2 0.2 0.2 0.2 
0.25948338685479233 0.25948338685479233 0.11077491971781149 0.11077491971781149 0.25948338685479233 
0.19654673792398214 0.2412974146702102 0.16042921636779894 0.16042921636779894 0.2412974146702102 
0.15483689159782227 0.189695409868932 0.2328861443321571 0.2328861443321571 0.189695409868932 
0.2 0.2 0.2 0.2 0.2 
0.21571185274517785 0.17643222088223307 0.21571185274517785 0.21571185274517785 0.17643222088223307 
0.13751076459409395 0.3192364047374682 0.11200821296548479 0.11200821296548479 0.3192364047374682 
0.08052250688796359 0.18217661423541556 0.27756213232060295 0.27756213232060295 0.18217661423541556 
0.14471258835348572 0.2829311174697712 0.14471258835348572 0.14471258835348572 0.2829311174697712 
0.2448515090972081 0.1607071488636576 0.19814711401304472 0.19814711401304472 0.19814711401304472 
0.5162741233662188 0.12093146915844531 0.12093146915844531 0.12093146915844531 0.12093146915844531 
0.5438352903242709 0.10261809144750293 0.12546426339036157 0.12546426339036157 0.10261809144750293 
0.7729413352716934 0.08357048865318399 0.029958843710969307 0.029958843710969307 0.08357048865318399 
0.17596172845330926 0.17596172845330926 0.21602551436446055 0.21602551436446055 0.21602551436446055 
0.413432618014945 0.14664184549626355 0.14664184549626355 0.14664184549626355 0.14664184549626355 
0.22478382974577063 0.22478382974577063 0.18347744683615302 0.18347744683615302 0.18347744683615302 
0.221799612168221 0.34944261199831617 0.039657581917573376 0.039657581917573376 0.34944261199831617 
