0.13216233163010233 0.08750056128615567 0.24938675350628486 0.16295220703564983 0.05841607224768272 0.3095820742941245 
0.16070367680721379 0.19648161596393082 0.16070367680721379 0.16070367680721379 0.16070367680721379 0.16070367680721379 
0.3477336202442756 0.09958679624349288 0.1220068288377401 0.22721319429611647 0.1220068288377401 0.0814527315406347 
0.1432273328961525 0.0513449825473926 0.3385869101352812 0.07690888173850016 0.0513449825473926 0.3385869101352812 
0.1117955720105841 0.1117955720105841 0.38536079601239537 0.1117955720105841 0.1117955720105841 0.1674569159452685 
0.07203704108693042 0.20094803333681432 0.10790320687386341 0.07203704108693042 0.07203704108693042 0.47503763652853137 
0.14997227868335888 0.18336105464997435 0.18336105464997435 0.18336105464997435 0.14997227868335888 0.14997227868335888 
0.14997227868335888 0.18336105464997435 0.18336105464997435 0.18336105464997435 0.14997227868335888 0.14997227868335888 
0.014391974258221607 0.041476157211769185 0.8729979684589707 0.021831468674100938 0.007826274185168286 0.041476157211769185 
0.14402682547909576 0.14402682547909576 0.17609194745578782 0.21573562865113693 0.17609194745578782 0.14402682547909576 
0.08489559579249949 0.12716384372899986 0.23681709792706898 0.1037961556383146 0.08489559579249949 0.36243171112061756 
0.03899932610521918 0.03899932610521918 0.7963208331171323 0.03899932610521918 0.03899932610521918 0.04768186246199072 
0.16955869198925602 0.13811257713926864 0.3178320367676385 0.16955869198925602 0.09220505749781616 0.11273294461676468 
0.3477336202442756 0.09958679624349288 0.1220068288377401 0.22721319429611647 0.1220068288377401 0.0814527315406347 
0.1432273328961525 0.0513449825473926 0.3385869101352812 0.07690888173850016 0.0513449825473926 0.3385869101352812 
0.1117955720105841 0.1117955720105841 0.38536079601239537 0.1117955720105841 0.1117955720105841 0.1674569159452685 
0.07203704108693042 0.20094803333681432 0.10790320687386341 0.07203704108693042 0.07203704108693042 0.47503763652853137 
0.14997227868335888 0.18336105464997435 0.18336105464997435 0.18336105464997435 0.14997227868335888 0.14997227868335888 
0.14997227868335888 0.18336105464997435 0.18336105464997435 0.18336105464997435 0.14997227868335888 0.14997227868335888 
0.014391974258221607 0.041476157211769185 0.8729979684589707 0.021831468674100938 0.007826274185168286 0.041476157211769185 
0.13629891523808932 0.25064423161248256 0.20416010743516005 0.13629891523808932 0.13629891523808932 0.13629891523808932 
0.13769494025389703 0.13769494025389703 0.13769494025389703 0.13769494025389703 0.13769494025389703 0.3115252987305147 
0.13955207129104827 0.17062096538881455 0.20903296125145976 0.13955207129104827 0.17062096538881455 0.17062096538881455 
0.10110332754157754 0.18592199212193122 0.2820287247607923 0.22873930049254365 0.10110332754157754 0.10110332754157754 
0.14997227868335888 0.14997227868335888 0.18336105464997435 0.14997227868335888 0.18336105464997435 0.18336105464997435 
0.12077343458097871 0.1809047220683628 0.14766158474676302 0.22209395178876984 0.1809047220683628 0.14766158474676302 
0.16666666666666666 0.16666666666666666 0.16666666666666666 0.16666666666666666 0.16666666666666666 0.16666666666666666 
0.20501310375412793 0.07349431160513677 0.0898565695273857 0.07349431160513677 0.07349431160513677 0.48464739190307643 
0.1248105562687205 0.3481602720412609 0.15259750288385732 0.1248105562687205 0.1248105562687205 0.1248105562687205 
0.14161169873877483 0.17313913384178936 0.26041407120311105 0.14161169873877483 0.14161169873877483 0.14161169873877483 
0.1335993926920324 0.1335993926920324 0.30225940504319165 0.1335993926920324 0.1335993926920324 0.16334302418867855 
0.23647987292126355 0.08477470537523409 0.10364835102667923 0.15589479088540972 0.29221951601109586 0.12698276378031742 
0.9454958737328188 0.010900825253436119 0.010900825253436119 0.010900825253436119 0.010900825253436119 0.010900825253436119 
0.9999999988600479 1.9282583801096198E-14 5.5570379909935073E-14 1.1398281349020689E-9 3.6144551551703524E-14 1.2820236026914182E-14 
2.0219155392559064E-8 2.8367377038839575E-7 4.534853908519437E-6 0.9999950926822079 3.0670834289275506E-8 3.790012334222085E-8 
2.4320262698040998E-4 0.0017050986243970668 0.0027004362061044712 1.980986122577133E-4 1.980986122577133E-4 0.9949550653180026 
1.2676505987995473E-10 2.331121342632848E-10 2.867971987560144E-10 3.5361237905316966E-10 1.2676505987995473E-10 0.9999999988729482 
9.726419318152634E-31 7.888609052210605E-31 9.726419318152634E-31 9.726419318152634E-31 1.0 3.4867844010002125E-31 
9.962575687287626E-4 0.041381838960787905 0.9401662555651115 0.01284452921301474 0.0018320484236132748 0.0027790702687437636 
3.2873278171707604E-26 2.4604898194635813E-25 1.0 6.452079487977712E-25 3.2873278171707604E-26 4.071375094554176E-26 
6.995951029214212E-8 0.9999980728950815 1.2050075288391942E-6 4.803614440967261E-7 8.588821744585198E-8 8.588821744585198E-8 
8.58882340317175E-8 0.9999982660046147 9.536726627393982E-7 2.4752086360255387E-7 1.9939276115924772E-7 2.4752086360255387E-7 
0.004978835208642975 0.13806621477775236 0.03418606649412178 0.00927207978771605 0.00927207978771605 0.8042247239440509 
0.10220947658938673 0.1879561233375225 0.3523173999661401 0.1530980469281773 0.10220947658938673 0.10220947658938673 
1.442283253547621E-4 0.005096769897962686 0.9925698651589058 4.110674639702375E-4 2.1784490848753363E-4 0.0015602242453187937 
0.1487980532050087 0.1487980532050087 0.22288237933083552 0.1487980532050087 0.1487980532050087 0.18192540784912958 
0.05588846590101319 0.05588846590101319 0.7205576704949337 0.05588846590101319 0.05588846590101319 0.05588846590101319 
0.15844833203933845 0.1941198959697643 0.1295959900256843 0.1941198959697643 0.1941198959697643 0.1295959900256843 
0.16666666666666666 0.16666666666666666 0.16666666666666666 0.16666666666666666 0.16666666666666666 0.16666666666666666 
0.16070367680721379 0.16070367680721379 0.16070367680721379 0.16070367680721379 0.19648161596393082 0.16070367680721379 
0.1487980532050087 0.1487980532050087 0.22288237933083552 0.18192540784912958 0.1487980532050087 0.1487980532050087 
0.16070367680721379 0.16070367680721379 0.19648161596393082 0.16070367680721379 0.16070367680721379 0.16070367680721379 
0.06968428150890807 0.10437904347623793 0.10437904347623793 0.4595227107014855 0.10437904347623793 0.15765587736089265 
0.10913545674397071 0.20069251944879474 0.20069251944879474 0.10913545674397071 0.13343260917260177 0.24691143844186703 
0.02891516015924724 0.7460141892892943 0.05317296977313781 0.02891516015924724 0.04331158611427505 0.09967093450479847 
0.25986620204620076 0.13954053738817718 0.09315837514333701 0.09315837514333701 0.09315837514333701 0.3211181351356111 
0.12492637936530995 0.15273911202209267 0.15273911202209267 0.1871253559733377 0.15273911202209267 0.22973092859507457 
0.22288237933083552 0.1487980532050087 0.1487980532050087 0.18192540784912958 0.1487980532050087 0.1487980532050087 
0.3282552989656184 0.03902186180128391 0.16914350722856994 0.2625195732907273 0.03191625148523045 0.16914350722856994 
0.11324424650601742 0.20824829823813049 0.16962686381396302 0.16962686381396302 0.16962686381396302 0.16962686381396302 
0.13321203138962082 0.16286942348350616 0.16286942348350616 0.13321203138962082 0.16286942348350616 0.24496766677023984 
0.16666666666666666 0.16666666666666666 0.16666666666666666 0.16666666666666666 0.16666666666666666 0.16666666666666666 
0.13228478191313137 0.13228478191313137 0.16173573768886867 0.24326251943181965 0.1981473971399174 0.13228478191313137 
0.09423836683245855 0.2132078007022236 0.17329780652968846 0.115218935676598 0.14115824079318962 0.2628788494658416 
0.09726005161178596 0.14568437724926517 0.09726005161178596 0.14568437724926517 0.17885447481546815 0.3352566674624297 
0.05448261192292113 0.05448261192292113 0.19537309597556218 0.05448261192292113 0.036223358416049435 0.6049557098396249 
0.021574503346302263 0.7052694721140137 0.07436759465138748 0.09210470921824486 0.03231612601866388 0.07436759465138748 
0.1053543260339354 0.12880967404853577 0.4497730218157226 0.1053543260339354 0.1053543260339354 0.1053543260339354 
0.08853181440411961 0.1326104812250455 0.4691835943375504 0.08853181440411961 0.1326104812250455 0.08853181440411961 
0.08660356245361593 0.10725902826958758 0.6482078928465212 0.08660356245361593 0.025124233972012355 0.04620172000464663 
0.1607213401419525 0.19731512345722094 0.1607213401419525 0.13118711063283306 0.10729884790992941 0.24275623771611177 
0.08372250469743883 0.23354474880055637 0.2885925665401313 0.18941638841808042 0.10236189577189642 0.10236189577189642 
0.1304858016642205 0.15953624509843317 0.1954527315202401 0.15953624509843317 0.1954527315202401 0.15953624509843317 
0.06079596646519865 0.36741359633544374 0.14646491535740255 0.2907801210314505 0.01741124577066441 0.11713415503984019 
