0.35377900765864123 0.12275916366421642 0.1862157885992038 0.15103025147873442 0.1862157885992038 
0.17126424110108873 0.17126424110108873 0.3149430355956448 0.17126424110108873 0.17126424110108873 
0.14744735787752716 0.18027400319000136 0.22085919299300535 0.18027400319000136 0.271145442749465 
0.5568185860732183 0.12448849788375259 0.08276753478519742 0.15315784647263414 0.08276753478519742 
0.20572133881923121 0.20572133881923121 0.16826091023203954 0.2520355018974585 0.16826091023203954 
0.24603442162168374 0.19954613327619203 0.16219344266180166 0.30402612586102107 0.08819987657930156 
0.19147430099047413 0.19147430099047413 0.19147430099047413 0.19147430099047413 0.23410279603810327 
0.19147430099047413 0.19147430099047413 0.19147430099047413 0.19147430099047413 0.23410279603810327 
0.23216890974766144 0.04227978176002835 0.5763485778610268 0.05190623939768133 0.09729649123360226 
0.1682609102320395 0.20572133881923121 0.1682609102320395 0.20572133881923121 0.2520355018974585 
0.23722657552605939 0.23722657552605939 0.10485472376339543 0.29249328135094665 0.12819884383353883 
0.26184430166078543 0.17480934314738608 0.21372766889705624 0.17480934314738608 0.17480934314738608 
0.18639264855290003 0.1524518403685391 0.2803483382118881 0.1524518403685391 0.22835533249813364 
0.14744735787752716 0.18027400319000136 0.22085919299300535 0.18027400319000136 0.271145442749465 
0.5568185860732183 0.12448849788375259 0.08276753478519742 0.15315784647263414 0.08276753478519742 
0.20572133881923121 0.20572133881923121 0.16826091023203954 0.2520355018974585 0.16826091023203954 
0.24603442162168374 0.19954613327619203 0.16219344266180166 0.30402612586102107 0.08819987657930156 
0.19147430099047413 0.19147430099047413 0.19147430099047413 0.19147430099047413 0.23410279603810327 
0.19147430099047413 0.19147430099047413 0.19147430099047413 0.19147430099047413 0.23410279603810327 
0.23216890974766144 0.04227978176002835 0.5763485778610268 0.05190623939768133 0.09729649123360226 
0.17126424110108873 0.17126424110108873 0.3149430355956448 0.17126424110108873 0.17126424110108873 
0.21915883938712738 0.21915883938712738 0.14631218825544054 0.2690579447148641 0.14631218825544054 
0.19829319090211614 0.19829319090211614 0.24293505077651895 0.19829319090211614 0.1621853765171327 
0.14728603785505995 0.14728603785505995 0.14728603785505995 0.14728603785505995 0.4108558485797606 
0.2520355018974585 0.20572133881923121 0.16826091023203954 0.20572133881923121 0.16826091023203954 
0.12350052493821152 0.18498958994383707 0.22710888140822 0.18498958994383707 0.2794114137658944 
0.2 0.2 0.2 0.2 0.2 
0.2529930661722899 0.2529930661722899 0.09069445268973889 0.3126249622759426 0.09069445268973889 
0.08179782898668078 0.08179782898668078 0.6728086840532765 0.08179782898668078 0.08179782898668078 
0.19147430099047413 0.19147430099047413 0.23410279603810327 0.19147430099047413 0.19147430099047413 
0.22453136198566015 0.18364575867622646 0.18364575867622646 0.22453136198566015 0.18364575867622646 
0.21416717670708965 0.263489271114926 0.11646289913390835 0.263489271114926 0.14239138192914974 
0.2 0.2 0.2 0.2 0.2 
0.002729040366098868 0.00412198884892595 0.0033504009877029428 0.0033504009877029428 0.9864481688095692 
3.1558912916887575E-13 5.915611551888188E-13 1.1610644899306407E-11 5.915611551888188E-13 0.9999999999868907 
0.99999999805733 3.5136401642718063E-10 8.085776350064011E-10 4.313642122354203E-10 3.5136401642718063E-10 
0.15338716079854647 0.04478204724235763 2.736310093619234E-5 0.8017521376503731 5.129120778650238E-5 
2.845095473499676E-10 0.9920234516354186 4.2792341556508887E-10 0.00797654700302292 6.491254413192594E-10 
0.024894510049939797 0.01648187933313843 0.582440004349807 0.01648187933313843 0.3597017269339763 
0.03790595798696592 0.010281003430020091 0.4111173298558151 0.010281003430020091 0.5304147052971787 
8.271806125530684E-25 5.476505066965242E-25 1.0 5.476505066965242E-25 7.465449857118656E-24 
0.35064094958258685 0.06036366223856052 0.35064094958258685 0.06036366223856052 0.17799077635770513 
0.9494371702057303 0.014423585850669305 0.007486252335084929 0.022608408396224154 0.006044583212291575 
0.10979266340267105 0.10979266340267105 0.46872093297725287 0.10979266340267105 0.20190107681473402 
0.9262582497060422 0.007039944726536152 0.03937348003912215 0.007039944726536152 0.020288380801763563 
0.23410279603810327 0.19147430099047413 0.19147430099047413 0.19147430099047413 0.19147430099047413 
0.19147430099047413 0.19147430099047413 0.23410279603810327 0.19147430099047413 0.19147430099047413 
0.14744735787752714 0.18027400319000136 0.271145442749465 0.18027400319000136 0.22085919299300535 
0.2 0.2 0.2 0.2 0.2 
0.18364575867622646 0.22453136198566015 0.18364575867622646 0.22453136198566015 0.18364575867622646 
0.19147430099047413 0.19147430099047413 0.19147430099047413 0.19147430099047413 0.23410279603810327 
0.2 0.2 0.2 0.2 0.2 
0.26673136555092936 0.061535643047361616 0.09255416135272977 0.061535643047361616 0.5176431870016173 
0.5316882491638755 0.12266190834155133 0.12266190834155133 0.12266190834155133 0.10032602581147039 
0.0680296510599797 0.05517542516071717 0.7972318264072179 0.05517542516071717 0.024387672211368103 
0.7199839433185762 0.07000401417035593 0.07000401417035593 0.07000401417035593 0.07000401417035593 
0.3139831010262909 0.16967858868922567 0.13878129485062451 0.16967858868922567 0.20787842674463333 
0.19147430099047413 0.19147430099047413 0.19147430099047413 0.19147430099047413 0.23410279603810327 
0.30779529584153864 0.10680309537683341 0.071009202151539 0.131399545842396 0.3829928607876929 
0.21232777231391683 0.1729497644059033 0.26122625709805086 0.14116843386821215 0.21232777231391683 
0.20246124793788436 0.24855856787208955 0.16525687322312063 0.24855856787208955 0.1351647430948161 
0.2 0.2 0.2 0.2 0.2 
0.1490824656421867 0.18227313987597063 0.1490824656421867 0.18227313987597063 0.33728878896368514 
0.49101055919013603 0.13877967458073034 0.09265041706767334 0.13877967458073034 0.13877967458073034 
0.15646058967968146 0.23733814423493907 0.15646058967968146 0.29328008672601646 0.15646058967968146 
0.43706912749600985 0.18142256084592107 0.07814758807679648 0.22521313550447583 0.07814758807679648 
0.00886070545082617 0.00886070545082617 0.9475914098385527 0.00886070545082617 0.025826473808968627 
0.2 0.2 0.2 0.2 0.2 
0.16826091023203954 0.20572133881923121 0.2520355018974585 0.20572133881923121 0.16826091023203954 
0.32116155700140175 0.09317097209760444 0.17133494180198777 0.09317097209760444 0.32116155700140175 
0.22302275006234462 0.22302275006234462 0.14889176582436528 0.22302275006234462 0.1820399839886009 
0.16394876852584983 0.16394876852584983 0.13409483518781523 0.16394876852584983 0.374058859234635 
0.2344688915609822 0.19138277710975451 0.19138277710975451 0.19138277710975451 0.19138277710975451 
0.2683785277361105 0.015581338642283274 0.4320802672432123 0.015581338642283274 0.2683785277361105 
