0.18916943940632322 0.15308616481896903 0.234287478184192 0.234287478184192 0.18916943940632322 
0.2 0.2 0.2 0.2 0.2 
0.125912464785863 0.43965664993193176 0.15425921024817119 0.15425921024817119 0.125912464785863 
0.11849958307081669 0.09610904620891596 0.2801309419994424 0.2801309419994424 0.22512948672138272 
0.16502156867184872 0.1101697147568572 0.3073195009072185 0.3073195009072185 0.1101697147568572 
0.5689631331092355 0.08628036484910592 0.12923806859627637 0.12923806859627637 0.08628036484910592 
0.18364575867622646 0.18364575867622646 0.22453136198566015 0.22453136198566015 0.18364575867622646 
0.18364575867622646 0.18364575867622646 0.22453136198566015 0.22453136198566015 0.18364575867622646 
0.009592902093161947 0.009592902093161947 0.47296918563896206 0.47296918563896206 0.034875824535752005 
0.16976395521768495 0.2075590111955787 0.2075590111955787 0.2075590111955787 0.2075590111955787 
0.39551074474094633 0.09264399136957231 0.2096006362599544 0.2096006362599544 0.09264399136957231 
0.034148988574755124 0.034148988574755124 0.4402753816997789 0.4402753816997789 0.05115125945093185 
0.08904052172510671 0.16373933065556193 0.3069238406517352 0.3069238406517352 0.13337246631586105 
0.125912464785863 0.43965664993193176 0.15425921024817119 0.15425921024817119 0.125912464785863 
0.11849958307081669 0.09610904620891596 0.2801309419994424 0.2801309419994424 0.22512948672138272 
0.16502156867184872 0.1101697147568572 0.3073195009072185 0.3073195009072185 0.1101697147568572 
0.5689631331092355 0.08628036484910592 0.12923806859627637 0.12923806859627637 0.08628036484910592 
0.18364575867622646 0.18364575867622646 0.22453136198566015 0.22453136198566015 0.18364575867622646 
0.18364575867622646 0.18364575867622646 0.22453136198566015 0.22453136198566015 0.18364575867622646 
0.009592902093161947 0.009592902093161947 0.47296918563896206 0.47296918563896206 0.034875824535752005 
0.14974854996483358 0.14974854996483358 0.27537717505274945 0.27537717505274945 0.14974854996483358 
0.3612704056523108 0.15968239858692226 0.15968239858692226 0.15968239858692226 0.15968239858692226 
0.19661526726734233 0.1608129911354928 0.24087937523083602 0.24087937523083602 0.1608129911354928 
0.11736218543683415 0.17579506297430417 0.26552384430727893 0.26552384430727893 0.17579506297430417 
0.1682609102320395 0.1682609102320395 0.20572133881923121 0.20572133881923121 0.2520355018974585 
0.21586713904286245 0.21586713904286245 0.17619929143570645 0.17619929143570645 0.21586713904286245 
0.2 0.2 0.2 0.2 0.2 
0.5973351785890341 0.09058284121894561 0.11074956948653747 0.11074956948653747 0.09058284121894561 
0.14974854996483358 0.14974854996483358 0.27537717505274945 0.27537717505274945 0.14974854996483358 
0.14974854996483358 0.14974854996483358 0.27537717505274945 0.27537717505274945 0.14974854996483358 
0.17164273380881 0.14038778277038017 0.258163374806 0.258163374806 0.17164273380881 
0.1861996051254842 0.28123904121609233 0.15198347758805578 0.15198347758805578 0.228594398482312 
0.2 0.2 0.2 0.2 0.2 
1.3141323696456576E-11 0.9999999998958169 3.7454297495495594E-11 3.7454297495495594E-11 1.6133401484006136E-11 
9.395322668307238E-4 0.3677806332342011 0.06939775208656293 0.06939775208656293 0.4924843303258419 
1.2353760864354037E-10 1.2353760864354037E-10 1.08855110566625E-9 1.08855110566625E-9 0.9999999975758225 
0.9999999966054822 6.383470056217455E-10 7.836888250904046E-10 7.836888250904046E-10 1.1887929847727693E-9 
0.9974181356785132 8.456660570091395E-4 6.843588149935676E-4 6.843588149935676E-4 3.674806344903616E-4 
0.0047629860378030995 0.008928056331000144 0.4825024137809132 0.4825024137809132 0.021304130069370354 
7.610252154359568E-20 5.450529005547473E-19 0.5 0.5 1.7805191943912293E-18 
0.0017890523280689949 0.005099006742263955 0.492617870689239 0.492617870689239 0.007876199551188859 
0.02855268451403859 0.043502532037140836 0.25769297695188453 0.25769297695188453 0.41255882954505196 
0.13518834030665777 0.00935621723333149 0.04253288331328961 0.04253288331328961 0.7703896758334314 
0.09671842063667077 0.11825113126048395 0.33338965842118046 0.33338965842118046 0.11825113126048395 
2.1192680915842327E-4 3.214759429340447E-4 0.46853482214557396 0.46853482214557396 0.06239695295675964 
0.1608129911354928 0.1608129911354928 0.24087937523083602 0.24087937523083602 0.1966152672673423 
0.042427191345590816 0.042427191345590816 0.43635921298161373 0.43635921298161373 0.042427191345590816 
0.21571185274517785 0.21571185274517785 0.17643222088223307 0.17643222088223307 0.21571185274517785 
0.2 0.2 0.2 0.2 0.2 
0.2 0.2 0.2 0.2 0.2 
0.1608129911354928 0.1608129911354928 0.24087937523083602 0.24087937523083602 0.1966152672673423 
0.18364575867622646 0.18364575867622646 0.22453136198566015 0.22453136198566015 0.18364575867622646 
0.053897138252730764 0.09973439038929091 0.06603103192080666 0.06603103192080666 0.7143064075163652 
0.08148489325506955 0.08148489325506955 0.14984505505612816 0.14984505505612816 0.5373401033776044 
0.29052033285693935 0.08428176173738787 0.23510480180400922 0.23510480180400922 0.1549883017976542 
0.07000401417035593 0.07000401417035593 0.07000401417035593 0.07000401417035593 0.719983943318576 
0.1709267891246451 0.1709267891246451 0.1709267891246451 0.1709267891246451 0.31629284350141945 
0.18188812442370433 0.27244750230518255 0.18188812442370433 0.18188812442370433 0.18188812442370433 
0.11422388913172937 0.4272288499302726 0.14146696748190016 0.14146696748190016 0.17561332597419785 
0.14854822526843564 0.14854822526843564 0.18199097247955007 0.18199097247955007 0.33892160450402836 
0.3372887889636851 0.1490824656421867 0.18227313987597063 0.18227313987597063 0.1490824656421867 
0.2 0.2 0.2 0.2 0.2 
0.18347744683615302 0.22478382974577063 0.18347744683615302 0.18347744683615302 0.22478382974577063 
0.11528638576254543 0.09410130496754573 0.14153532704233399 0.14153532704233399 0.5075416551852406 
0.4898949146635356 0.14030010964441392 0.11475243302381828 0.11475243302381828 0.14030010964441392 
0.4480092449396511 0.06390071736722025 0.18415515146948025 0.18415515146948025 0.11977973475416855 
0.16210437387404 0.08648028650401345 0.3101158464841246 0.3101158464841246 0.13118364665369717 
0.10107108969013305 0.10107108969013305 0.3483933654648006 0.3483933654648006 0.10107108969013305 
0.08845658929002344 0.07234925805649903 0.3834224472984893 0.3834224472984893 0.07234925805649903 
0.022588173279348478 0.09643221437226257 0.36601261856199124 0.36601261856199124 0.14895437522440672 
0.3117068479861904 0.1377751854667747 0.20637139054013018 0.20637139054013018 0.1377751854667747 
0.09671801287255416 0.14487246552537286 0.26979584643865334 0.26979584643865334 0.21881782872476618 
0.18203998398860094 0.14889176582436528 0.22302275006234462 0.22302275006234462 0.22302275006234462 
0.022919410613544678 0.08332549787937714 0.10419046425754676 0.10419046425754676 0.6853741629919845 
