0.2883124784257842 0.2883124784257842 0.1507072738305779 0.1507072738305779 0.1219604954872757 
0.33466349362549 0.14792207871305224 0.14792207871305224 0.14792207871305224 0.22157027023535322 
0.2137276688970563 0.17480934314738605 0.17480934314738605 0.17480934314738605 0.26184430166078543 
0.08425750188953288 0.24282126495917186 0.30214500410908784 0.30214500410908784 0.06863122493311977 
0.21450608426018808 0.3239936273317957 0.14320597184207143 0.14320597184207143 0.17508834472387344 
0.057494296684329024 0.7619800577293606 0.04702498413038624 0.04702498413038624 0.0864756773255376 
0.2 0.2 0.2 0.2 0.2 
0.2 0.2 0.2 0.2 0.2 
0.1098985892841806 0.07114772093867901 0.13707863629296904 0.13707863629296904 0.5447964171912028 
0.18364575867622646 0.18364575867622646 0.22453136198566015 0.22453136198566015 0.18364575867622646 
0.09982297954508768 0.6854123250445653 0.06664261690864624 0.06664261690864624 0.08147946159305437 
0.6380367907672865 0.06203629533210057 0.09292323932114162 0.09292323932114162 0.11408043525832949 
0.20427787993367813 0.13637754109695352 0.20427787993367813 0.20427787993367813 0.2507888191020121 
0.2137276688970563 0.17480934314738605 0.17480934314738605 0.17480934314738605 0.26184430166078543 
0.08425750188953288 0.24282126495917186 0.30214500410908784 0.30214500410908784 0.06863122493311977 
0.21450608426018808 0.3239936273317957 0.14320597184207143 0.14320597184207143 0.17508834472387344 
0.057494296684329024 0.7619800577293606 0.04702498413038624 0.04702498413038624 0.0864756773255376 
0.2 0.2 0.2 0.2 0.2 
0.2 0.2 0.2 0.2 0.2 
0.1098985892841806 0.07114772093867901 0.13707863629296904 0.13707863629296904 0.5447964171912028 
0.20170257864348456 0.16497393840375685 0.16497393840375685 0.16497393840375685 0.30337560614524467 
0.13428202594165645 0.46287189623337455 0.13428202594165645 0.13428202594165645 0.13428202594165645 
0.19661526726734233 0.24087937523083602 0.16081299113549283 0.16081299113549283 0.24087937523083602 
0.5316882491638755 0.10032602581147039 0.12266190834155136 0.12266190834155136 0.12266190834155136 
0.14974854996483358 0.14974854996483358 0.27537717505274945 0.27537717505274945 0.14974854996483358 
0.16218537651713266 0.19829319090211614 0.19829319090211614 0.19829319090211614 0.24293505077651895 
0.2 0.2 0.2 0.2 0.2 
0.04095199342316699 0.836192026307332 0.04095199342316699 0.04095199342316699 0.04095199342316699 
0.09438991265851776 0.09438991265851776 0.09438991265851776 0.09438991265851776 0.6224403493659294 
0.2137276688970563 0.17480934314738605 0.17480934314738605 0.17480934314738605 0.26184430166078543 
0.19138277710975451 0.2344688915609822 0.19138277710975451 0.19138277710975451 0.19138277710975451 
0.1328928032303776 0.1328928032303776 0.3006607951544335 0.3006607951544335 0.1328928032303776 
0.2 0.2 0.2 0.2 0.2 
0.20946393624431725 0.11390530357682849 0.20946393624431725 0.20946393624431725 0.2577028876902192 
0.37152275193179957 0.010569230552266572 0.2224631552337975 0.2224631552337975 0.17298170704833857 
2.238262128749776E-14 1.4625065232059227E-14 0.49999999999997036 0.49999999999997036 2.238262128749776E-14 
2.262430980805216E-40 1.0 2.7895098175164837E-40 2.7895098175164837E-40 1.838930494602052E-40 
0.20427787993367813 0.13637754109695352 0.20427787993367813 0.20427787993367813 0.2507888191020121 
0.9999999999674205 1.1213797994355885E-12 2.1304349949973335E-12 2.1304349949973335E-12 2.7197216388478766E-11 
0.9914007815206104 4.686962392598194E-6 8.605067514297518E-5 8.605067514297518E-5 0.008422430166711016 
1.2288144163338716E-13 6.9125348482347804E-15 1.9921198923312024E-14 1.9921198923312024E-14 0.9999999999998304 
0.2443063926719939 0.013743136722224445 0.31042644033039674 0.31042644033039674 0.12109758994498819 
0.0036469271786630725 0.11801639319809495 0.4363648587872088 0.4363648587872088 0.005606962048824288 
0.33338965842118046 0.09671842063667077 0.11825113126048395 0.11825113126048395 0.33338965842118046 
0.17564840568093093 5.965773068361238E-4 0.40657494720846843 0.40657494720846843 0.010605122595296118 
0.21571185274517785 0.17643222088223307 0.21571185274517785 0.21571185274517785 0.17643222088223307 
0.31859115870106947 0.14081806755833332 0.14081806755833332 0.14081806755833332 0.25895463862393014 
0.1682609102320395 0.1682609102320395 0.20572133881923121 0.20572133881923121 0.2520355018974585 
0.2 0.2 0.2 0.2 0.2 
0.2 0.2 0.2 0.2 0.2 
0.23410279603810327 0.19147430099047413 0.19147430099047413 0.19147430099047413 0.19147430099047413 
0.2 0.2 0.2 0.2 0.2 
0.0335252494770446 0.02742053413195277 0.4443148799987413 0.4443148799987413 0.05042445639352011 
0.06061327024164673 0.049576014241098504 0.4077757724791356 0.4077757724791356 0.07425917055898351 
0.041321255885293576 0.14428408628490322 0.06215022700845693 0.06215022700845693 0.6900942038128892 
0.02824263887193158 0.02824263887193158 0.45763604169210265 0.45763604169210265 0.02824263887193158 
0.11361502700103475 0.13890947952440888 0.31693023323676084 0.31693023323676084 0.11361502700103475 
0.2 0.2 0.2 0.2 0.2 
0.09956601090006295 0.3570408817955019 0.23114623387929925 0.23114623387929925 0.08110063954583681 
0.12148478022276604 0.09936324455667539 0.2771747461911146 0.2771747461911146 0.22480248283832915 
0.14260975970711393 0.3978113247766285 0.14260975970711393 0.14260975970711393 0.1743593961020298 
0.2 0.2 0.2 0.2 0.2 
0.18364575867622646 0.18364575867622646 0.22453136198566015 0.22453136198566015 0.18364575867622646 
0.060771802258228654 0.060771802258228654 0.4088422966126571 0.4088422966126571 0.060771802258228654 
0.08418536720877083 0.555147980340861 0.1029278067454503 0.1029278067454503 0.15481103895946757 
0.1151085923293852 0.7250596579815666 0.06016979299389752 0.06016979299389752 0.039492163701252955 
0.022466867529072187 0.04268330929092499 0.018221745204207156 0.018221745204207156 0.8984063327715885 
0.2498236298095381 0.16678424679364126 0.16678424679364126 0.16678424679364126 0.2498236298095381 
0.25895463862393014 0.14081806755833332 0.14081806755833332 0.14081806755833332 0.3185911587010695 
0.3263542967365863 0.039677063608492255 0.2616445405944076 0.2616445405944076 0.11067955846610611 
0.1743593961020298 0.3978113247766285 0.14260975970711393 0.14260975970711393 0.14260975970711393 
0.5277657855353186 0.08003299665836136 0.14717511812943276 0.14717511812943276 0.09785098154745421 
0.16525687322312066 0.1351647430948161 0.24855856787208955 0.24855856787208955 0.20246124793788436 
0.16013745102459068 0.016885796872231525 0.3314196505392934 0.3314196505392934 0.16013745102459068 
