0.09794923549893973 0.1836025310954494 0.3512431712147119 0.1836025310954494 0.1836025310954494 
0.19147430099047413 0.23410279603810327 0.19147430099047413 0.19147430099047413 0.19147430099047413 
0.2137276688970563 0.26184430166078543 0.17480934314738608 0.17480934314738608 0.17480934314738608 
0.0789185077039921 0.18321227971523266 0.28299952288839425 0.22743484484619053 0.22743484484619053 
0.16693526886622678 0.30890670292688366 0.25108299913619786 0.13653751453534568 0.13653751453534568 
0.14543714547054498 0.07809548635168151 0.6721930296848262 0.052137169246473665 0.052137169246473665 
0.19147430099047413 0.23410279603810327 0.19147430099047413 0.19147430099047413 0.19147430099047413 
0.19147430099047413 0.23410279603810327 0.19147430099047413 0.19147430099047413 0.19147430099047413 
0.013747900378022511 0.7960826344715006 0.03918311142702714 0.0754931768617248 0.0754931768617248 
0.2075590111955787 0.2075590111955787 0.16976395521768498 0.2075590111955787 0.2075590111955787 
0.1724517119897643 0.1724517119897643 0.502648423168178 0.07622407642614656 0.07622407642614656 
0.0756370524721168 0.6221346748422856 0.0756370524721168 0.11329561010674039 0.11329561010674039 
0.1284475331206614 0.3583056546758295 0.1284475331206614 0.19239963954142386 0.19239963954142386 
0.2137276688970563 0.26184430166078543 0.17480934314738608 0.17480934314738608 0.17480934314738608 
0.0789185077039921 0.18321227971523266 0.28299952288839425 0.22743484484619053 0.22743484484619053 
0.16693526886622678 0.30890670292688366 0.25108299913619786 0.13653751453534568 0.13653751453534568 
0.14543714547054498 0.07809548635168151 0.6721930296848262 0.052137169246473665 0.052137169246473665 
0.19147430099047413 0.23410279603810327 0.19147430099047413 0.19147430099047413 0.19147430099047413 
0.19147430099047413 0.23410279603810327 0.19147430099047413 0.19147430099047413 0.19147430099047413 
0.013747900378022511 0.7960826344715006 0.03918311142702714 0.0754931768617248 0.0754931768617248 
0.17126424110108873 0.3149430355956448 0.17126424110108873 0.17126424110108873 0.17126424110108873 
0.20554465306869155 0.1372232489402939 0.3827856001104269 0.1372232489402939 0.1372232489402939 
0.20572133881923121 0.2520355018974585 0.20572133881923121 0.16826091023203954 0.16826091023203954 
0.1463121882554405 0.2690579447148641 0.1463121882554405 0.21915883938712738 0.21915883938712738 
0.16644063976223641 0.16644063976223641 0.16644063976223641 0.2503390403566456 0.2503390403566456 
0.20763086935860398 0.20763086935860398 0.16947652256558413 0.20763086935860398 0.20763086935860398 
0.2 0.2 0.2 0.2 0.2 
0.14755468258239662 0.06467273238523176 0.6819800320498711 0.05289627649125013 0.05289627649125013 
0.15968239858692226 0.3612704056523108 0.15968239858692226 0.15968239858692226 0.15968239858692226 
0.17126424110108873 0.3149430355956448 0.17126424110108873 0.17126424110108873 0.17126424110108873 
0.18168360351104154 0.27326558595583417 0.18168360351104154 0.18168360351104154 0.18168360351104154 
0.2450491789553925 0.13242623156691122 0.13242623156691122 0.2450491789553925 0.2450491789553925 
0.2 0.2 0.2 0.2 0.2 
0.2178073114966949 0.3318486407696551 0.09627136179826941 0.17703634296769033 0.17703634296769033 
0.0014088878870704162 0.09889211419134246 0.0017449160453289856 0.5122390778689743 0.3857150040072839 
6.570661846972381E-12 5.655580495473482E-11 2.3219538484529006E-10 0.499999999852339 0.499999999852339 
3.40159028683964E-14 1.5386010633169763E-17 0.999999999999966 2.3339341992329056E-17 2.3339341992329056E-17 
0.9999999971083475 1.1887929853705717E-9 4.261655499133746E-10 6.38347005942748E-10 6.38347005942748E-10 
0.009281052409940467 0.8917162585949827 0.017284094542746955 0.040859297226164916 0.040859297226164916 
2.5370443993175174E-12 0.999999999898642 2.5370443993175174E-12 4.8141888836491195E-11 4.8141888836491195E-11 
5.473198164965176E-5 0.9993961656276402 6.71936141567827E-5 2.409543882765843E-4 2.409543882765843E-4 
0.030527229558080307 0.2234552040516452 0.030527229558080307 0.3577451684160973 0.3577451684160973 
0.01591279593995839 0.012726132413350152 0.22266634104985328 0.37434736529841894 0.37434736529841894 
0.12670611330818268 0.4367576264957555 0.12670611330818268 0.15491507344393937 0.15491507344393937 
7.737451310571704E-4 0.39706868729650685 0.0017962783826483164 0.3001806445948941 0.3001806445948941 
0.17643222088223307 0.21571185274517785 0.17643222088223307 0.21571185274517785 0.21571185274517785 
0.09438991265851776 0.6224403493659293 0.09438991265851776 0.09438991265851776 0.09438991265851776 
0.2075590111955787 0.2075590111955787 0.16976395521768498 0.2075590111955787 0.2075590111955787 
0.2 0.2 0.2 0.2 0.2 
0.23410279603810327 0.19147430099047413 0.19147430099047413 0.19147430099047413 0.19147430099047413 
0.19147430099047413 0.23410279603810327 0.19147430099047413 0.19147430099047413 0.19147430099047413 
0.19147430099047413 0.23410279603810327 0.19147430099047413 0.19147430099047413 0.19147430099047413 
0.03338168733323761 0.040896925761354695 0.040896925761354695 0.44241223057202655 0.44241223057202655 
0.0702375712873453 0.08605019602278491 0.08605019602278491 0.3788310183335425 0.3788310183335425 
0.15626050997138838 0.2948593657689758 0.2948593657689758 0.12701037924532987 0.12701037924532987 
0.03414898857475513 0.03414898857475513 0.05115125945093185 0.440275381699779 0.440275381699779 
0.14438251183547152 0.14438251183547152 0.17688742959059084 0.26717377336923315 0.26717377336923315 
0.2 0.2 0.2 0.2 0.2 
0.08180475998305942 0.1533402574510961 0.2933495414287254 0.23575272056855961 0.23575272056855961 
0.14774273840818877 0.1813814932302838 0.12059346289443722 0.275141152733545 0.275141152733545 
0.25108299913619786 0.16693526886622678 0.30890670292688366 0.13653751453534568 0.13653751453534568 
0.2 0.2 0.2 0.2 0.2 
0.19829319090211614 0.19829319090211614 0.1621853765171327 0.24293505077651895 0.19829319090211614 
0.08156437995051526 0.10013533788004211 0.10013533788004211 0.3590824721447001 0.3590824721447001 
0.2372634761832154 0.10399180176080355 0.4507611185343736 0.10399180176080355 0.10399180176080355 
0.08871456379329892 0.08871456379329892 0.6793102557554249 0.07163030832898853 0.07163030832898853 
0.09048501875491304 0.5156415420756997 0.17074278873499607 0.11156532521719562 0.11156532521719562 
0.14728603785505995 0.41085584857976054 0.14728603785505995 0.14728603785505995 0.14728603785505995 
0.14397842385746754 0.5027387209305204 0.11776095173733736 0.11776095173733736 0.11776095173733736 
0.03891621009426219 0.40024913906360016 0.04758024208547063 0.2566272043783335 0.2566272043783335 
0.19945133085666558 0.16280005992887628 0.3714380123003122 0.13315529845707297 0.13315529845707297 
0.13569845015939114 0.25110428201135027 0.11098870380655795 0.25110428201135027 0.25110428201135027 
0.18203998398860094 0.22302275006234462 0.14889176582436528 0.22302275006234462 0.22302275006234462 
0.009461653356660759 0.10235368767926017 0.03347587980410423 0.42735438957998745 0.42735438957998745 
