0.18515515016688378 0.149498796229846 0.149498796229846 0.28600058488983776 0.22984667248358656 
0.12419366026740852 0.12419366026740852 0.2809795846085598 0.12419366026740852 0.3464394345892146 
0.22453136198566015 0.18364575867622646 0.22453136198566015 0.18364575867622646 0.18364575867622646 
0.18496808501774714 0.35385556161734316 0.053660395873783344 0.35385556161734316 0.053660395873783344 
0.27537717505274945 0.14974854996483358 0.14974854996483358 0.27537717505274945 0.14974854996483358 
0.3823897140263191 0.046489662181164425 0.046489662181164425 0.47814129943018724 0.046489662181164425 
0.2 0.2 0.2 0.2 0.2 
0.2 0.2 0.2 0.2 0.2 
0.1326984980830275 0.489258050297031 0.08747892306399063 0.20308560549196006 0.08747892306399063 
0.2 0.2 0.2 0.2 0.2 
0.35582246350832186 0.06714132523029313 0.06714132523029313 0.44275356080079925 0.06714132523029313 
0.07524868566450908 0.11271388127179728 0.3212476412984315 0.09200152511918719 0.39878826664607486 
0.18188812442370433 0.27244750230518255 0.18188812442370433 0.18188812442370433 0.18188812442370433 
0.22453136198566015 0.18364575867622646 0.22453136198566015 0.18364575867622646 0.18364575867622646 
0.18496808501774714 0.35385556161734316 0.053660395873783344 0.35385556161734316 0.053660395873783344 
0.27537717505274945 0.14974854996483358 0.14974854996483358 0.27537717505274945 0.14974854996483358 
0.3823897140263191 0.046489662181164425 0.046489662181164425 0.47814129943018724 0.046489662181164425 
0.2 0.2 0.2 0.2 0.2 
0.2 0.2 0.2 0.2 0.2 
0.1326984980830275 0.489258050297031 0.08747892306399063 0.20308560549196006 0.08747892306399063 
0.2 0.2 0.2 0.2 0.2 
0.3251548470789442 0.11656343528070397 0.11656343528070397 0.3251548470789442 0.11656343528070397 
0.26184430166078543 0.17480934314738608 0.17480934314738608 0.21372766889705624 0.17480934314738608 
0.07817762570360812 0.09558254382004745 0.33375171456902797 0.07817762570360812 0.41431049020370814 
0.16497393840375685 0.30337560614524467 0.16497393840375685 0.20170257864348454 0.16497393840375685 
0.2075590111955787 0.2075590111955787 0.2075590111955787 0.2075590111955787 0.16976395521768498 
0.2 0.2 0.2 0.2 0.2 
0.3410419069240757 0.04146273411901745 0.04146273411901745 0.534569890718872 0.04146273411901745 
0.2 0.2 0.2 0.2 0.2 
0.2 0.2 0.2 0.2 0.2 
0.21571185274517785 0.21571185274517785 0.1764322208822331 0.21571185274517785 0.1764322208822331 
0.19444297486455384 0.29368996666377695 0.19444297486455384 0.15871204180355789 0.15871204180355789 
0.2 0.2 0.2 0.2 0.2 
0.20575438593822215 0.2526015028707924 0.20575438593822215 0.16794486262638184 0.16794486262638184 
0.026382757824841604 0.41809866849564575 0.2020195692703201 0.026382757824841604 0.32711624658435096 
9.195043047560143E-16 0.9999999999999523 7.473839070802899E-16 4.5335311252887574E-14 9.195043047560143E-16 
2.0390266654436444E-4 1.1334901721456263E-15 7.472315135087377E-16 0.9997960973334529 9.193168153764171E-16 
0.1181057336948667 4.289274717733332E-4 0.8618056211932779 2.863553994606353E-4 0.019373362240621406 
8.504335771329779E-15 1.6047452118771715E-14 1.602456547940824E-5 1.048559197025221E-14 0.9999839754344855 
0.01068563618913741 0.1961838247005345 0.25000459844345063 0.01628050877060705 0.5268454318962705 
0.036607374099973514 0.10433526421992109 0.31509147141046273 0.044942311541213344 0.499023578728429 
0.02697567588951811 0.4952621609247269 0.19320214481439782 0.041099820369965734 0.24346019800139132 
0.053710332618894616 0.700103883987974 0.0029254658218593878 0.24088246456431828 0.0023778530069538725 
0.12085214613704867 0.14775782009145993 0.27341963951723597 0.12085214613704867 0.3371182481172066 
0.001033894618796743 0.9395700086090629 0.018379142245798324 0.0029795756287653847 0.03803737889757646 
0.19147430099047413 0.23410279603810327 0.19147430099047413 0.19147430099047413 0.19147430099047413 
0.2 0.2 0.2 0.2 0.2 
0.21571185274517785 0.21571185274517785 0.21571185274517785 0.1764322208822331 0.1764322208822331 
0.2 0.2 0.2 0.2 0.2 
0.2 0.2 0.2 0.2 0.2 
0.2 0.2 0.2 0.2 0.2 
0.2 0.2 0.2 0.2 0.2 
0.0477914469464069 0.7743996128147913 0.05843139940444078 0.0715860938879542 0.0477914469464069 
0.06764627417201532 0.6957348347289714 0.06764627417201532 0.10132634275498247 0.06764627417201532 
0.29267228719457805 0.1561363376168924 0.10380894600404747 0.36247637206311495 0.08490605712136678 
0.03959178303088163 0.8084181137562046 0.03959178303088163 0.07280653715115042 0.03959178303088163 
0.16280005992887628 0.3714380123003122 0.13315529845707297 0.19945133085666558 0.13315529845707297 
0.2 0.2 0.2 0.2 0.2 
0.22955962328671722 0.2843109616518761 0.06659667942726398 0.3529360562068785 0.06659667942726398 
0.16394876852584983 0.374058859234635 0.16394876852584983 0.16394876852584983 0.1340948351878152 
0.29202096891941826 0.12907397900620568 0.157810104148752 0.29202096891941826 0.12907397900620568 
0.2 0.2 0.2 0.2 0.2 
0.18364575867622646 0.22453136198566015 0.22453136198566015 0.18364575867622646 0.18364575867622646 
0.09050198913347926 0.6088521273093455 0.09050198913347926 0.1361216896450743 0.0740222047786217 
0.34975252147983643 0.10016498568010905 0.10016498568010905 0.34975252147983643 0.10016498568010905 
0.26616291392964153 0.07012512102683738 0.05662073763292763 0.536966106383756 0.07012512102683738 
0.23766845328081035 0.1559925835965778 0.1559925835965778 0.2943537959294561 0.1559925835965778 
0.2 0.2 0.2 0.2 0.2 
0.19147430099047413 0.19147430099047413 0.23410279603810327 0.19147430099047413 0.19147430099047413 
0.06523684743633877 0.4301947630432755 0.18197882638747706 0.09771729846909341 0.2248722646638153 
0.3006607951544335 0.1328928032303776 0.1328928032303776 0.3006607951544335 0.1328928032303776 
0.06801597145321538 0.12507664402529006 0.29037012682697805 0.06801597145321538 0.4485212862413012 
0.16497393840375685 0.30337560614524467 0.20170257864348454 0.16497393840375685 0.16497393840375685 
0.019861587306479443 0.5939340677384576 0.1131840347463941 0.04652453782612641 0.22649577238254237 
