0.3253962045118167 0.3253962045118167 0.07391265716963816 0.1376474669033643 0.1376474669033643 
0.17480934314738605 0.17480934314738605 0.2137276688970563 0.17480934314738605 0.26184430166078543 
0.1539964745595897 0.1539964745595897 0.23066901696027353 0.23066901696027353 0.23066901696027353 
0.36705591319026787 0.36705591319026787 0.06926100224876225 0.06926100224876225 0.12736616912193968 
0.2977178031149623 0.2419885298508336 0.1315919935860436 0.1315919935860436 0.19710967986211678 
0.4919845923171529 0.39145614179964805 0.030362431944808074 0.030362431944808074 0.05583440199358243 
0.19147430099047413 0.19147430099047413 0.19147430099047413 0.23410279603810322 0.19147430099047413 
0.19147430099047413 0.19147430099047413 0.19147430099047413 0.23410279603810322 0.19147430099047413 
0.09301399688014052 0.09301399688014052 0.026638108643588714 0.07510177574630991 0.7122321218498204 
0.16497393840375685 0.16497393840375685 0.20170257864348456 0.30337560614524467 0.16497393840375685 
0.468444376941919 0.3746346771331597 0.04554683073946766 0.0556870575927267 0.0556870575927267 
0.14792207871305224 0.14792207871305224 0.22157027023535322 0.14792207871305224 0.33466349362549 
0.14792207871305224 0.14792207871305224 0.14792207871305224 0.22157027023535322 0.3346634936254901 
0.1539964745595897 0.1539964745595897 0.23066901696027353 0.23066901696027353 0.23066901696027353 
0.36705591319026787 0.36705591319026787 0.06926100224876225 0.06926100224876225 0.12736616912193968 
0.2977178031149623 0.2419885298508336 0.1315919935860436 0.1315919935860436 0.19710967986211678 
0.4919845923171529 0.39145614179964805 0.030362431944808074 0.030362431944808074 0.05583440199358243 
0.19147430099047413 0.19147430099047413 0.19147430099047413 0.23410279603810322 0.19147430099047413 
0.19147430099047413 0.19147430099047413 0.19147430099047413 0.23410279603810322 0.19147430099047413 
0.09301399688014052 0.09301399688014052 0.026638108643588714 0.07510177574630991 0.7122321218498204 
0.17126424110108873 0.17126424110108873 0.17126424110108873 0.17126424110108873 0.3149430355956448 
0.34839336546480065 0.34839336546480065 0.10107108969013305 0.10107108969013305 0.10107108969013305 
0.232553433006913 0.18981930412587236 0.18981930412587236 0.15525452573442944 0.232553433006913 
0.11123885973062154 0.11123885973062154 0.16662302494408862 0.47489495655129726 0.136004299043371 
0.19147430099047413 0.19147430099047413 0.23410279603810327 0.19147430099047413 0.19147430099047413 
0.14854822526843564 0.14854822526843564 0.18199097247955007 0.33892160450402836 0.18199097247955007 
0.2 0.2 0.2 0.2 0.2 
0.5153335307723872 0.4089520351060951 0.02523814470717251 0.02523814470717251 0.02523814470717251 
0.10753145569987334 0.10753145569987334 0.10753145569987334 0.10753145569987334 0.5698741772005067 
0.18188812442370433 0.18188812442370433 0.18188812442370433 0.18188812442370433 0.27244750230518255 
0.21571185274517785 0.21571185274517785 0.17643222088223307 0.17643222088223307 0.21571185274517785 
0.14728603785505995 0.14728603785505995 0.4108558485797606 0.14728603785505995 0.14728603785505995 
0.2 0.2 0.2 0.2 0.2 
0.06545700318905671 0.06545700318905671 0.1825929530210666 0.5384010886752438 0.1480919519255757 
4.2286744662167867E-23 3.4064485134330086E-23 4.2286744662167867E-23 1.0 6.920875877393323E-22 
0.20217846891131785 0.49185603811373985 0.05714390779909455 0.04664311626453035 0.20217846891131785 
0.9999990463265931 9.536734069124274E-7 1.3442979007258457E-28 4.693971423312282E-28 2.021923533230234E-28 
7.054294986860919E-14 7.054294986860919E-14 0.9999999999995326 1.9678025121504258E-13 1.2972358169255884E-13 
0.00917946823673395 0.00917946823673395 0.4735846041403894 0.285423606456852 0.2226328529292905 
1.5576523098492797E-4 1.920538768902176E-4 5.662979577862701E-4 0.02171050454365704 0.9773753783906817 
3.155891291703774E-13 3.155891291703774E-13 5.915611551916335E-13 7.128446144096374E-12 0.9999999999916489 
0.06015849684353396 0.06015849684353396 0.1753451631745178 0.2734774388770629 0.4308604042613517 
0.416498668405405 0.5373575921413946 0.010415577081064758 0.015940299314712185 0.019787863057423555 
0.11752847215092019 0.11752847215092019 0.14369418664693578 0.21612669142229768 0.4051221776289261 
0.03829200418178693 0.0472128973231529 0.07225597861629912 0.13921389022809239 0.7030252296506684 
0.2 0.2 0.2 0.2 0.2 
0.15968239858692226 0.15968239858692226 0.15968239858692226 0.15968239858692226 0.3612704056523108 
0.1463121882554405 0.1463121882554405 0.21915883938712738 0.2690579447148641 0.21915883938712738 
0.2 0.2 0.2 0.2 0.2 
0.19147430099047413 0.19147430099047413 0.23410279603810327 0.19147430099047413 0.19147430099047413 
0.18364575867622646 0.18364575867622646 0.18364575867622646 0.22453136198566015 0.22453136198566015 
0.2 0.2 0.2 0.2 0.2 
0.04715917513338301 0.04715917513338301 0.04715917513338301 0.7875915849819852 0.07093088961786546 
0.19829319090211614 0.19829319090211614 0.19829319090211614 0.16218537651713272 0.24293505077651895 
0.15672397235766158 0.15672397235766158 0.054988628527720684 0.03671084676098596 0.59485257999597 
0.22453136198566015 0.22453136198566015 0.18364575867622646 0.18364575867622646 0.18364575867622646 
0.18027400319000136 0.22085919299300535 0.18027400319000136 0.271145442749465 0.14744735787752716 
0.2 0.2 0.2 0.2 0.2 
0.29596380300245745 0.29596380300245745 0.04488140517230719 0.29596380300245745 0.06722718582032067 
0.1315919935860436 0.1315919935860436 0.19710967986211678 0.2419885298508336 0.29771780311496227 
0.3091114288746584 0.3091114288746584 0.13548252327176427 0.11081209570715451 0.13548252327176427 
0.2 0.2 0.2 0.2 0.2 
0.14260975970711393 0.14260975970711393 0.1743593961020298 0.3978113247766285 0.14260975970711393 
0.20763086935860398 0.20763086935860398 0.20763086935860398 0.20763086935860398 0.16947652256558413 
0.3863191100596708 0.31046846284680735 0.10773066806712206 0.10773066806712206 0.08775109095927777 
0.4666331483881596 0.4666331483881596 0.020658688578830346 0.020658688578830346 0.02541632606601977 
0.03975059694529571 0.03975059694529571 0.017122530193617754 0.09576404744435926 0.8076122284714312 
0.18188812442370433 0.18188812442370433 0.18188812442370433 0.18188812442370433 0.27244750230518255 
0.15420048366210765 0.15420048366210765 0.18853059752140414 0.15420048366210765 0.34886795149227273 
0.10043144439797627 0.12279079658257216 0.15043475909065152 0.3461884997933072 0.28015450013549265 
0.31693023323676084 0.31693023323676084 0.11361502700103475 0.13890947952440888 0.11361502700103475 
0.10717298396559521 0.10717298396559521 0.1970836684118138 0.4575371384340408 0.1310332252229549 
0.1682609102320395 0.1682609102320395 0.20572133881923121 0.20572133881923121 0.2520355018974585 
0.04458344592005517 0.0552168634963026 0.02926213731231134 0.537240639230941 0.33369691404038965 
