0.08750212700060853 0.3852230606100445 0.1629551228640966 0.1629551228640966 0.20136456666115377 
0.23410279603810327 0.19147430099047413 0.19147430099047413 0.19147430099047413 0.19147430099047413 
0.1982583328794499 0.24339871353723436 0.1982583328794499 0.1982583328794499 0.16182628782441605 
0.1372232489402939 0.20554465306869155 0.1372232489402939 0.1372232489402939 0.3827856001104269 
0.18188812442370433 0.27244750230518255 0.18188812442370433 0.18188812442370433 0.18188812442370433 
0.14728603785505995 0.41085584857976054 0.14728603785505995 0.14728603785505995 0.14728603785505995 
0.16976395521768495 0.2075590111955787 0.2075590111955787 0.2075590111955787 0.2075590111955787 
0.16976395521768495 0.2075590111955787 0.2075590111955787 0.2075590111955787 0.2075590111955787 
0.08197806129474274 0.10043382928377904 0.2311236904184946 0.2311236904184946 0.3553407285844891 
0.16042921636779897 0.16042921636779897 0.2412974146702102 0.2412974146702102 0.19654673792398214 
0.1340948351878152 0.374058859234635 0.16394876852584983 0.16394876852584983 0.16394876852584983 
0.2520355018974585 0.20572133881923121 0.16826091023203954 0.16826091023203954 0.20572133881923121 
0.14889176582436528 0.18203998398860094 0.22302275006234462 0.22302275006234462 0.22302275006234462 
0.1982583328794499 0.24339871353723436 0.1982583328794499 0.1982583328794499 0.16182628782441605 
0.1372232489402939 0.20554465306869155 0.1372232489402939 0.1372232489402939 0.3827856001104269 
0.18188812442370433 0.27244750230518255 0.18188812442370433 0.18188812442370433 0.18188812442370433 
0.14728603785505995 0.41085584857976054 0.14728603785505995 0.14728603785505995 0.14728603785505995 
0.16976395521768495 0.2075590111955787 0.2075590111955787 0.2075590111955787 0.2075590111955787 
0.16976395521768495 0.2075590111955787 0.2075590111955787 0.2075590111955787 0.2075590111955787 
0.08197806129474274 0.10043382928377904 0.2311236904184946 0.2311236904184946 0.3553407285844891 
0.17126424110108873 0.3149430355956448 0.17126424110108873 0.17126424110108873 0.17126424110108873 
0.2 0.2 0.2 0.2 0.2 
0.22453136198566015 0.22453136198566015 0.18364575867622646 0.18364575867622646 0.18364575867622646 
0.09927580251747241 0.184881226904964 0.28294755745162004 0.28294755745162004 0.14994785567432325 
0.2137276688970563 0.17480934314738605 0.17480934314738605 0.17480934314738605 0.26184430166078543 
0.1277107982827492 0.1277107982827492 0.2938949078800902 0.2938949078800902 0.15678858767432127 
0.19147430099047413 0.23410279603810327 0.19147430099047413 0.19147430099047413 0.19147430099047413 
0.2 0.2 0.2 0.2 0.2 
0.2 0.2 0.2 0.2 0.2 
0.2 0.2 0.2 0.2 0.2 
0.17480934314738605 0.26184430166078543 0.17480934314738605 0.17480934314738605 0.2137276688970563 
0.3827856001104269 0.1372232489402939 0.1372232489402939 0.1372232489402939 0.20554465306869155 
0.2 0.2 0.2 0.2 0.2 
0.18589713596414845 0.1225490980662721 0.28450233395165364 0.28450233395165364 0.1225490980662721 
9.239288999962368E-31 1.1496542583813905E-30 0.5 0.5 9.676492499892586E-24 
2.7673297646308707E-5 0.004470031488808817 2.258803937731718E-5 2.258803937731718E-5 0.9954571191347902 
0.047845540687275145 0.40248085400057526 0.20739047763289173 0.20739047763289173 0.13489265004636602 
0.9999999999999594 1.2957312917825735E-14 1.0485759999999872E-14 1.0485759999999872E-14 6.9125348482356694E-15 
0.21182341101938282 0.025752781675699683 0.34924685908450387 0.34924685908450387 0.06393008913590993 
0.006874600168247882 0.016892356504173575 0.42997271396088205 0.42997271396088205 0.11628761540581443 
0.02529179360075548 0.07457642249547942 0.3766083001165202 0.3766083001165202 0.14691518367072437 
2.2585087911151673E-9 0.9999999802735513 4.383067908377629E-9 4.383067908377629E-9 8.7018042087217E-9 
1.8485018204463482E-8 0.9999996496831894 2.829000455027399E-8 2.829000455027399E-8 2.752517829893235E-7 
0.16042921636779897 0.16042921636779897 0.2412974146702102 0.2412974146702102 0.19654673792398214 
0.013401598119935826 0.5847915088143518 0.02582054309245636 0.02582054309245636 0.35016580688079973 
0.19147430099047413 0.19147430099047413 0.19147430099047413 0.19147430099047413 0.23410279603810327 
0.2 0.2 0.2 0.2 0.2 
0.18330564663645743 0.18330564663645743 0.22504153004531396 0.22504153004531396 0.18330564663645743 
0.2 0.2 0.2 0.2 0.2 
0.2137276688970563 0.26184430166078543 0.17480934314738608 0.17480934314738608 0.17480934314738608 
0.1608129911354928 0.1608129911354928 0.24087937523083602 0.24087937523083602 0.1966152672673423 
0.18188812442370433 0.27244750230518255 0.18188812442370433 0.18188812442370433 0.18188812442370433 
0.01919307617335901 0.01919307617335901 0.32053794921776063 0.32053794921776063 0.32053794921776063 
0.10808524634174961 0.4685044947113714 0.08840367283482277 0.08840367283482277 0.24660291327723324 
0.12923806859627637 0.5689631331092355 0.08628036484910592 0.08628036484910592 0.12923806859627637 
0.07956240280965737 0.42164926106642653 0.07956240280965737 0.07956240280965737 0.3396635305046012 
0.14116843386821215 0.1729497644059033 0.2123277723139169 0.2123277723139169 0.26122625709805086 
0.18188812442370433 0.27244750230518255 0.18188812442370433 0.18188812442370433 0.18188812442370433 
0.05336821840248685 0.09814044426290736 0.2828304457782019 0.2828304457782019 0.2828304457782019 
0.16146035253434876 0.19822239763321575 0.19822239763321575 0.19822239763321575 0.24387245456600382 
0.2137276688970563 0.26184430166078543 0.17480934314738608 0.17480934314738608 0.17480934314738608 
0.19147430099047413 0.23410279603810327 0.19147430099047413 0.19147430099047413 0.19147430099047413 
0.12682147644565533 0.10372816542122544 0.2893507357954586 0.2893507357954586 0.19074888654220185 
0.09265689674814954 0.5088023117223652 0.09265689674814954 0.09265689674814954 0.21322699803318657 
0.22324406902635005 0.1484262527288394 0.22324406902635005 0.22324406902635005 0.18184154019211066 
0.14833989336695302 0.42749998212024953 0.12082898685472533 0.12082898685472533 0.18250215080334686 
0.04298649549378433 0.0649275317730368 0.36999862593054766 0.36999862593054766 0.15208872087208383 
0.18188812442370433 0.27244750230518255 0.18188812442370433 0.18188812442370433 0.18188812442370433 
0.22453136198566015 0.22453136198566015 0.18364575867622646 0.18364575867622646 0.18364575867622646 
0.06441637640462396 0.34743401606081953 0.18161140191514022 0.18161140191514022 0.22492680370427573 
0.13367493401903027 0.3024303120817228 0.20022968519625123 0.20022968519625123 0.16343538350674464 
0.09305817366989821 0.3337039626778741 0.21603804532324739 0.21603804532324739 0.14116177300573304 
0.19829319090211614 0.16218537651713266 0.19829319090211614 0.19829319090211614 0.24293505077651895 
0.009905686847757916 0.055401196816767126 0.2851295521892099 0.2851295521892099 0.36443401195705544 
