0.16218527713813408 0.24935148118996198 0.16218527713813408 0.10644955210867792 0.24935148118996198 0.07047693123513016 
0.16070367680721379 0.16070367680721379 0.19648161596393082 0.16070367680721379 0.16070367680721379 0.16070367680721379 
0.16430950920118542 0.13438988748884542 0.2013006033099692 0.16430950920118542 0.13438988748884542 0.2013006033099692 
0.11965273267251289 0.18311999016266894 0.18311999016266894 0.09704430779788717 0.3528129671379833 0.06425001206627855 
0.10729884790992941 0.1973151234572209 0.2427562377161117 0.1607213401419525 0.1607213401419525 0.1311871106328331 
0.04008698175421843 0.516832618758084 0.060045690660092965 0.138180349370881 0.17113718627234123 0.07371717318438235 
0.18969472947444427 0.15515263526277778 0.18969472947444427 0.15515263526277778 0.15515263526277778 0.15515263526277778 
0.18969472947444427 0.15515263526277778 0.18969472947444427 0.15515263526277778 0.15515263526277778 0.15515263526277778 
0.07525437953091102 0.03933711938116706 0.7720745699581514 0.020985771531181953 0.07525437953091102 0.01709378006767768 
0.20903296125145976 0.13955207129104827 0.17062096538881455 0.17062096538881455 0.13955207129104827 0.17062096538881455 
0.06536474546970171 0.43974132183509773 0.09831341478509621 0.14913355156250396 0.14913355156250396 0.09831341478509621 
0.10155080870587743 0.08305911095914646 0.5477210497108059 0.08305911095914646 0.10155080870587743 0.08305911095914646 
0.17601411838981162 0.11750842857848337 0.32779091516058717 0.11750842857848337 0.14366968071415112 0.11750842857848337 
0.16430950920118542 0.13438988748884542 0.2013006033099692 0.16430950920118542 0.13438988748884542 0.2013006033099692 
0.11965273267251289 0.18311999016266894 0.18311999016266894 0.09704430779788717 0.3528129671379833 0.06425001206627855 
0.10729884790992941 0.1973151234572209 0.2427562377161117 0.1607213401419525 0.1607213401419525 0.1311871106328331 
0.04008698175421843 0.516832618758084 0.060045690660092965 0.138180349370881 0.17113718627234123 0.07371717318438235 
0.18969472947444427 0.15515263526277778 0.18969472947444427 0.15515263526277778 0.15515263526277778 0.15515263526277778 
0.18969472947444427 0.15515263526277778 0.18969472947444427 0.15515263526277778 0.15515263526277778 0.15515263526277778 
0.07525437953091102 0.03933711938116706 0.7720745699581514 0.020985771531181953 0.07525437953091102 0.01709378006767768 
0.14622169369747484 0.14622169369747484 0.2688915315126255 0.14622169369747484 0.14622169369747484 0.14622169369747484 
0.10034865279937744 0.27992355215839376 0.10034865279937744 0.18453419772499371 0.18453419772499371 0.15031074679286388 
0.1304858016642205 0.1954527315202401 0.1954527315202401 0.15953624509843314 0.15953624509843314 0.15953624509843314 
0.2792655268713818 0.12343604257576582 0.22699030282555463 0.12343604257576582 0.12343604257576582 0.12343604257576582 
0.1954527315202401 0.1304858016642205 0.15953624509843317 0.15953624509843317 0.1954527315202401 0.15953624509843317 
0.20949664858505823 0.139286130396864 0.17064369687373804 0.17064369687373804 0.139286130396864 0.17064369687373804 
0.16666666666666666 0.16666666666666666 0.16666666666666666 0.16666666666666666 0.16666666666666666 0.16666666666666666 
0.03985015896478764 0.5137793147404965 0.048722118780231485 0.1373640181244137 0.17012615515812948 0.09015823423194107 
0.13769494025389703 0.13769494025389703 0.3115252987305147 0.13769494025389703 0.13769494025389703 0.13769494025389703 
0.153896228132755 0.153896228132755 0.2305188593362249 0.153896228132755 0.153896228132755 0.153896228132755 
0.1581782685523182 0.1581782685523182 0.23791182256466864 0.1581782685523182 0.1581782685523182 0.12937510322605872 
0.14388184136542853 0.11744204611902205 0.11744204611902205 0.1766415291659286 0.1766415291659286 0.26795100806467026 
0.16666666666666666 0.16666666666666666 0.16666666666666666 0.16666666666666666 0.16666666666666666 0.16666666666666666 
0.15187953159692796 0.10097876212103334 0.28469304819728897 0.15187953159692796 0.12371216879218364 0.1868569576956382 
0.9999541648206444 7.682061083831631E-7 4.353763975984954E-5 6.202683984549441E-7 4.0711027762686415E-7 5.01954811389569E-7 
0.08295253681804025 5.740138921133628E-7 2.6094376909600154E-6 4.665652386694192E-7 0.9170434331284275 3.8003671035817205E-7 
6.551035820772649E-18 0.9999999999967182 3.494880743431941E-18 2.9621923515796107E-13 2.9850076299650497E-12 5.992965509964486E-16 
1.6724844223966375E-12 1.473708927345857E-11 2.0576528494423113E-12 7.84416086151145E-6 1.111969498882362E-12 0.9999921558195592 
0.09681686147363433 0.013517967299286959 0.8598921781905182 0.008949824897505768 0.013517967299286959 0.007305200839767646 
9.786306210021564E-10 1.984887814617621E-11 0.9999999988947204 2.4473073841899374E-11 5.7853918564896154E-11 2.4473073841899374E-11 
1.6893974691687606E-4 1.962744497036735E-5 0.9997425322924401 1.962744497036735E-5 2.9645625731953975E-5 1.962744497036735E-5 
0.39951052041372426 0.028475545279168537 0.31618241305686223 0.04319511441489536 0.15925995973041024 0.05337644710493945 
0.0943969423897554 0.12065201999387645 0.014668468960450029 0.02299225312197954 0.7355303207651916 0.011759994768746725 
0.1674569159452685 0.1117955720105841 0.3853607960123954 0.1117955720105841 0.1117955720105841 0.1117955720105841 
0.15466229637945555 0.001976249725645646 0.7667019703429451 0.001976249725645646 0.0727069841006621 0.001976249725645646 
0.18336105464997435 0.14997227868335888 0.18336105464997435 0.14997227868335888 0.18336105464997435 0.14997227868335888 
0.08624888768320567 0.08624888768320567 0.568755561583972 0.08624888768320567 0.08624888768320567 0.08624888768320567 
0.20903296125145976 0.13955207129104827 0.17062096538881455 0.17062096538881455 0.13955207129104827 0.17062096538881455 
0.16666666666666666 0.16666666666666666 0.16666666666666666 0.16666666666666666 0.16666666666666666 0.16666666666666666 
0.15515263526277778 0.15515263526277778 0.15515263526277778 0.18969472947444424 0.15515263526277778 0.18969472947444424 
0.18969472947444427 0.15515263526277778 0.18969472947444427 0.15515263526277778 0.15515263526277778 0.15515263526277778 
0.16070367680721379 0.16070367680721379 0.19648161596393082 0.16070367680721379 0.16070367680721379 0.16070367680721379 
0.7087658672317155 0.034711375162970695 0.05199364991361162 0.04243927220490692 0.1196505632818883 0.04243927220490692 
0.27229074698599537 0.07899324510298512 0.11832280087266989 0.09657974700036648 0.3372337130376163 0.09657974700036648 
0.07825086628071173 0.22302404937702655 0.27685611546274497 0.14572650935567175 0.1800750715392988 0.09606738798454591 
0.3630062749466587 0.06849686252667067 0.06849686252667067 0.06849686252667067 0.3630062749466587 0.06849686252667067 
0.2516078513148144 0.13597058241249568 0.13597058241249568 0.13597058241249568 0.2045098190352029 0.13597058241249568 
0.16666666666666666 0.16666666666666666 0.16666666666666666 0.16666666666666666 0.16666666666666666 0.16666666666666666 
0.22935911754857566 0.22935911754857566 0.14918167666882545 0.09791469943780845 0.22935911754857566 0.06482627124763932 
0.23418646882071845 0.10351098920038153 0.19034951456698992 0.12655594963464484 0.19034951456698992 0.15504756321027527 
0.10155538783215673 0.2832897513794723 0.12416496689769685 0.18675329957567596 0.15211829715749903 0.15211829715749903 
0.16666666666666666 0.16666666666666666 0.16666666666666666 0.16666666666666666 0.16666666666666666 0.16666666666666666 
0.2449676667702399 0.13321203138962082 0.16286942348350614 0.16286942348350614 0.13321203138962082 0.16286942348350614 
0.29949293803496935 0.08577123539421277 0.10508096284528284 0.10508096284528284 0.29949293803496935 0.10508096284528284 
0.09067607792726505 0.32081723683776975 0.07401339894434128 0.20866863200056543 0.13695868581629678 0.16886596847376167 
0.050593804301719746 0.4679408159946913 0.07743021608524657 0.11960286855951495 0.2338384907571076 0.050593804301719746 
0.1327472047348451 0.1327472047348451 0.5038477269040171 0.08673856844931084 0.08673856844931084 0.05718072672767077 
0.1283777828678388 0.1283777828678388 0.35811108566080646 0.1283777828678388 0.1283777828678388 0.1283777828678388 
0.10293983634783099 0.10293983634783099 0.43946521232043656 0.1258576393180352 0.10293983634783099 0.1258576393180352 
0.247946200816904 0.04678579408540904 0.48118698500532614 0.04678579408540904 0.13050943192154263 0.04678579408540904 
0.12483203825118379 0.284811714317999 0.12483203825118379 0.15293554666764939 0.18775662426080025 0.12483203825118379 
0.28699133822238454 0.10288235460591344 0.2327642264385878 0.12578736024437132 0.12578736024437132 0.12578736024437132 
0.1954527315202401 0.1304858016642205 0.1954527315202401 0.15953624509843314 0.15953624509843314 0.15953624509843314 
0.6408391840125509 0.026422708315946744 0.15348445059267543 0.014188220278844735 0.15348445059267543 0.011580986207306744 
