0.2234630379464884 0.05155352355712567 0.2234630379464884 0.2234630379464884 0.2780573626034095 
0.17126424110108873 0.17126424110108873 0.17126424110108873 0.3149430355956448 0.17126424110108873 
0.17480934314738608 0.26184430166078543 0.17480934314738608 0.21372766889705624 0.17480934314738608 
0.2967852885050887 0.044115242027588736 0.2967852885050887 0.12437568515389193 0.237938495808342 
0.16201051309028822 0.13250952262023352 0.16201051309028822 0.2997936492277017 0.24367580197148817 
0.1272307962198115 0.0687563816964034 0.15687177118626963 0.0687563816964034 0.578384669201112 
0.19147430099047413 0.19147430099047413 0.19147430099047413 0.23410279603810322 0.19147430099047413 
0.19147430099047413 0.19147430099047413 0.19147430099047413 0.23410279603810322 0.19147430099047413 
0.16864423546389967 0.025067891004712056 0.16864423546389967 0.5289847784530299 0.1086588596144587 
0.18364575867622646 0.22453136198566015 0.18364575867622646 0.22453136198566015 0.18364575867622646 
0.15954209299218547 0.0862176247287032 0.15954209299218547 0.12967768849750622 0.46502050078941914 
0.08270498286557927 0.0552145058649291 0.08270498286557927 0.7118684523212312 0.06750707608268136 
0.18227313987597063 0.1490824656421867 0.18227313987597063 0.3372887889636851 0.1490824656421867 
0.17480934314738608 0.26184430166078543 0.17480934314738608 0.21372766889705624 0.17480934314738608 
0.2967852885050887 0.044115242027588736 0.2967852885050887 0.12437568515389193 0.237938495808342 
0.16201051309028822 0.13250952262023352 0.16201051309028822 0.2997936492277017 0.24367580197148817 
0.1272307962198115 0.0687563816964034 0.15687177118626963 0.0687563816964034 0.578384669201112 
0.19147430099047413 0.19147430099047413 0.19147430099047413 0.23410279603810322 0.19147430099047413 
0.19147430099047413 0.19147430099047413 0.19147430099047413 0.23410279603810322 0.19147430099047413 
0.16864423546389967 0.025067891004712056 0.16864423546389967 0.5289847784530299 0.1086588596144587 
0.19147430099047413 0.19147430099047413 0.19147430099047413 0.23410279603810322 0.19147430099047413 
0.18705061708597026 0.1526781071880302 0.18705061708597026 0.12487648308830357 0.3483441755517256 
0.2 0.2 0.2 0.2 0.2 
0.12093146915844531 0.12093146915844531 0.12093146915844531 0.5162741233662188 0.12093146915844531 
0.22478382974577063 0.18347744683615302 0.22478382974577063 0.18347744683615302 0.18347744683615302 
0.16826091023203954 0.2520355018974585 0.16826091023203954 0.20572133881923121 0.20572133881923121 
0.2 0.2 0.2 0.2 0.2 
0.1523557968265394 0.06677704497787999 0.1523557968265394 0.06677704497787999 0.5617343163911611 
0.19147430099047413 0.19147430099047413 0.19147430099047413 0.23410279603810322 0.19147430099047413 
0.18188812442370433 0.18188812442370433 0.18188812442370433 0.27244750230518255 0.18188812442370433 
0.19829319090211614 0.16218537651713266 0.19829319090211614 0.24293505077651895 0.19829319090211614 
0.19215293532606614 0.36018418217942905 0.19215293532606614 0.12775497358421925 0.12775497358421925 
0.2 0.2 0.2 0.2 0.2 
0.1528856203054683 0.2847187365040618 0.1528856203054683 0.2847187365040618 0.12479128638093949 
0.007301231653962707 0.01107538182572717 0.007301231653962707 0.9606362429247858 0.013685911941561586 
0.6491791665613384 1.2326580792373218E-10 0.3508208066884218 6.768835373193375E-10 2.5950090249211956E-8 
2.0930828284621926E-10 1.8346703737883228E-13 2.867971989368974E-10 6.294499938992913E-14 0.9999999995036482 
1.4864362802415001E-21 1.0 1.4864362802415001E-21 2.2357101755828936E-21 1.2157665459057457E-21 
2.623162505438661E-7 1.1594442118650927E-7 2.623162505438661E-7 0.9999990359949764 3.234281011860074E-7 
6.909295115208467E-10 1.8739662720806254E-10 6.909295115208467E-10 0.9999999981991774 2.3156707176971682E-10 
0.055791370795555545 0.03693772801465331 0.055791370795555545 0.8061316484203589 0.04534788197387677 
0.24889912211505066 0.052948217624592245 0.24889912211505066 0.3963053205207142 0.052948217624592245 
0.4234166634376012 0.0033386137438528546 0.4234166634376012 0.004144466189792205 0.14568359319115257 
0.13428202594165645 0.13428202594165645 0.13428202594165645 0.46287189623337466 0.13428202594165645 
0.1117492605706516 8.493404705419271E-4 0.1117492605706516 0.7718531644432406 0.003798973944914477 
0.21571185274517785 0.17643222088223307 0.21571185274517785 0.21571185274517785 0.17643222088223307 
0.10753145569987334 0.10753145569987334 0.10753145569987334 0.5698741772005068 0.10753145569987334 
0.18188812442370433 0.27244750230518255 0.18188812442370433 0.18188812442370433 0.18188812442370433 
0.2 0.2 0.2 0.2 0.2 
0.19147430099047413 0.23410279603810327 0.19147430099047413 0.19147430099047413 0.19147430099047413 
0.19147430099047413 0.19147430099047413 0.19147430099047413 0.23410279603810322 0.19147430099047413 
0.19147430099047413 0.19147430099047413 0.19147430099047413 0.23410279603810322 0.19147430099047413 
0.34960909064071316 0.09881383388090274 0.34960909064071316 0.08065575701359311 0.12131222782407762 
0.40078951909711236 0.07430881067404867 0.3220977235632267 0.09103799586922735 0.1117659507963852 
0.21156721688777047 0.13947160334405528 0.21156721688777047 0.11360539733824969 0.32378856554215396 
0.4141753984696331 0.04027025981974136 0.4141753984696331 0.04027025981974136 0.09110868342125106 
0.26717377336923315 0.14438251183547152 0.26717377336923315 0.14438251183547152 0.17688742959059084 
0.2 0.2 0.2 0.2 0.2 
0.2661652409961551 0.06140503659074569 0.2661652409961551 0.14009924042078903 0.2661652409961551 
0.28123904121609233 0.1861996051254842 0.228594398482312 0.15198347758805578 0.15198347758805578 
0.18773502717534724 0.18773502717534724 0.18773502717534724 0.15323674975555748 0.28355816871840117 
0.2 0.2 0.2 0.2 0.2 
0.17480934314738608 0.26184430166078543 0.17480934314738608 0.21372766889705624 0.17480934314738608 
0.3342036590094853 0.09445962856180772 0.3342036590094853 0.09445962856180772 0.1426734248574143 
0.16405197699322 0.2018326828019263 0.16405197699322 0.08921053703486193 0.3808528261767716 
0.18766968130423098 0.033555179321606565 0.18766968130423098 0.12032791818703889 0.47077753988289245 
0.17515450338633407 0.11596433846973127 0.17515450338633407 0.2668633273788006 0.2668633273788006 
0.15968239858692226 0.15968239858692226 0.15968239858692226 0.3612704056523108 0.15968239858692226 
0.1372232489402939 0.20554465306869155 0.1372232489402939 0.3827856001104269 0.1372232489402939 
0.18475694606222812 0.043277258946956595 0.1491772764976314 0.5579641593214626 0.06482435917172136 
0.20022968519625128 0.13367493401903027 0.20022968519625128 0.1634353835067446 0.3024303120817228 
0.162596257203827 0.13271749204830832 0.13271749204830832 0.46341820121273963 0.10855055748681665 
0.21586713904286245 0.21586713904286245 0.21586713904286245 0.17619929143570642 0.17619929143570642 
0.32942479477535064 0.01276835057310499 0.32942479477535064 0.26071485282782525 0.06766720704836873 
