0.06424164132977937 0.4236320232418417 0.1453422796022577 0.1453422796022577 0.22144177622386343 
0.14974854996483358 0.14974854996483358 0.27537717505274945 0.27537717505274945 0.14974854996483358 
0.24293505077651895 0.1621853765171327 0.19829319090211614 0.19829319090211614 0.19829319090211614 
0.09017852816566173 0.47791052585573524 0.09017852816566173 0.09017852816566173 0.25155388964727954 
0.17126424110108873 0.3149430355956448 0.17126424110108873 0.17126424110108873 0.17126424110108873 
0.05919688922596457 0.7632124430961414 0.05919688922596457 0.05919688922596457 0.05919688922596457 
0.19147430099047413 0.19147430099047413 0.19147430099047413 0.19147430099047413 0.23410279603810327 
0.19147430099047413 0.19147430099047413 0.19147430099047413 0.19147430099047413 0.23410279603810327 
0.07123960543892538 0.24556384985403698 0.10670873993856211 0.10670873993856211 0.4697790648299135 
0.2075590111955787 0.16976395521768495 0.2075590111955787 0.2075590111955787 0.2075590111955787 
0.08033485931672686 0.6607753732595164 0.08033485931672686 0.08033485931672686 0.09822004879030265 
0.12907397900620568 0.12907397900620568 0.29202096891941826 0.29202096891941826 0.157810104148752 
0.18188812442370433 0.18188812442370433 0.18188812442370433 0.18188812442370433 0.27244750230518255 
0.24293505077651895 0.1621853765171327 0.19829319090211614 0.19829319090211614 0.19829319090211614 
0.09017852816566173 0.47791052585573524 0.09017852816566173 0.09017852816566173 0.25155388964727954 
0.17126424110108873 0.3149430355956448 0.17126424110108873 0.17126424110108873 0.17126424110108873 
0.05919688922596457 0.7632124430961414 0.05919688922596457 0.05919688922596457 0.05919688922596457 
0.19147430099047413 0.19147430099047413 0.19147430099047413 0.19147430099047413 0.23410279603810327 
0.19147430099047413 0.19147430099047413 0.19147430099047413 0.19147430099047413 0.23410279603810327 
0.07123960543892538 0.24556384985403698 0.10670873993856211 0.10670873993856211 0.4697790648299135 
0.2 0.2 0.2 0.2 0.2 
0.13428202594165645 0.46287189623337455 0.13428202594165645 0.13428202594165645 0.13428202594165645 
0.19829319090211614 0.24293505077651895 0.19829319090211614 0.19829319090211614 0.1621853765171327 
0.1138006899910133 0.1138006899910133 0.2574662066726578 0.2574662066726578 0.2574662066726578 
0.19829319090211614 0.16218537651713266 0.19829319090211614 0.19829319090211614 0.24293505077651895 
0.2138395576792909 0.1745442993828464 0.1745442993828464 0.1745442993828464 0.26252754417217034 
0.2 0.2 0.2 0.2 0.2 
0.049495815526000304 0.8020167378959988 0.049495815526000304 0.049495815526000304 0.049495815526000304 
0.2 0.2 0.2 0.2 0.2 
0.2 0.2 0.2 0.2 0.2 
0.18364575867622646 0.22453136198566015 0.18364575867622646 0.18364575867622646 0.22453136198566015 
0.3501143505950672 0.12418327018438251 0.1867808290734646 0.1867808290734646 0.1521407210736211 
0.2 0.2 0.2 0.2 0.2 
0.33839240126878983 0.12002557142739462 0.18052734243460516 0.18052734243460516 0.18052734243460516 
1.7759884142699267E-6 3.3740824209378834E-6 8.20840528058239E-6 8.20840528058239E-6 0.9999784331186037 
1.4284843678012624E-6 2.1576070138379598E-6 1.7537283421135635E-6 1.7537283421135635E-6 0.9999929064519341 
1.2157665459057457E-21 1.0 1.8210785331241305E-21 1.8210785331241305E-21 4.190763153402197E-21 
1.0 2.299308516762781E-30 7.465449857118656E-24 7.465449857118656E-24 6.411954163101516E-31 
1.2049655922397508E-5 1.4824657564218942E-5 0.49993347509766545 0.49993347509766545 1.0617549118237345E-4 
0.021803540740169335 0.01431065252734101 0.12915614467288833 0.12915614467288833 0.7055735173867126 
0.06250974726263452 0.0509167780753691 0.224158174880248 0.224158174880248 0.43825712490150004 
0.08135120307552104 0.03504195000806361 0.19598499317384152 0.19598499317384152 0.491636860568732 
0.019558448982332048 0.4743579021694879 0.01586287333934603 0.01586287333934603 0.4743579021694879 
0.13935833216065807 0.13935833216065807 0.25627028668709545 0.25627028668709545 0.20874276230449285 
0.010724484464430657 0.008716987032023607 0.04875295591639405 0.04875295591639405 0.8830526166707576 
0.19147430099047413 0.19147430099047413 0.19147430099047413 0.19147430099047413 0.23410279603810327 
0.2 0.2 0.2 0.2 0.2 
0.232553433006913 0.15525452573442944 0.18981930412587236 0.18981930412587236 0.232553433006913 
0.2 0.2 0.2 0.2 0.2 
0.21571185274517785 0.17643222088223307 0.21571185274517785 0.21571185274517785 0.17643222088223307 
0.19147430099047413 0.19147430099047413 0.19147430099047413 0.19147430099047413 0.23410279603810327 
0.2 0.2 0.2 0.2 0.2 
0.07083244009287942 0.047288301664871496 0.05781623738733713 0.05781623738733713 0.7662467834675748 
0.1506649712753773 0.1232299252590187 0.1506649712753773 0.1506649712753773 0.4247751609148488 
0.15425921024817119 0.43965664993193176 0.125912464785863 0.125912464785863 0.15425921024817119 
0.10753145569987334 0.10753145569987334 0.10753145569987334 0.10753145569987334 0.5698741772005067 
0.1709267891246451 0.1709267891246451 0.1709267891246451 0.1709267891246451 0.31629284350141945 
0.2 0.2 0.2 0.2 0.2 
0.07353368955091884 0.3896994656736218 0.07353368955091884 0.07353368955091884 0.3896994656736218 
0.20787842674463333 0.13878129485062451 0.16967858868922567 0.16967858868922567 0.31398310102629096 
0.16394876852584983 0.374058859234635 0.16394876852584983 0.16394876852584983 0.1340948351878152 
0.2 0.2 0.2 0.2 0.2 
0.22085919299300535 0.14744735787752716 0.18027400319000136 0.18027400319000136 0.271145442749465 
0.15875952612495184 0.12958580048782067 0.12958580048782067 0.12958580048782067 0.45248307241158625 
0.15808979096365808 0.45559816227705296 0.1287706822530964 0.1287706822530964 0.1287706822530964 
0.02965615435874053 0.792926631069779 0.05487746793513371 0.05487746793513371 0.0676622787012131 
0.109222754041522 0.3112975235707471 0.13409109940849193 0.13409109940849193 0.3112975235707471 
0.2 0.2 0.2 0.2 0.2 
0.2520355018974585 0.16826091023203954 0.20572133881923121 0.20572133881923121 0.16826091023203954 
0.0910957095585813 0.0910957095585813 0.16751867823467312 0.16751867823467312 0.48277122441349074 
0.14260975970711393 0.3978113247766285 0.14260975970711393 0.14260975970711393 0.1743593961020298 
0.11543897958287486 0.09441834226997868 0.26338089271571546 0.26338089271571546 0.26338089271571546 
0.232553433006913 0.15525452573442944 0.18981930412587236 0.18981930412587236 0.232553433006913 
0.014861891879115883 0.03390828959775957 0.06442010710013721 0.06442010710013721 0.8223896043228501 
