0.18090412911474005 0.07928968518561104 0.11925755469278118 0.27686089238384337 0.34368773862302404 
0.2 0.2 0.2 0.2 0.2 
0.3827856001104269 0.1372232489402939 0.20554465306869155 0.1372232489402939 0.1372232489402939 
0.08048901770165089 0.043769472493888524 0.06556163848496552 0.4501644338056904 0.3600154375138044 
0.18364575867622646 0.18364575867622646 0.22453136198566015 0.18364575867622646 0.22453136198566015 
0.09326977576273175 0.3215021345248013 0.2110164302583426 0.11403470428644447 0.2601769551676798 
0.2137276688970563 0.26184430166078543 0.17480934314738608 0.17480934314738608 0.17480934314738608 
0.2137276688970563 0.26184430166078543 0.17480934314738608 0.17480934314738608 0.17480934314738608 
0.11322678342971437 0.07464257108798425 0.06079946557924498 0.4174660309083912 0.33386514899466496 
0.22453136198566015 0.18364575867622646 0.22453136198566015 0.18364575867622646 0.18364575867622646 
0.13879269785081963 0.2568300573905737 0.2087544895172132 0.13879269785081963 0.2568300573905737 
0.1578079704226164 0.1578079704226164 0.1578079704226164 0.29019788910138455 0.236378199630766 
0.2605701536082752 0.2122451819968885 0.1416965754677335 0.2122451819968885 0.17324290693021446 
0.3827856001104269 0.1372232489402939 0.20554465306869155 0.1372232489402939 0.1372232489402939 
0.08048901770165089 0.043769472493888524 0.06556163848496552 0.4501644338056904 0.3600154375138044 
0.18364575867622646 0.18364575867622646 0.22453136198566015 0.18364575867622646 0.22453136198566015 
0.09326977576273175 0.3215021345248013 0.2110164302583426 0.11403470428644447 0.2601769551676798 
0.2137276688970563 0.26184430166078543 0.17480934314738608 0.17480934314738608 0.17480934314738608 
0.2137276688970563 0.26184430166078543 0.17480934314738608 0.17480934314738608 0.17480934314738608 
0.11322678342971437 0.07464257108798425 0.06079946557924498 0.4174660309083912 0.33386514899466496 
0.18188812442370433 0.27244750230518255 0.18188812442370433 0.18188812442370433 0.18188812442370433 
0.16678424679364126 0.16678424679364126 0.2498236298095381 0.16678424679364126 0.2498236298095381 
0.18364575867622646 0.18364575867622646 0.22453136198566015 0.18364575867622646 0.22453136198566015 
0.28097958460855993 0.34643943458921456 0.12419366026740852 0.12419366026740852 0.12419366026740852 
0.1524518403685391 0.1524518403685391 0.18639264855290003 0.2803483382118881 0.22835533249813364 
0.2690579447148641 0.21915883938712738 0.21915883938712738 0.14631218825544054 0.14631218825544054 
0.2 0.2 0.2 0.2 0.2 
0.12085214613704867 0.12085214613704867 0.27341963951723597 0.14775782009145993 0.3371182481172066 
0.18188812442370433 0.27244750230518255 0.18188812442370433 0.18188812442370433 0.18188812442370433 
0.2 0.2 0.2 0.2 0.2 
0.18364575867622646 0.18364575867622646 0.18364575867622646 0.22453136198566015 0.22453136198566015 
0.1889997900018535 0.10277701661735116 0.23252590650980884 0.2866974968691327 0.1889997900018535 
0.2 0.2 0.2 0.2 0.2 
0.9999952642795971 1.1708057820591948E-6 1.440439038676023E-6 1.1708057820591948E-6 9.536698000713439E-7 
0.999990426256346 6.830233287129845E-6 1.4529929854333435E-6 5.153671084301552E-7 7.751502730347995E-7 
1.6469420292953118E-28 3.5942981993963345E-27 1.6469420292953118E-28 1.0 8.673617379884357E-19 
2.0087748889129715E-4 1.6327558415497805E-4 0.0837893761986038 5.855015985413164E-4 0.9152609691298085 
4.937281077447919E-11 6.10102614247828E-11 0.9999999998463369 2.1639940681255684E-11 2.1639940681255684E-11 
0.21109197023222875 0.6709437706716862 0.025093887945508923 0.046435185575288064 0.046435185575288064 
0.43517616975864465 0.21392322049620377 0.029225022024468562 0.21392322049620377 0.10775236722447956 
0.01478816828239498 0.9734359258458393 0.0026930415803295567 0.005015248619015539 0.004067615672420652 
4.4340865570876766E-17 0.9999999999999993 2.3339341992329836E-17 4.4287754996083287E-16 1.3557376632452713E-16 
0.0014003648209401295 0.09351877179434402 0.004129173287699062 0.6291475325074415 0.2718041575895752 
0.26184430166078543 0.2137276688970563 0.17480934314738608 0.17480934314738608 0.17480934314738608 
9.487168022778444E-4 0.04139816201593752 4.086588212637482E-4 0.9034764827506955 0.05376797960982548 
0.18364575867622646 0.18364575867622646 0.18364575867622646 0.22453136198566015 0.22453136198566015 
0.2 0.2 0.2 0.2 0.2 
0.24087937523083602 0.24087937523083602 0.1966152672673423 0.1608129911354928 0.1608129911354928 
0.2 0.2 0.2 0.2 0.2 
0.19147430099047413 0.19147430099047413 0.23410279603810327 0.19147430099047413 0.19147430099047413 
0.23410279603810327 0.19147430099047413 0.19147430099047413 0.19147430099047413 0.19147430099047413 
0.2 0.2 0.2 0.2 0.2 
0.16953133339445287 0.059482256451248036 0.048551768861984174 0.5119829588665248 0.21045168242579035 
0.041714993584468674 0.09437729384958513 0.05100212709653135 0.5378222163974427 0.27508336907197173 
0.040786194855449646 0.6608884125159026 0.09227595083012 0.09227595083012 0.11377349096840783 
0.02116972118000629 0.04789503305265073 0.02116972118000629 0.6920371626530571 0.2177283619342796 
0.16157815382145396 0.16157815382145396 0.1318864758251915 0.3009068329041395 0.24405038362776102 
0.23410279603810327 0.19147430099047413 0.19147430099047413 0.19147430099047413 0.19147430099047413 
0.448823967373056 0.053354650734121906 0.08024934344415191 0.18630186487053885 0.23127017357813107 
0.1515059553907434 0.18600153698336117 0.1515059553907434 0.2821493879248124 0.22883716431033949 
0.1463121882554405 0.21915883938712738 0.2690579447148641 0.1463121882554405 0.21915883938712738 
0.2 0.2 0.2 0.2 0.2 
0.30337560614524467 0.16497393840375685 0.20170257864348454 0.16497393840375685 0.16497393840375685 
0.054160720929081516 0.18911647200358664 0.06635395511636245 0.4556047000346902 0.23476415191627895 
0.1736837319908059 0.1736837319908059 0.32345103891999977 0.11595264404123742 0.21322885305715095 
0.07949425091464019 0.09780155182216684 0.1490092863013993 0.22909407626850933 0.4446008346932842 
0.19480127120529758 0.4648348381300408 0.12785690807399008 0.08465007451668151 0.12785690807399008 
0.19147430099047413 0.23410279603810327 0.19147430099047413 0.19147430099047413 0.19147430099047413 
0.18364575867622646 0.22453136198566015 0.22453136198566015 0.18364575867622646 0.18364575867622646 
0.16160271613027832 0.3893206986535275 0.037853638207172025 0.24962023087874383 0.16160271613027832 
0.16343538350674464 0.3024303120817227 0.20022968519625128 0.13367493401903027 0.20022968519625128 
0.17303240628515623 0.5043409843411217 0.09350788115666019 0.1145593641085309 0.1145593641085309 
0.18027400319000136 0.14744735787752714 0.18027400319000136 0.271145442749465 0.22085919299300535 
0.12722736115526365 0.12722736115526365 0.011760994801731131 0.5312087184856504 0.20257556440209115 
