0.2589125181203814 0.20952604473038428 0.11250934768846559 0.20952604473038428 0.20952604473038428 
0.19147430099047413 0.19147430099047413 0.23410279603810327 0.19147430099047413 0.19147430099047413 
0.14438251183547152 0.26717377336923315 0.17688742959059084 0.14438251183547152 0.26717377336923315 
0.4499735472677314 0.15787902683795396 0.10540129688995459 0.1288671021664061 0.15787902683795396 
0.19147430099047413 0.19147430099047413 0.19147430099047413 0.23410279603810322 0.19147430099047413 
0.13428202594165645 0.13428202594165645 0.13428202594165645 0.46287189623337466 0.13428202594165645 
0.19829319090211614 0.19829319090211614 0.1621853765171327 0.24293505077651895 0.19829319090211614 
0.19829319090211614 0.19829319090211614 0.1621853765171327 0.24293505077651895 0.19829319090211614 
0.44275554491961305 0.1872922252029226 0.082089566704325 0.1005704379702169 0.1872922252029226 
0.18347744683615302 0.22478382974577063 0.18347744683615302 0.18347744683615302 0.22478382974577063 
0.16394876852584983 0.16394876852584983 0.1340948351878152 0.37405885923463505 0.16394876852584983 
0.24087937523083602 0.1608129911354928 0.24087937523083602 0.1966152672673423 0.1608129911354928 
0.22302275006234462 0.22302275006234462 0.14889176582436528 0.18203998398860094 0.22302275006234462 
0.14438251183547152 0.26717377336923315 0.17688742959059084 0.14438251183547152 0.26717377336923315 
0.4499735472677314 0.15787902683795396 0.10540129688995459 0.1288671021664061 0.15787902683795396 
0.19147430099047413 0.19147430099047413 0.19147430099047413 0.23410279603810322 0.19147430099047413 
0.13428202594165645 0.13428202594165645 0.13428202594165645 0.46287189623337466 0.13428202594165645 
0.19829319090211614 0.19829319090211614 0.1621853765171327 0.24293505077651895 0.19829319090211614 
0.19829319090211614 0.19829319090211614 0.1621853765171327 0.24293505077651895 0.19829319090211614 
0.44275554491961305 0.1872922252029226 0.082089566704325 0.1005704379702169 0.1872922252029226 
0.17126424110108873 0.17126424110108873 0.17126424110108873 0.3149430355956448 0.17126424110108873 
0.2 0.2 0.2 0.2 0.2 
0.19147430099047413 0.19147430099047413 0.23410279603810327 0.19147430099047413 0.19147430099047413 
0.1487465072772907 0.2256365009929759 0.12116019072518759 0.2788203000115697 0.2256365009929759 
0.26184430166078543 0.17480934314738608 0.21372766889705624 0.17480934314738608 0.17480934314738608 
0.16608994930628537 0.25086507604057207 0.16608994930628537 0.16608994930628537 0.25086507604057207 
0.19147430099047413 0.19147430099047413 0.19147430099047413 0.23410279603810322 0.19147430099047413 
0.2 0.2 0.2 0.2 0.2 
0.2 0.2 0.2 0.2 0.2 
0.2 0.2 0.2 0.2 0.2 
0.22453136198566015 0.18364575867622646 0.18364575867622646 0.22453136198566015 0.18364575867622646 
0.21322885305715095 0.17368373199080592 0.3234510389199997 0.11595264404123742 0.17368373199080592 
0.2 0.2 0.2 0.2 0.2 
1.6655128602091181E-4 0.49970712625403857 2.5264491988092686E-4 1.6655128602091181E-4 0.49970712625403857 
9.187100646021371E-7 0.499999540417821 1.7801103894711434E-10 2.762824464925256E-10 0.499999540417821 
0.9999992310426589 9.925909078306373E-9 9.925909078306373E-9 7.391796138206075E-7 9.925909078306373E-9 
0.23743337362613465 0.1921439566693527 0.08421606465913055 0.29406264837602897 0.1921439566693527 
1.2972358169252007E-13 1.967802512149838E-13 0.9999999999992337 2.4316246900948834E-13 1.967802512149838E-13 
0.046327425843739195 0.11621435820774197 0.6482555574649569 0.07298830027581991 0.11621435820774197 
0.21182341101938282 0.34924685908450387 0.025752781675699683 0.06393008913590993 0.34924685908450387 
0.14437248813400258 0.2844130879634537 0.06050309036369502 0.22629824557539466 0.2844130879634537 
1.2288144163338378E-13 2.478815325978122E-14 2.478815325978122E-14 0.9999999999998026 2.478815325978122E-14 
9.224311563240686E-4 2.2093725059127863E-5 1.787943996916859E-5 0.9990155019535887 2.2093725059127863E-5 
0.18347744683615302 0.22478382974577063 0.18347744683615302 0.18347744683615302 0.22478382974577063 
0.551137302197487 0.009262506525668656 0.007461499303647264 0.4228761854475282 0.009262506525668656 
0.23410279603810327 0.19147430099047413 0.19147430099047413 0.19147430099047413 0.19147430099047413 
0.2 0.2 0.2 0.2 0.2 
0.16947652256558415 0.20763086935860398 0.20763086935860398 0.20763086935860398 0.20763086935860398 
0.2 0.2 0.2 0.2 0.2 
0.18364575867622646 0.18364575867622646 0.22453136198566015 0.22453136198566015 0.18364575867622646 
0.21571185274517785 0.21571185274517785 0.17643222088223307 0.17643222088223307 0.21571185274517785 
0.19147430099047413 0.19147430099047413 0.19147430099047413 0.23410279603810322 0.19147430099047413 
0.46165097886173634 0.2343411864236396 0.0348333241454921 0.0348333241454921 0.2343411864236396 
0.44276827818906705 0.08354742045917453 0.10214783200716226 0.28798904888542176 0.08354742045917453 
0.11329561010674036 0.07563705247211681 0.11329561010674036 0.6221346748422857 0.07563705247211681 
0.5605989908824971 0.06815574987834319 0.06815574987834319 0.23493375948247341 0.06815574987834319 
0.271934495825114 0.1800393555734274 0.14695523840838146 0.22103155461965 0.1800393555734274 
0.17643222088223307 0.21571185274517785 0.17643222088223307 0.21571185274517785 0.21571185274517785 
0.21855826811064707 0.3392138677013082 0.04124048722585308 0.061773509260883756 0.3392138677013082 
0.30579704293935017 0.16420405334544438 0.16420405334544438 0.2015907970243165 0.16420405334544438 
0.17480934314738605 0.17480934314738605 0.2137276688970563 0.26184430166078543 0.17480934314738605 
0.19147430099047413 0.19147430099047413 0.19147430099047413 0.23410279603810322 0.19147430099047413 
0.1816635559009322 0.27438771554350416 0.1482809749152202 0.12128003809683939 0.27438771554350416 
0.3346320844395068 0.07720052142248826 0.09458071911810559 0.41638615359741143 0.07720052142248826 
0.16182628782441608 0.19825833287944997 0.24339871353723436 0.19825833287944997 0.19825833287944997 
0.23733814423493907 0.15646058967968146 0.15646058967968146 0.29328008672601646 0.15646058967968146 
0.1783045497983112 0.2741340297939065 0.09512284081556466 0.1783045497983112 0.2741340297939065 
0.18188812442370433 0.18188812442370433 0.18188812442370433 0.27244750230518255 0.18188812442370433 
0.18364575867622646 0.18364575867622646 0.22453136198566015 0.22453136198566015 0.18364575867622646 
0.22103410236152923 0.14376685062148517 0.06247328132326056 0.42895891507223977 0.14376685062148517 
0.16394876852584983 0.16394876852584983 0.1340948351878152 0.37405885923463505 0.16394876852584983 
0.1263529490419041 0.15578941183837014 0.10270116217793306 0.45936706510342207 0.15578941183837014 
0.24293505077651895 0.19829319090211614 0.19829319090211614 0.1621853765171327 0.19829319090211614 
0.5133055882958996 0.19574823537576821 0.017165312297479213 0.07803262865508458 0.19574823537576821 
