0.09643431983565402 0.2258914200410865 0.2258914200410865 0.2258914200410865 0.2258914200410865 
0.18188812442370433 0.18188812442370433 0.27244750230518255 0.18188812442370433 0.18188812442370433 
0.22453136198566015 0.18364575867622646 0.22453136198566015 0.18364575867622646 0.18364575867622646 
0.08302118155721443 0.3018306798736293 0.15665872934776337 0.15665872934776337 0.3018306798736293 
0.17427366521468282 0.17427366521468282 0.2632258993307799 0.21395310502517184 0.17427366521468282 
0.15580551453559402 0.15580551453559402 0.06770463218203708 0.46487882421118076 0.15580551453559402 
0.19147430099047413 0.19147430099047413 0.23410279603810327 0.19147430099047413 0.19147430099047413 
0.19147430099047413 0.19147430099047413 0.23410279603810327 0.19147430099047413 0.19147430099047413 
0.030982192111750524 0.11110125927049738 0.6998177930755902 0.04699749627166444 0.11110125927049738 
0.22453136198566015 0.18364575867622646 0.22453136198566015 0.18364575867622646 0.18364575867622646 
0.1619424762019534 0.1619424762019534 0.13134338978373042 0.38282918161040935 0.1619424762019534 
0.04717092780265906 0.07065662753943751 0.7643448893158071 0.04717092780265906 0.07065662753943751 
0.13822128419198015 0.16899390118640314 0.3855696292432333 0.13822128419198015 0.16899390118640314 
0.22453136198566015 0.18364575867622646 0.22453136198566015 0.18364575867622646 0.18364575867622646 
0.08302118155721443 0.3018306798736293 0.15665872934776337 0.15665872934776337 0.3018306798736293 
0.17427366521468282 0.17427366521468282 0.2632258993307799 0.21395310502517184 0.17427366521468282 
0.15580551453559402 0.15580551453559402 0.06770463218203708 0.46487882421118076 0.15580551453559402 
0.19147430099047413 0.19147430099047413 0.23410279603810327 0.19147430099047413 0.19147430099047413 
0.19147430099047413 0.19147430099047413 0.23410279603810327 0.19147430099047413 0.19147430099047413 
0.030982192111750524 0.11110125927049738 0.6998177930755902 0.04699749627166444 0.11110125927049738 
0.18188812442370433 0.18188812442370433 0.27244750230518255 0.18188812442370433 0.18188812442370433 
0.19760057568098308 0.19760057568098308 0.10745407521438716 0.2997441977426635 0.19760057568098308 
0.19138277710975451 0.19138277710975451 0.19138277710975451 0.2344688915609822 0.19138277710975451 
0.13428202594165645 0.13428202594165645 0.46287189623337455 0.13428202594165645 0.13428202594165645 
0.18981930412587236 0.232553433006913 0.18981930412587236 0.15525452573442944 0.232553433006913 
0.2344688915609822 0.19138277710975451 0.19138277710975451 0.19138277710975451 0.19138277710975451 
0.2 0.2 0.2 0.2 0.2 
0.15856961745436138 0.15856961745436138 0.04541246305934682 0.478878684577569 0.15856961745436138 
0.19147430099047413 0.19147430099047413 0.23410279603810327 0.19147430099047413 0.19147430099047413 
0.18188812442370433 0.18188812442370433 0.27244750230518255 0.18188812442370433 0.18188812442370433 
0.18168360351104154 0.18168360351104154 0.27326558595583417 0.18168360351104154 0.18168360351104154 
0.23096172133786688 0.23096172133786688 0.15355741799319986 0.15355741799319986 0.23096172133786688 
0.2 0.2 0.2 0.2 0.2 
0.19348310471700675 0.15760000216954986 0.3626775397408063 0.12863935120308723 0.15760000216954986 
0.01052272849074293 0.006906543889595957 0.9626317217771716 0.013032461952893547 0.006906543889595957 
1.0660686364117712E-7 0.49999950740604915 7.474229156270536E-7 1.3115812249362376E-7 0.49999950740604915 
4.168047974599095E-10 8.995940600185539E-10 2.8842004502682345E-15 0.9999999977840044 8.995940600185539E-10 
0.9999840531029464 3.382566481596012E-7 6.259297189607935E-7 1.4644454038374586E-5 3.382566481596012E-7 
1.9630367998618872E-5 2.9650040723394748E-5 0.9998914195098314 2.9650040723394748E-5 2.9650040723394748E-5 
1.0485759999999581E-14 2.478815325978441E-14 0.9999999999999314 8.504472051798755E-15 2.478815325978441E-14 
0.03725101478412511 0.056264564444986544 0.8129688415417767 0.03725101478412511 0.056264564444986544 
0.054247572500066114 0.20001026340270134 0.5017344256231239 0.04399747507140704 0.20001026340270134 
0.017959229781990077 0.457128569841722 0.00911638317055704 0.058667247364008884 0.457128569841722 
0.13428202594165645 0.13428202594165645 0.46287189623337455 0.13428202594165645 0.13428202594165645 
4.334320974656049E-4 0.02044353598253364 0.9582460638400017 4.334320974656049E-4 0.02044353598253364 
0.17643222088223307 0.21571185274517785 0.21571185274517785 0.17643222088223307 0.21571185274517785 
0.08179782898668078 0.08179782898668078 0.6728086840532765 0.08179782898668078 0.08179782898668078 
0.23410279603810327 0.19147430099047413 0.19147430099047413 0.19147430099047413 0.19147430099047413 
0.2 0.2 0.2 0.2 0.2 
0.23410279603810327 0.19147430099047413 0.19147430099047413 0.19147430099047413 0.19147430099047413 
0.19147430099047413 0.19147430099047413 0.23410279603810327 0.19147430099047413 0.19147430099047413 
0.19147430099047413 0.19147430099047413 0.23410279603810327 0.19147430099047413 0.19147430099047413 
0.1151846907528153 0.32474433264270175 0.1411162862900616 0.09421035767171937 0.32474433264270175 
0.09973504269915343 0.3482512619263031 0.12218845010304676 0.08157398334519363 0.3482512619263031 
0.19269086877226177 0.19269086877226177 0.12702773526430877 0.2948996584189058 0.19269086877226177 
0.06177146407673937 0.407342803884891 0.06177146407673937 0.06177146407673937 0.407342803884891 
0.16644063976223641 0.2503390403566456 0.16644063976223641 0.16644063976223641 0.2503390403566456 
0.2 0.2 0.2 0.2 0.2 
0.1099452362667323 0.2575399047701125 0.1675112601294258 0.20746369406361667 0.2575399047701125 
0.16525687322312066 0.24855856787208955 0.20246124793788436 0.1351647430948161 0.24855856787208955 
0.22103155461965002 0.1800393555734274 0.14695523840838146 0.271934495825114 0.1800393555734274 
0.2 0.2 0.2 0.2 0.2 
0.22453136198566015 0.18364575867622646 0.22453136198566015 0.18364575867622646 0.18364575867622646 
0.1143620915528752 0.32594523186301655 0.14040058522192123 0.09334685949917046 0.32594523186301655 
0.24153158546497996 0.15852813243305583 0.07006982037376776 0.3713423292951408 0.15852813243305583 
0.1018049647748952 0.1990413741849014 0.1018049647748952 0.39830732208040676 0.1990413741849014 
0.1855895716155881 0.15052235840894082 0.22933408295711805 0.28403162860941195 0.15052235840894082 
0.14728603785505995 0.14728603785505995 0.4108558485797606 0.14728603785505995 0.14728603785505995 
0.14397842385746754 0.11776095173733736 0.5027387209305204 0.11776095173733736 0.11776095173733736 
0.04204728613659249 0.11729131747793992 0.6813227927709354 0.04204728613659249 0.11729131747793992 
0.20428349522352807 0.20428349522352807 0.13582010855929688 0.2513294057701187 0.20428349522352807 
0.13680505825602718 0.13680505825602718 0.4776910189859205 0.11189380624599793 0.13680505825602718 
0.19829319090211614 0.19829319090211614 0.24293505077651895 0.1621853765171327 0.19829319090211614 
0.037224110072923255 0.3280000853362939 0.2609790020272233 0.045796717227265256 0.3280000853362939 
