0.14213887841291456 0.14213887841291456 0.17564181569909473 0.270040213737538 0.270040213737538 
0.18188812442370433 0.27244750230518255 0.18188812442370433 0.18188812442370433 0.18188812442370433 
0.20572133881923121 0.2520355018974585 0.20572133881923121 0.16826091023203954 0.16826091023203954 
0.12504001243668483 0.10163399187249564 0.08278509569625198 0.45459377061698797 0.2359471293775794 
0.20427787993367813 0.20427787993367813 0.13637754109695352 0.20427787993367813 0.2507888191020121 
0.1759021745546784 0.07576968715917456 0.04120312724248853 0.1759021745546784 0.53122283648898 
0.18364575867622646 0.22453136198566015 0.22453136198566015 0.18364575867622646 0.18364575867622646 
0.18364575867622646 0.22453136198566015 0.22453136198566015 0.18364575867622646 0.18364575867622646 
0.031877876311621436 0.7200492775937114 0.07400568715058117 0.11431315732326956 0.05975400162081631 
0.2137276688970563 0.17480934314738605 0.26184430166078543 0.17480934314738605 0.17480934314738605 
0.17937362643258958 0.09631838241596224 0.07861887089056258 0.22165300434992447 0.4240361159109611 
0.13822128419198018 0.38556962924323324 0.16899390118640314 0.16899390118640314 0.13822128419198018 
0.14320597184207143 0.32399362733179565 0.21450608426018808 0.17508834472387344 0.14320597184207143 
0.20572133881923121 0.2520355018974585 0.20572133881923121 0.16826091023203954 0.16826091023203954 
0.12504001243668483 0.10163399187249564 0.08278509569625198 0.45459377061698797 0.2359471293775794 
0.20427787993367813 0.20427787993367813 0.13637754109695352 0.20427787993367813 0.2507888191020121 
0.1759021745546784 0.07576968715917456 0.04120312724248853 0.1759021745546784 0.53122283648898 
0.18364575867622646 0.22453136198566015 0.22453136198566015 0.18364575867622646 0.18364575867622646 
0.18364575867622646 0.22453136198566015 0.22453136198566015 0.18364575867622646 0.18364575867622646 
0.031877876311621436 0.7200492775937114 0.07400568715058117 0.11431315732326956 0.05975400162081631 
0.17126424110108873 0.3149430355956448 0.17126424110108873 0.17126424110108873 0.17126424110108873 
0.21717845321506993 0.11810041426393629 0.11810041426393629 0.21717845321506993 0.3294422650419875 
0.18981930412587236 0.232553433006913 0.15525452573442944 0.18981930412587236 0.232553433006913 
0.12586693838450025 0.18853420526661 0.4338649795798895 0.12586693838450025 0.12586693838450025 
0.20572133881923121 0.1682609102320395 0.20572133881923121 0.2520355018974585 0.1682609102320395 
0.18199097247955004 0.18199097247955004 0.3389216045040284 0.14854822526843564 0.14854822526843564 
0.2 0.2 0.2 0.2 0.2 
0.17452490420375077 0.04088051698675837 0.04088051698675837 0.21665056824286763 0.5270634935798649 
0.12093146915844531 0.5162741233662188 0.12093146915844531 0.12093146915844531 0.12093146915844531 
0.18188812442370433 0.27244750230518255 0.18188812442370433 0.18188812442370433 0.18188812442370433 
0.2075590111955787 0.2075590111955787 0.16976395521768498 0.2075590111955787 0.2075590111955787 
0.271145442749465 0.14744735787752714 0.18027400319000134 0.22085919299300535 0.18027400319000134 
0.2 0.2 0.2 0.2 0.2 
0.2087544895172132 0.2568300573905737 0.2568300573905737 0.13879269785081963 0.13879269785081963 
4.3943336643411235E-15 1.4220284205527302E-13 0.9999999999998443 3.5561330081648704E-15 5.442408434202766E-15 
3.842043379143433E-6 1.1072365218882834E-5 1.4135024701403742E-4 0.9998390084892969 4.726855091090706E-6 
5.904147403052613E-12 1.5386010631339107E-17 3.571920155996372E-17 1.1311160992941188E-10 0.9999999998809841 
0.9999836103086742 1.1707921374580376E-6 1.440422251761852E-6 7.784139146235215E-7 1.3000063021806097E-5 
0.010244150852966469 0.5931953516327454 0.3620098865403914 0.01907767180187381 0.01547293917202292 
2.560214931290789E-5 0.9976724777306064 0.002220632472428229 6.052303323252381E-5 2.076461441970944E-5 
2.6511752932926598E-11 0.9999999993283384 5.785944139784413E-10 4.00438012249776E-11 2.6511752932926598E-11 
0.05638076513464786 0.4126995983628611 0.32750506334218027 0.16624664219837298 0.037167930961937656 
0.039065833848039314 0.012776903187329505 0.024796022290964934 0.7602507953531416 0.16311044532052488 
0.12068631583462498 0.41600730602667685 0.22193374646944838 0.12068631583462498 0.12068631583462498 
0.012254186428818956 0.4508362107706855 0.171925641789403 0.3527297745822736 0.012254186428818956 
0.18364575867622646 0.22453136198566015 0.18364575867622646 0.22453136198566015 0.18364575867622646 
0.15968239858692226 0.3612704056523108 0.15968239858692226 0.15968239858692226 0.15968239858692226 
0.18639264855290003 0.22835533249813364 0.28034833821188815 0.15245184036853912 0.15245184036853912 
0.2 0.2 0.2 0.2 0.2 
0.23410279603810327 0.19147430099047413 0.19147430099047413 0.19147430099047413 0.19147430099047413 
0.18364575867622646 0.22453136198566015 0.22453136198566015 0.18364575867622646 0.18364575867622646 
0.2 0.2 0.2 0.2 0.2 
0.04432018875985945 0.054298018292096926 0.7401785042539707 0.1249534988317651 0.036249789862307855 
0.14109339528164463 0.17285783233927488 0.17285783233927488 0.39778967318979996 0.11540126685000557 
0.11329761464194063 0.5236479758718454 0.04965797210489536 0.14000250299061545 0.17339393439070303 
0.09863358059911856 0.09863358059911856 0.18138029915549359 0.5227189590471505 0.09863358059911856 
0.17164273380881 0.14038778277038017 0.258163374806 0.258163374806 0.17164273380881 
0.2 0.2 0.2 0.2 0.2 
0.1131205608448053 0.09194572151322071 0.2649779058806579 0.2649779058806579 0.2649779058806579 
0.1482809749152202 0.27438771554350416 0.27438771554350416 0.1816635559009322 0.12128003809683939 
0.2116144640236728 0.140694183076139 0.11507474841754894 0.2116144640236728 0.32100214045896636 
0.2 0.2 0.2 0.2 0.2 
0.18853059752140414 0.15420048366210765 0.34886795149227273 0.15420048366210765 0.15420048366210765 
0.15517951821645112 0.12666365652645178 0.23438577589978352 0.3571073928308618 0.12666365652645178 
0.23176402229041465 0.10071208281024761 0.1236426789111295 0.18755601024565738 0.3563252057425508 
0.12389198503042415 0.05240816479298572 0.03454907087932539 0.30442898902105214 0.4847217902762129 
0.03253892836701084 0.7891780075690902 0.09594562203670111 0.03253892836701084 0.04979851366018678 
0.18188812442370433 0.27244750230518255 0.18188812442370433 0.18188812442370433 0.18188812442370433 
0.18853059752140414 0.34886795149227273 0.15420048366210765 0.15420048366210765 0.15420048366210765 
0.07996373432341061 0.27563603599680875 0.3413768734159545 0.2230596219404152 0.07996373432341061 
0.20632844588608582 0.13717971629795953 0.13717971629795953 0.20632844588608582 0.3129836756319093 
0.14572217824025804 0.178528695861963 0.4108397671130334 0.14572217824025804 0.11918718054448735 
0.18981930412587236 0.232553433006913 0.232553433006913 0.18981930412587236 0.15525452573442944 
0.019104998804042896 0.26804220744072854 0.5499265055814999 0.13394553991600214 0.028980748257726372 
