0.21849418279844904 0.1440380718928401 0.41510258475446776 0.1440380718928401 0.07832708866140264 
0.17480934314738605 0.17480934314738605 0.2137276688970563 0.26184430166078543 0.17480934314738605 
0.22478382974577063 0.18347744683615302 0.18347744683615302 0.18347744683615302 0.22478382974577063 
0.1180014644122414 0.1774829356810832 0.5114871671278655 0.09651421638940486 0.09651421638940486 
0.14260975970711393 0.1743593961020298 0.3978113247766285 0.14260975970711393 0.14260975970711393 
0.1372232489402939 0.3827856001104269 0.20554465306869155 0.1372232489402939 0.1372232489402939 
0.22453136198566015 0.18364575867622646 0.22453136198566015 0.18364575867622646 0.18364575867622646 
0.22453136198566015 0.18364575867622646 0.22453136198566015 0.18364575867622646 0.18364575867622646 
0.07007534284984769 0.024586838496724515 0.8688546998513536 0.02006874942140594 0.016414369380668332 
0.27326558595583417 0.18168360351104154 0.18168360351104154 0.18168360351104154 0.18168360351104154 
0.157810104148752 0.29202096891941826 0.29202096891941826 0.12907397900620568 0.12907397900620568 
0.04752251216357526 0.04752251216357526 0.7700418667115859 0.08739059679768818 0.04752251216357526 
0.20554465306869155 0.1372232489402939 0.3827856001104269 0.1372232489402939 0.1372232489402939 
0.22478382974577063 0.18347744683615302 0.18347744683615302 0.18347744683615302 0.22478382974577063 
0.1180014644122414 0.1774829356810832 0.5114871671278655 0.09651421638940486 0.09651421638940486 
0.14260975970711393 0.1743593961020298 0.3978113247766285 0.14260975970711393 0.14260975970711393 
0.1372232489402939 0.3827856001104269 0.20554465306869155 0.1372232489402939 0.1372232489402939 
0.22453136198566015 0.18364575867622646 0.22453136198566015 0.18364575867622646 0.18364575867622646 
0.22453136198566015 0.18364575867622646 0.22453136198566015 0.18364575867622646 0.18364575867622646 
0.07007534284984769 0.024586838496724515 0.8688546998513536 0.02006874942140594 0.016414369380668332 
0.18188812442370433 0.18188812442370433 0.27244750230518255 0.18188812442370433 0.18188812442370433 
0.18188812442370433 0.27244750230518255 0.18188812442370433 0.18188812442370433 0.18188812442370433 
0.16976395521768495 0.2075590111955787 0.2075590111955787 0.2075590111955787 0.2075590111955787 
0.3211615570014017 0.09317097209760444 0.3211615570014017 0.17133494180198777 0.09317097209760444 
0.16976395521768495 0.2075590111955787 0.2075590111955787 0.2075590111955787 0.2075590111955787 
0.33892160450402836 0.18199097247955007 0.14854822526843564 0.14854822526843564 0.18199097247955007 
0.2 0.2 0.2 0.2 0.2 
0.14260975970711393 0.3978113247766285 0.1743593961020298 0.14260975970711393 0.14260975970711393 
0.19147430099047413 0.19147430099047413 0.23410279603810327 0.19147430099047413 0.19147430099047413 
0.18188812442370433 0.18188812442370433 0.27244750230518255 0.18188812442370433 0.18188812442370433 
0.16497393840375685 0.20170257864348456 0.30337560614524467 0.16497393840375685 0.16497393840375685 
0.1173674222371107 0.21718348483535063 0.1173674222371107 0.21718348483535063 0.33089818585507746 
0.2 0.2 0.2 0.2 0.2 
0.16536643672491538 0.16536643672491538 0.25195034491262724 0.16536643672491538 0.25195034491262724 
1.0 3.4470130532176045E-20 3.1533685520122855E-18 8.22526333997028E-20 2.78950981751638E-20 
0.375414875339756 0.05467516420794675 0.4706067660805826 0.05467516420794675 0.04462803016376766 
0.001047746596936273 0.9977839624440062 5.552525595755571E-4 3.676154167317187E-4 2.454229827501667E-4 
2.262430980805216E-40 2.3465059466014972E-31 2.262430980805216E-40 4.263057617830409E-31 1.0 
0.002096193050157383 3.620007770399182E-5 0.9251044792397337 0.07273357969810788 2.9547934297189944E-5 
1.2816019505821281E-13 1.1337213409500131E-15 0.9999999999998641 5.2399239583939425E-15 1.4009458710009102E-15 
0.5567828744627503 0.020078265949471662 0.3458352057370886 0.057225387901217555 0.020078265949471662 
0.23885777673258304 0.05167978792894621 0.4779850510881958 0.15238514752669644 0.07909223672357849 
0.25453831092781143 0.3182755034394363 0.25453831092781143 0.08632393735247024 0.08632393735247024 
0.20935409590145446 0.11384557301975466 0.3924271762501154 0.17052758180892091 0.11384557301975466 
0.003959812293505934 4.4939161686635644E-4 0.9935298989227549 0.0016115055500066113 4.4939161686635644E-4 
0.19147430099047413 0.19147430099047413 0.23410279603810327 0.19147430099047413 0.19147430099047413 
0.08179782898668078 0.08179782898668078 0.6728086840532765 0.08179782898668078 0.08179782898668078 
0.271145442749465 0.18027400319000136 0.14744735787752714 0.18027400319000136 0.22085919299300535 
0.2 0.2 0.2 0.2 0.2 
0.17643222088223307 0.21571185274517785 0.17643222088223307 0.21571185274517785 0.21571185274517785 
0.22453136198566015 0.18364575867622646 0.22453136198566015 0.18364575867622646 0.18364575867622646 
0.19147430099047413 0.19147430099047413 0.23410279603810327 0.19147430099047413 0.19147430099047413 
0.7895953966153835 0.047279158771547335 0.05792314292076073 0.047279158771547335 0.05792314292076073 
0.19138277710975451 0.19138277710975451 0.2344688915609822 0.19138277710975451 0.19138277710975451 
0.1278465103927193 0.28924390590030086 0.2351008465896107 0.15630936053470196 0.1914993765826672 
0.27244750230518255 0.18188812442370433 0.18188812442370433 0.18188812442370433 0.18188812442370433 
0.27326558595583417 0.18168360351104154 0.18168360351104154 0.18168360351104154 0.18168360351104154 
0.2 0.2 0.2 0.2 0.2 
0.39526629297575366 0.13715499930730127 0.31841048226207996 0.07458411272743244 0.07458411272743244 
0.2632258993307799 0.17427366521468282 0.17427366521468282 0.17427366521468282 0.21395310502517179 
0.1536846797760521 0.28261544419331086 0.18789995867687903 0.18789995867687903 0.18789995867687903 
0.2 0.2 0.2 0.2 0.2 
0.3506482451257912 0.1536879733092038 0.1536879733092038 0.1536879733092038 0.18828783494659718 
0.22504153004531394 0.18330564663645743 0.22504153004531394 0.18330564663645743 0.18330564663645743 
0.20511745833449246 0.311146704808936 0.1115417134778098 0.16707666504426916 0.20511745833449246 
0.1136019322939821 0.26373115256692986 0.4073732965020358 0.1397641356515002 0.07552948298555191 
0.5320372878792802 0.11703548064129739 0.17831387250389516 0.0951278143411435 0.07748554463438367 
0.14728603785505995 0.14728603785505995 0.4108558485797606 0.14728603785505995 0.14728603785505995 
0.10855055748681665 0.13271749204830832 0.46341820121273963 0.13271749204830832 0.162596257203827 
0.14890788852467288 0.04319910781471568 0.699986598086781 0.06470729775911487 0.04319910781471568 
0.20572133881923121 0.2520355018974585 0.20572133881923121 0.16826091023203954 0.16826091023203954 
0.3436248888980682 0.09841010417930143 0.277451138672479 0.18210376407084947 0.09841010417930143 
0.21586713904286245 0.17619929143570645 0.21586713904286245 0.17619929143570645 0.21586713904286245 
0.7375280262496261 0.020870558070653113 0.17963962216138168 0.0480284425753934 0.013933350942945642 
