0.08923964110382614 0.3200108135577024 0.13536936589038456 0.3200108135577024 0.13536936589038456 
0.18188812442370433 0.18188812442370433 0.18188812442370433 0.18188812442370433 0.27244750230518255 
0.17508834472387344 0.14320597184207143 0.32399362733179565 0.14320597184207143 0.21450608426018808 
0.10203013522892238 0.3658771615186376 0.08310777086690123 0.3658771615186376 0.08310777086690123 
0.17164273380881 0.258163374806 0.14038778277038017 0.258163374806 0.17164273380881 
0.09581894717274105 0.34835806269503244 0.042352207862113904 0.43558801571875244 0.07788276655135978 
0.19147430099047413 0.19147430099047413 0.23410279603810327 0.19147430099047413 0.19147430099047413 
0.19147430099047413 0.19147430099047413 0.23410279603810327 0.19147430099047413 0.19147430099047413 
0.03681509443751677 0.13025394504645058 0.06856071324160068 0.13025394504645058 0.6341163022279813 
0.2137276688970563 0.17480934314738605 0.26184430166078543 0.17480934314738605 0.17480934314738605 
0.1136675157174991 0.3275778338108844 0.07557308683955896 0.40760847679249873 0.07557308683955896 
0.1682609102320395 0.20572133881923121 0.1682609102320395 0.20572133881923121 0.2520355018974585 
0.14974854996483358 0.14974854996483358 0.27537717505274945 0.14974854996483358 0.27537717505274945 
0.17508834472387344 0.14320597184207143 0.32399362733179565 0.14320597184207143 0.21450608426018808 
0.10203013522892238 0.3658771615186376 0.08310777086690123 0.3658771615186376 0.08310777086690123 
0.17164273380881 0.258163374806 0.14038778277038017 0.258163374806 0.17164273380881 
0.09581894717274105 0.34835806269503244 0.042352207862113904 0.43558801571875244 0.07788276655135978 
0.19147430099047413 0.19147430099047413 0.23410279603810327 0.19147430099047413 0.19147430099047413 
0.19147430099047413 0.19147430099047413 0.23410279603810327 0.19147430099047413 0.19147430099047413 
0.03681509443751677 0.13025394504645058 0.06856071324160068 0.13025394504645058 0.6341163022279813 
0.17126424110108873 0.17126424110108873 0.17126424110108873 0.17126424110108873 0.3149430355956448 
0.16502156867184872 0.3073195009072185 0.1101697147568572 0.3073195009072185 0.1101697147568572 
0.19829319090211614 0.19829319090211614 0.16218537651713272 0.19829319090211614 0.24293505077651895 
0.14260975970711393 0.14260975970711393 0.39781132477662856 0.14260975970711393 0.1743593961020298 
0.21571185274517785 0.21571185274517785 0.1764322208822331 0.21571185274517785 0.1764322208822331 
0.1861996051254842 0.15198347758805578 0.28123904121609233 0.15198347758805578 0.22859439848231206 
0.2 0.2 0.2 0.2 0.2 
0.09934886795637517 0.361191394744036 0.0439124414398817 0.45163485441982504 0.0439124414398817 
0.09438991265851776 0.09438991265851776 0.09438991265851776 0.09438991265851776 0.6224403493659294 
0.18188812442370433 0.18188812442370433 0.18188812442370433 0.18188812442370433 0.27244750230518255 
0.17643222088223307 0.21571185274517785 0.17643222088223307 0.21571185274517785 0.21571185274517785 
0.31398310102629096 0.16967858868922567 0.20787842674463333 0.16967858868922567 0.13878129485062451 
0.2 0.2 0.2 0.2 0.2 
1.5929747656810288E-4 8.608543236079266E-5 0.9995390527973178 8.608543236079266E-5 1.2947886139270506E-4 
2.6230332102707737E-9 2.6230332102707737E-9 0.9999999406482991 2.6230332102707737E-9 5.14826014122257E-8 
0.0010353036466002295 0.8662204994647643 0.0010353036466002295 0.12875815770932839 0.002950735532706812 
6.270061159278953E-12 0.0018827238853805345 1.0466018209126003E-14 0.998117276108332 6.8995204537251926E-15 
0.9999999995547075 6.717905285199521E-11 1.8739662746208438E-10 6.717905285199521E-11 1.2353760888800712E-10 
0.015253729077535137 0.03480228945371639 0.2547480660355618 0.03480228945371639 0.6603936259794705 
0.003440994243574144 0.0052661967508732845 0.10699323331910637 0.00425205604194905 0.8800475196444972 
2.846725110983737E-18 3.4948807434434114E-18 2.4502680838875792E-17 3.4948807434434114E-18 1.0 
0.08375963213664633 0.1281881547567441 0.19800630554069848 0.10350225100293242 0.4865436565629787 
0.02117087076557125 0.47948431656068086 0.008872210512979211 0.47948431656068086 0.010988285600087761 
0.12586693838450025 0.12586693838450025 0.18853420526661 0.12586693838450025 0.43386497957988945 
0.041383223347868814 0.23145089652480258 0.11926210030048087 0.14839906130711455 0.4595047185197331 
0.2 0.2 0.2 0.2 0.2 
0.18188812442370433 0.18188812442370433 0.18188812442370433 0.18188812442370433 0.27244750230518255 
0.18639264855290003 0.1524518403685391 0.22835533249813364 0.1524518403685391 0.28034833821188815 
0.2 0.2 0.2 0.2 0.2 
0.23410279603810327 0.19147430099047413 0.19147430099047413 0.19147430099047413 0.19147430099047413 
0.19147430099047413 0.19147430099047413 0.23410279603810327 0.19147430099047413 0.19147430099047413 
0.2 0.2 0.2 0.2 0.2 
0.09410130496754573 0.14153532704233399 0.5075416551852406 0.1152863857625454 0.14153532704233399 
0.16525687322312066 0.24855856787208955 0.1351647430948161 0.24855856787208955 0.20246124793788436 
0.061514714452444226 0.09372309055238863 0.027189653507377124 0.11607660625341913 0.7014959352343707 
0.14081806755833332 0.31859115870106947 0.14081806755833332 0.25895463862393014 0.14081806755833332 
0.18203998398860094 0.22302275006234462 0.22302275006234462 0.22302275006234462 0.14889176582436528 
0.19147430099047413 0.19147430099047413 0.23410279603810327 0.19147430099047413 0.19147430099047413 
0.08402300555396101 0.24214547116568272 0.3758224409926382 0.24214547116568272 0.055863611122035625 
0.19444297486455384 0.15871204180355789 0.19444297486455384 0.15871204180355789 0.29368996666377695 
0.21416717670708965 0.263489271114926 0.11646289913390835 0.263489271114926 0.14239138192914974 
0.2 0.2 0.2 0.2 0.2 
0.20170257864348456 0.16497393840375685 0.30337560614524467 0.16497393840375685 0.16497393840375685 
0.1861996051254842 0.28123904121609233 0.15198347758805578 0.228594398482312 0.15198347758805578 
0.19022042432806574 0.29111881904972264 0.10214279511510434 0.29111881904972264 0.12539914245738448 
0.052533973235291895 0.3932047958413091 0.028026097926959034 0.49820903506948083 0.028026097926959034 
0.014285577427355098 0.021765336614741632 0.03346308012201102 0.021765336614741632 0.9087206692211507 
0.19147430099047413 0.19147430099047413 0.19147430099047413 0.19147430099047413 0.23410279603810327 
0.20170257864348456 0.16497393840375685 0.16497393840375685 0.16497393840375685 0.30337560614524467 
0.09953953431090883 0.1830462850628026 0.3431140740808896 0.14909878030549337 0.22520132623990574 
0.1816635559009322 0.27438771554350416 0.1482809749152202 0.27438771554350416 0.12128003809683939 
0.16394876852584983 0.16394876852584983 0.374058859234635 0.1340948351878152 0.16394876852584983 
0.2 0.2 0.2 0.2 0.2 
0.022524374062378467 0.09916225595949901 0.30704725563022717 0.07969254530383446 0.4915735690440611 
