0.09861383522044154 0.3489014837493802 0.2269354229048685 0.2269354229048685 0.09861383522044154 
0.27244750230518255 0.18188812442370433 0.18188812442370433 0.18188812442370433 0.18188812442370433 
0.19829319090211614 0.16218537651713266 0.19829319090211614 0.19829319090211614 0.24293505077651895 
0.07343707848546588 0.4842699765416266 0.1661463215053285 0.1661463215053285 0.11000030196225032 
0.17480934314738605 0.26184430166078543 0.17480934314738605 0.17480934314738605 0.2137276688970563 
0.2338614485206705 0.4442978321528262 0.0838360370887304 0.0838360370887304 0.15416864514904224 
0.21571185274517785 0.17643222088223307 0.21571185274517785 0.21571185274517785 0.17643222088223307 
0.21571185274517785 0.17643222088223307 0.21571185274517785 0.21571185274517785 0.17643222088223307 
0.22089922098479284 0.2748671787183338 0.22089922098479284 0.22089922098479284 0.06243515832728807 
0.1608129911354928 0.1608129911354928 0.24087937523083602 0.24087937523083602 0.1966152672673423 
0.1623003252405858 0.37349417415656166 0.13247594068265128 0.13247594068265128 0.19925361923754986 
0.17643222088223307 0.21571185274517785 0.21571185274517785 0.21571185274517785 0.17643222088223307 
0.22302275006234462 0.18203998398860094 0.22302275006234462 0.22302275006234462 0.14889176582436528 
0.19829319090211614 0.16218537651713266 0.19829319090211614 0.19829319090211614 0.24293505077651895 
0.07343707848546588 0.4842699765416266 0.1661463215053285 0.1661463215053285 0.11000030196225032 
0.17480934314738605 0.26184430166078543 0.17480934314738605 0.17480934314738605 0.2137276688970563 
0.2338614485206705 0.4442978321528262 0.0838360370887304 0.0838360370887304 0.15416864514904224 
0.21571185274517785 0.17643222088223307 0.21571185274517785 0.21571185274517785 0.17643222088223307 
0.21571185274517785 0.17643222088223307 0.21571185274517785 0.21571185274517785 0.17643222088223307 
0.22089922098479284 0.2748671787183338 0.22089922098479284 0.22089922098479284 0.06243515832728807 
0.3149430355956448 0.17126424110108873 0.17126424110108873 0.17126424110108873 0.17126424110108873 
0.14792207871305224 0.33466349362549 0.14792207871305224 0.14792207871305224 0.22157027023535322 
0.21571185274517785 0.21571185274517785 0.17643222088223307 0.17643222088223307 0.21571185274517785 
0.21986802090433133 0.11956298595827518 0.270503003589559 0.270503003589559 0.11956298595827518 
0.1621853765171327 0.24293505077651895 0.19829319090211614 0.19829319090211614 0.19829319090211614 
0.17131872841359536 0.13983711782156857 0.25876271267562057 0.25876271267562057 0.17131872841359536 
0.2 0.2 0.2 0.2 0.2 
0.09863358059911856 0.5227189590471505 0.09863358059911856 0.09863358059911856 0.18138029915549359 
0.46287189623337455 0.13428202594165645 0.13428202594165645 0.13428202594165645 0.13428202594165645 
0.23410279603810327 0.19147430099047413 0.19147430099047413 0.19147430099047413 0.19147430099047413 
0.19147430099047413 0.23410279603810327 0.19147430099047413 0.19147430099047413 0.19147430099047413 
0.12072679996167429 0.18083486876930466 0.18083486876930466 0.18083486876930466 0.3367685937304116 
0.2 0.2 0.2 0.2 0.2 
0.20428349522352807 0.13582010855929688 0.20428349522352807 0.20428349522352807 0.2513294057701187 
1.724413826026396E-8 1.8644378234821297E-9 0.499999989513493 0.499999989513493 1.8644378234821297E-9 
4.187685139931811E-5 0.9160073476226613 0.041972338305053765 0.041972338305053765 6.098915831977512E-6 
5.3647192105155017E-8 0.9999904979303071 1.2454397139353533E-7 1.2454397139353533E-7 9.19933455803468E-6 
2.057668990154167E-12 1.1119782214320762E-12 2.057668990154167E-12 2.057668990154167E-12 0.9999999999927149 
0.42755987404133367 0.028713536273291658 0.26557077055698974 0.26557077055698974 0.012585048571395016 
0.08019416928482438 0.0164726989077089 0.44733126540391394 0.44733126540391394 0.008670600999638855 
0.9999996023312965 2.487568181207427E-8 1.7816180397098945E-7 1.7816180397098945E-7 1.6469413743579466E-8 
0.9999854724480765 2.2756248132966843E-6 5.649133324157408E-6 5.649133324157408E-6 9.536604618531119E-7 
0.07783302137324084 0.7508001365014104 0.07783302137324084 0.07783302137324084 0.015700799378867068 
0.3117068479861904 0.1377751854667747 0.20637139054013018 0.20637139054013018 0.1377751854667747 
0.18861431169012952 0.18861431169012952 0.30721054093748995 0.30721054093748995 0.008350294744760775 
0.17643222088223307 0.21571185274517785 0.21571185274517785 0.21571185274517785 0.17643222088223307 
0.2 0.2 0.2 0.2 0.2 
0.22302275006234462 0.14889176582436528 0.22302275006234462 0.22302275006234462 0.1820399839886009 
0.2 0.2 0.2 0.2 0.2 
0.19147430099047413 0.19147430099047413 0.19147430099047413 0.19147430099047413 0.23410279603810327 
0.18364575867622646 0.18364575867622646 0.22453136198566015 0.22453136198566015 0.18364575867622646 
0.2 0.2 0.2 0.2 0.2 
0.032318433759621894 0.06018658659620615 0.44055769828177543 0.44055769828177543 0.026379583080621122 
0.1521336806070776 0.2851694419261547 0.23077457080301253 0.23077457080301253 0.10114773586074231 
0.7694331564459364 0.10279981646864343 0.03646242252490619 0.03646242252490619 0.05484218203560773 
0.10964634797235902 0.31250481542880654 0.25232403030932704 0.25232403030932704 0.07320077598018 
0.13879269785081963 0.2087544895172132 0.2568300573905737 0.2568300573905737 0.13879269785081963 
0.2 0.2 0.2 0.2 0.2 
0.06566470977434523 0.2846291488842662 0.2846291488842662 0.2846291488842662 0.08044784357285625 
0.19647611559274455 0.16003793348763445 0.2417240087159933 0.2417240087159933 0.16003793348763445 
0.18639264855290003 0.2803483382118881 0.1524518403685391 0.1524518403685391 0.22835533249813364 
0.2 0.2 0.2 0.2 0.2 
0.14491716155955217 0.14491716155955217 0.2664925875830114 0.2664925875830114 0.1771805017148727 
0.160440677529545 0.2444455165278045 0.2444455165278045 0.2444455165278045 0.10622277288704175 
0.17658727660549803 0.26786871128923984 0.14383765040801103 0.14383765040801103 0.26786871128923984 
0.07252152424778543 0.6390230980778877 0.08922302594634651 0.08922302594634651 0.11000932578163358 
0.7317419955403417 0.04914142230663871 0.09336052409602834 0.09336052409602834 0.03239553396096314 
0.23410279603810327 0.19147430099047413 0.19147430099047413 0.19147430099047413 0.19147430099047413 
0.26184430166078543 0.17480934314738605 0.17480934314738605 0.17480934314738605 0.2137276688970563 
0.2656615338908774 0.14078713985329203 0.2656615338908774 0.2656615338908774 0.06222825847407571 
0.2138395576792909 0.26252754417217034 0.17454429938284638 0.17454429938284638 0.17454429938284638 
0.25795844186742056 0.11306233719886903 0.25795844186742056 0.25795844186742056 0.11306233719886903 
0.18347744683615302 0.18347744683615302 0.22478382974577063 0.22478382974577063 0.18347744683615302 
0.14723950394587076 0.0735782436702813 0.38610238323858515 0.38610238323858515 0.006977485906677551 
