0.21263290143991648 0.32844419463259494 0.21263290143991648 0.17168500457846048 0.0746049979091115 
0.18188812442370433 0.18188812442370433 0.18188812442370433 0.18188812442370433 0.27244750230518255 
0.18364575867622646 0.18364575867622646 0.18364575867622646 0.22453136198566015 0.22453136198566015 
0.42246339276374706 0.2721966176922209 0.17704440200555238 0.07693390155928183 0.05136168597919819 
0.16693526886622678 0.30890670292688366 0.25108299913619786 0.13653751453534568 0.13653751453534568 
0.05725711791510738 0.504520847522591 0.3202314900045221 0.031136096814525147 0.08685444774325461 
0.18364575867622646 0.18364575867622646 0.18364575867622646 0.22453136198566015 0.22453136198566015 
0.18364575867622646 0.18364575867622646 0.18364575867622646 0.22453136198566015 0.22453136198566015 
0.342283794839027 0.14344303154180157 0.11608187684890277 0.1776550495074354 0.22053624726283325 
0.18188812442370433 0.18188812442370433 0.18188812442370433 0.27244750230518255 0.18188812442370433 
0.07099771801999998 0.48749006694362196 0.31256335325200846 0.05795114376436951 0.07099771801999998 
0.26184430166078543 0.17480934314738608 0.17480934314738608 0.21372766889705624 0.17480934314738608 
0.19661526726734233 0.16081299113549277 0.16081299113549277 0.24087937523083602 0.24087937523083602 
0.18364575867622646 0.18364575867622646 0.18364575867622646 0.22453136198566015 0.22453136198566015 
0.42246339276374706 0.2721966176922209 0.17704440200555238 0.07693390155928183 0.05136168597919819 
0.16693526886622678 0.30890670292688366 0.25108299913619786 0.13653751453534568 0.13653751453534568 
0.05725711791510738 0.504520847522591 0.3202314900045221 0.031136096814525147 0.08685444774325461 
0.18364575867622646 0.18364575867622646 0.18364575867622646 0.22453136198566015 0.22453136198566015 
0.18364575867622646 0.18364575867622646 0.18364575867622646 0.22453136198566015 0.22453136198566015 
0.342283794839027 0.14344303154180157 0.11608187684890277 0.1776550495074354 0.22053624726283325 
0.17126424110108873 0.17126424110108873 0.17126424110108873 0.17126424110108873 0.3149430355956448 
0.12925392107326059 0.36441021863283135 0.29490050277897806 0.10571767875746498 0.10571767875746498 
0.1608129911354928 0.24087937523083602 0.24087937523083602 0.1608129911354928 0.1966152672673423 
0.12068631583462498 0.12068631583462498 0.12068631583462498 0.4160073060266768 0.22193374646944838 
0.30337560614524467 0.16497393840375685 0.16497393840375685 0.20170257864348454 0.16497393840375685 
0.12932159074624625 0.15811284242942708 0.15811284242942708 0.36074384700347356 0.1937088773914259 
0.2 0.2 0.2 0.2 0.2 
0.053236503025747575 0.5911193560779223 0.2977447225311217 0.02894970918260418 0.02894970918260418 
0.13428202594165645 0.13428202594165645 0.13428202594165645 0.13428202594165645 0.46287189623337455 
0.19147430099047413 0.19147430099047413 0.19147430099047413 0.19147430099047413 0.23410279603810327 
0.21571185274517785 0.21571185274517785 0.21571185274517785 0.1764322208822331 0.1764322208822331 
0.3372887889636851 0.1490824656421867 0.18227313987597063 0.18227313987597063 0.1490824656421867 
0.2 0.2 0.2 0.2 0.2 
0.1914993765826672 0.1278465103927193 0.15630936053470193 0.28924390590030086 0.2351008465896107 
1.9282583823069893E-14 5.557037997326097E-14 4.476524257498072E-14 0.9999999999996099 2.7053371665235563E-13 
0.9999999999955842 6.294499942089403E-14 6.294499942089403E-14 4.003997898492366E-12 2.861447365700679E-13 
3.4671653896007184E-26 0.999999999999996 3.951972663930497E-15 4.693975899832251E-28 2.021925461486769E-28 
0.010226360711251593 0.01892345093825088 0.9330032864739959 0.01892345093825088 0.01892345093825088 
0.02222771671709973 0.027406110740782502 0.02222771671709973 0.5200468454861259 0.40809161033889224 
0.04521098899238445 0.007933645474792849 0.007933645474792849 0.8484487315755709 0.09047298848245891 
1.0995114894123463E-8 7.24831722888798E-9 5.904054582280644E-9 1.0169353948615057E-7 0.9999998741589738 
1.642594400716298E-5 1.1707769593768827E-6 1.440403578211582E-6 1.0316296127243497E-5 0.999970646579328 
0.8496698379961655 0.07809395831176945 0.03739859859643834 0.011608169290227652 0.023229435805399132 
0.14081806755833332 0.14081806755833332 0.14081806755833332 0.2589546386239301 0.3185911587010695 
0.9094704845889239 0.002344249610898645 0.002344249610898645 0.032889708444492204 0.052951307744786645 
0.23410279603810327 0.19147430099047413 0.19147430099047413 0.19147430099047413 0.19147430099047413 
0.2 0.2 0.2 0.2 0.2 
0.1578079704226164 0.1578079704226164 0.1578079704226164 0.29019788910138455 0.236378199630766 
0.2 0.2 0.2 0.2 0.2 
0.2 0.2 0.2 0.2 0.2 
0.19147430099047413 0.19147430099047413 0.19147430099047413 0.23410279603810322 0.19147430099047413 
0.2 0.2 0.2 0.2 0.2 
0.2161298090470022 0.03277498610048384 0.03277498610048384 0.6692270570656578 0.04909316168637218 
0.6064898611868238 0.07373500836619289 0.07373500836619289 0.13559355540431867 0.11044656667647162 
0.07433061995901914 0.1137577228004884 0.09185076734399827 0.03257886641417576 0.6874820234823181 
0.7522432289847633 0.04642408360477483 0.04642408360477483 0.08537066302476848 0.06953794078091842 
0.2912028759591775 0.1573680011869796 0.1573680011869796 0.23669312047988367 0.1573680011869796 
0.2 0.2 0.2 0.2 0.2 
0.24775398013532968 0.24775398013532968 0.1995805503761465 0.24775398013532968 0.057157509217864284 
0.263489271114926 0.11646289913390835 0.14239138192914974 0.263489271114926 0.21416717670708965 
0.14388645796694616 0.3282855053463972 0.2662558465222524 0.11768573219745768 0.14388645796694616 
0.2 0.2 0.2 0.2 0.2 
0.15968239858692226 0.15968239858692226 0.15968239858692226 0.3612704056523108 0.15968239858692226 
0.5412998713698005 0.0804607767294098 0.0804607767294098 0.14888928758568978 0.14888928758568978 
0.08775109095927777 0.38631911005967073 0.3104684628468073 0.10773066806712205 0.10773066806712205 
0.11136402548759394 0.5623843961616405 0.2764560413554703 0.02489776849764769 0.02489776849764769 
0.03100140896993887 0.07197093529784823 0.0581110932148884 0.13866470398765965 0.7002518585296647 
0.2 0.2 0.2 0.2 0.2 
0.18188812442370433 0.18188812442370433 0.18188812442370433 0.18188812442370433 0.27244750230518255 
0.33461541442926396 0.06313969653784686 0.06313969653784686 0.26955259624752104 0.26955259624752104 
0.1359222350611597 0.31011465745522115 0.25151838657199616 0.1359222350611597 0.16652248585046306 
0.15387531137008975 0.1027283845269694 0.1027283845269694 0.35410608240040553 0.286561837175566 
0.24087937523083602 0.1608129911354928 0.1608129911354928 0.24087937523083602 0.1966152672673423 
0.3314447720777413 0.022258757342432673 0.018052957508706707 0.4223728295437351 0.20587068352738416 
