0.17499943198264387 0.09335960933206054 0.33478490238460873 0.33478490238460873 0.062071153916078016 
0.14728603785505995 0.14728603785505995 0.4108558485797606 0.14728603785505995 0.14728603785505995 
0.16678424679364126 0.2498236298095381 0.16678424679364126 0.16678424679364126 0.2498236298095381 
0.38491757550914385 0.08743273708388473 0.07136605594891386 0.38491757550914385 0.07136605594891386 
0.15912933433150755 0.19455677292453688 0.19455677292453688 0.292627785487911 0.15912933433150755 
0.0827854564960071 0.1872963815366534 0.0827854564960071 0.545916475738392 0.10121622973294044 
0.2 0.2 0.2 0.2 0.2 
0.2 0.2 0.2 0.2 0.2 
0.4728245972221576 0.0688618490976989 0.15846856388928082 0.2436372266650546 0.05620776312580795 
0.18364575867622646 0.22453136198566015 0.18364575867622646 0.18364575867622646 0.22453136198566015 
0.09448401492648606 0.1737495363007365 0.11551927313888831 0.5007279024950007 0.11551927313888831 
0.09982297954508768 0.06664261690864624 0.6854123250445653 0.08147946159305437 0.06664261690864624 
0.2520355018974585 0.16826091023203954 0.20572133881923121 0.20572133881923121 0.16826091023203954 
0.16678424679364126 0.2498236298095381 0.16678424679364126 0.16678424679364126 0.2498236298095381 
0.38491757550914385 0.08743273708388473 0.07136605594891386 0.38491757550914385 0.07136605594891386 
0.15912933433150755 0.19455677292453688 0.19455677292453688 0.292627785487911 0.15912933433150755 
0.0827854564960071 0.1872963815366534 0.0827854564960071 0.545916475738392 0.10121622973294044 
0.2 0.2 0.2 0.2 0.2 
0.2 0.2 0.2 0.2 0.2 
0.4728245972221576 0.0688618490976989 0.15846856388928082 0.2436372266650546 0.05620776312580795 
0.2 0.2 0.2 0.2 0.2 
0.14320597184207143 0.21450608426018808 0.14320597184207143 0.3239936273317957 0.1750883447238734 
0.17643222088223307 0.21571185274517785 0.17643222088223307 0.21571185274517785 0.21571185274517785 
0.11302899450508054 0.09244719875534471 0.6096294092288855 0.09244719875534471 0.09244719875534471 
0.28261544419331086 0.18789995867687906 0.1536846797760521 0.18789995867687906 0.18789995867687906 
0.18981930412587236 0.232553433006913 0.15525452573442944 0.18981930412587236 0.232553433006913 
0.2 0.2 0.2 0.2 0.2 
0.07293771897256769 0.1650165550727882 0.07293771897256769 0.5999319459660915 0.0891760610159847 
0.2 0.2 0.2 0.2 0.2 
0.2 0.2 0.2 0.2 0.2 
0.22453136198566015 0.18364575867622646 0.18364575867622646 0.22453136198566015 0.18364575867622646 
0.21609196073699677 0.21609196073699677 0.09551317258752594 0.14306775327506732 0.3292351526634137 
0.2 0.2 0.2 0.2 0.2 
0.1969690936505227 0.24233051822467144 0.13095704894400648 0.13095704894400648 0.2987862902367926 
0.1438138867635481 0.019214198193932136 0.8022085461114337 0.019214198193932136 0.015549170737154045 
0.999999999999966 1.2532542894196887E-17 2.3339341992329056E-17 3.40159028683964E-14 1.2532542894196887E-17 
4.937281029828697E-11 9.583027872655741E-9 4.937281029828697E-11 0.9999999902015101 1.1671646008875354E-10 
1.8210785326018506E-21 2.867971989969962E-10 1.4864362798151944E-21 1.2157665455570672E-21 0.9999999997132027 
5.190285143092804E-21 1.4864362802415001E-21 1.0 3.391392715611904E-21 1.2157665459057457E-21 
0.01071062615494719 9.139627092393155E-4 0.9860626935583254 0.001398754868248799 9.139627092393155E-4 
0.08430194363851351 0.02957842500523147 0.8202282277731777 0.036312978577845836 0.02957842500523147 
0.4806395565397319 0.03988634907944309 0.37826454508421176 0.061323200217170186 0.03988634907944309 
0.6783664282839232 0.010305554410140602 0.002834633325181688 0.30314450738612625 0.005348876594628501 
0.13428202594165645 0.13428202594165645 0.46287189623337455 0.13428202594165645 0.13428202594165645 
0.8645453356801123 9.513381249671258E-4 0.12516927628553223 0.008382711784421225 9.513381249671258E-4 
0.23410279603810327 0.19147430099047413 0.19147430099047413 0.19147430099047413 0.19147430099047413 
0.19147430099047413 0.19147430099047413 0.23410279603810327 0.19147430099047413 0.19147430099047413 
0.17480934314738605 0.2137276688970563 0.17480934314738605 0.17480934314738605 0.26184430166078543 
0.2 0.2 0.2 0.2 0.2 
0.18364575867622646 0.22453136198566015 0.18364575867622646 0.18364575867622646 0.22453136198566015 
0.2 0.2 0.2 0.2 0.2 
0.2 0.2 0.2 0.2 0.2 
0.6830348035083594 0.06477275723794979 0.052978087512220294 0.11985926649144764 0.07935508525002292 
0.6431036990941822 0.0764499575453193 0.06252895065533039 0.14146743515984872 0.0764499575453193 
0.1770363429676903 0.2178073114966949 0.09627136179826941 0.3318486407696551 0.1770363429676903 
0.7790967076427306 0.03815578508718005 0.03815578508718005 0.10643593709572922 0.03815578508718005 
0.36074384700347356 0.15811284242942708 0.12932159074624627 0.19370887739142592 0.15811284242942708 
0.2 0.2 0.2 0.2 0.2 
0.31595450618139254 0.11085671649783625 0.09048563382279906 0.39221750967517294 0.09048563382279906 
0.3367685937304116 0.18083486876930466 0.12072679996167429 0.18083486876930466 0.18083486876930466 
0.1463121882554405 0.21915883938712738 0.1463121882554405 0.2690579447148641 0.21915883938712738 
0.2 0.2 0.2 0.2 0.2 
0.20572133881923121 0.20572133881923121 0.1682609102320395 0.1682609102320395 0.2520355018974585 
0.6025067168547683 0.08774866379658539 0.05858170746145808 0.1634142480906028 0.08774866379658539 
0.09524758505852837 0.2656940736154793 0.09524758505852837 0.3283196689841871 0.21549108728327704 
0.11674452436326001 0.09426238396826904 0.1803298596905576 0.5583756439424327 0.050287588035480515 
0.15537059172824771 0.19115199909069702 0.23568470491489818 0.2912369224098005 0.12655578185635658 
0.19147430099047413 0.19147430099047413 0.23410279603810327 0.19147430099047413 0.19147430099047413 
0.1682609102320395 0.20572133881923121 0.20572133881923121 0.1682609102320395 0.2520355018974585 
0.41914445104833525 0.06356112383468865 0.336848812391511 0.1168844888907766 0.06356112383468865 
0.15420048366210765 0.18853059752140414 0.15420048366210765 0.34886795149227273 0.15420048366210765 
0.1339148025766872 0.0890347162102386 0.5989810487925972 0.0890347162102386 0.0890347162102386 
0.271145442749465 0.18027400319000136 0.14744735787752714 0.18027400319000136 0.22085919299300535 
0.56548709703988 0.010219253807520805 0.3471852210941193 0.06875002947224133 0.00835839858623817 
