0.3169905671366299 0.13532505896230645 0.20617965746937877 0.20617965746937877 0.13532505896230645 
0.17126424110108873 0.3149430355956448 0.17126424110108873 0.17126424110108873 0.17126424110108873 
0.1621853765171327 0.24293505077651895 0.19829319090211614 0.19829319090211614 0.19829319090211614 
0.40552915116577376 0.09499069160641795 0.1422851368246759 0.1422851368246759 0.21490988357845645 
0.2901978891013846 0.1578079704226164 0.1578079704226164 0.1578079704226164 0.236378199630766 
0.62579553605283 0.1098148930913101 0.048538450022565946 0.048538450022565946 0.1673126708107281 
0.18364575867622646 0.18364575867622646 0.22453136198566015 0.22453136198566015 0.18364575867622646 
0.18364575867622646 0.18364575867622646 0.22453136198566015 0.22453136198566015 0.18364575867622646 
0.11479343197533526 0.5396212700833994 0.1421723496882705 0.1421723496882705 0.06124059856472378 
0.1608129911354928 0.1608129911354928 0.24087937523083602 0.24087937523083602 0.1966152672673423 
0.5688271842310094 0.06915610609897968 0.08455253638285548 0.08455253638285548 0.19291163690429972 
0.18364575867622646 0.18364575867622646 0.22453136198566015 0.22453136198566015 0.18364575867622646 
0.1539964745595897 0.23066901696027353 0.23066901696027353 0.23066901696027353 0.1539964745595897 
0.1621853765171327 0.24293505077651895 0.19829319090211614 0.19829319090211614 0.19829319090211614 
0.40552915116577376 0.09499069160641795 0.1422851368246759 0.1422851368246759 0.21490988357845645 
0.2901978891013846 0.1578079704226164 0.1578079704226164 0.1578079704226164 0.236378199630766 
0.62579553605283 0.1098148930913101 0.048538450022565946 0.048538450022565946 0.1673126708107281 
0.18364575867622646 0.18364575867622646 0.22453136198566015 0.22453136198566015 0.18364575867622646 
0.18364575867622646 0.18364575867622646 0.22453136198566015 0.22453136198566015 0.18364575867622646 
0.11479343197533526 0.5396212700833994 0.1421723496882705 0.1421723496882705 0.06124059856472378 
0.17126424110108873 0.3149430355956448 0.17126424110108873 0.17126424110108873 0.17126424110108873 
0.3656723659599173 0.13108839541045503 0.13108839541045503 0.13108839541045503 0.24106244780871766 
0.24087937523083602 0.24087937523083602 0.1608129911354928 0.1608129911354928 0.1966152672673423 
0.10107108969013305 0.10107108969013305 0.3483933654648006 0.3483933654648006 0.10107108969013305 
0.17643222088223307 0.17643222088223307 0.21571185274517785 0.21571185274517785 0.21571185274517785 
0.12059346289443722 0.1813814932302838 0.275141152733545 0.275141152733545 0.14774273840818877 
0.2 0.2 0.2 0.2 0.2 
0.6394617113623432 0.049598436757921034 0.049598436757921034 0.049598436757921034 0.2117429783638936 
0.08179782898668078 0.6728086840532764 0.08179782898668078 0.08179782898668078 0.08179782898668078 
0.19147430099047413 0.23410279603810327 0.19147430099047413 0.19147430099047413 0.19147430099047413 
0.22453136198566015 0.18364575867622646 0.18364575867622646 0.18364575867622646 0.22453136198566015 
0.18789995867687906 0.1536846797760521 0.18789995867687906 0.18789995867687906 0.28261544419331086 
0.2 0.2 0.2 0.2 0.2 
0.1345873179493294 0.16488703808309613 0.2490481785297001 0.2490481785297001 0.2024292869081743 
2.2382621287491976E-14 2.775190945879567E-13 0.4999999999998411 0.4999999999998411 1.8072275796447544E-14 
0.007659400996484795 0.011669772664320259 0.48722258758898945 0.48722258758898945 0.006225651161216065 
0.9999999999993787 3.49488074344124E-18 8.113496909247116E-18 8.113496909247116E-18 6.213691023612301E-13 
4.483006770387101E-6 5.087679697017595E-7 6.259357926106508E-7 6.259357926106508E-7 0.9999937563536746 
0.014966856264972347 0.27478524009551336 0.35016940725429196 0.35016940725429196 0.009909089130930611 
0.004395161935250302 0.05012115003246034 0.4700322923277232 0.4700322923277232 0.0054191033768428605 
5.222802226033505E-31 1.0 8.995940620120891E-30 8.995940620120891E-30 5.222802226033505E-31 
0.026373727117583734 0.46883548229516 0.23239198272992448 0.23239198272992448 0.040006825127407206 
0.5939157525125978 0.03747712357773655 0.1131805444748763 0.1131805444748763 0.142246034959913 
0.10959055383680151 0.37776006958478525 0.20152941137080588 0.20152941137080588 0.10959055383680151 
0.028958014122996735 0.12952490192718258 0.406279534913412 0.406279534913412 0.028958014122996735 
0.2 0.2 0.2 0.2 0.2 
0.2 0.2 0.2 0.2 0.2 
0.12920857411556824 0.23760558710514884 0.23760558710514884 0.23760558710514884 0.15797466456898535 
0.2 0.2 0.2 0.2 0.2 
0.19147430099047413 0.19147430099047413 0.19147430099047413 0.19147430099047413 0.23410279603810327 
0.18364575867622646 0.18364575867622646 0.22453136198566015 0.22453136198566015 0.18364575867622646 
0.2 0.2 0.2 0.2 0.2 
0.022272094426463104 0.04095683361947609 0.45477023733933214 0.45477023733933214 0.027230597275396572 
0.14038778277038017 0.17164273380881 0.258163374806 0.258163374806 0.17164273380881 
0.08364116158896898 0.8137990511012106 0.023953839467343988 0.023953839467343988 0.05465210837513247 
0.14974854996483358 0.14974854996483358 0.27537717505274945 0.27537717505274945 0.14974854996483358 
0.17164273380881 0.14038778277038017 0.258163374806 0.258163374806 0.17164273380881 
0.2 0.2 0.2 0.2 0.2 
0.27657934694977426 0.05218867775362519 0.27657934694977426 0.27657934694977426 0.11807328139705191 
0.11098870380655793 0.25110428201135027 0.25110428201135027 0.25110428201135027 0.13569845015939114 
0.3553029900747922 0.155728132720886 0.12737112013147503 0.12737112013147503 0.23422663694137166 
0.2 0.2 0.2 0.2 0.2 
0.12907397900620568 0.12907397900620568 0.29202096891941826 0.29202096891941826 0.157810104148752 
0.1482809749152202 0.12128003809683939 0.27438771554350416 0.27438771554350416 0.1816635559009322 
0.3715524410599245 0.1289264369408956 0.1289264369408956 0.1289264369408956 0.24166824811738852 
0.7352657403033916 0.033690583897851456 0.04136141296033908 0.04136141296033908 0.14832084987807848 
0.01608203384989202 0.9114400272551281 0.0309848754095805 0.0309848754095805 0.010508188075818919 
0.2 0.2 0.2 0.2 0.2 
0.17480934314738605 0.26184430166078543 0.17480934314738605 0.17480934314738605 0.2137276688970563 
0.08308285602475572 0.12444856793177093 0.35469286000935885 0.35469286000935885 0.08308285602475572 
0.34550548664041925 0.12385885307550296 0.1514339191685593 0.1514339191685593 0.227767821946959 
0.09884686150145375 0.09884686150145375 0.34072642186508884 0.34072642186508884 0.12085343326691476 
0.1552545257344294 0.18981930412587236 0.232553433006913 0.232553433006913 0.18981930412587236 
0.018348312738513468 0.2732161656677221 0.3481698753211847 0.3481698753211847 0.012095770951395227 
