0.1688174023903803 0.09006158795522438 0.3229582915771522 0.20908135903862146 0.20908135903862146 
0.18188812442370433 0.27244750230518255 0.18188812442370433 0.18188812442370433 0.18188812442370433 
0.22453136198566015 0.22453136198566015 0.18364575867622646 0.18364575867622646 0.18364575867622646 
0.14184854339660724 0.041151147734762764 0.2180848041493783 0.42323523828303794 0.17568026643621343 
0.14974854996483358 0.14974854996483358 0.27537717505274945 0.14974854996483358 0.27537717505274945 
0.03644300837522991 0.08244979118185755 0.46985167328071126 0.03644300837522991 0.37481251878697097 
0.22453136198566015 0.22453136198566015 0.18364575867622646 0.18364575867622646 0.18364575867622646 
0.22453136198566015 0.22453136198566015 0.18364575867622646 0.18364575867622646 0.18364575867622646 
0.19743176732889503 0.3079248557791129 0.10320192724280554 0.3079248557791129 0.08351659387007354 
0.23410279603810327 0.19147430099047413 0.19147430099047413 0.19147430099047413 0.19147430099047413 
0.06693900361304718 0.06693900361304718 0.4503321434146792 0.05474987545095732 0.36103997390826914 
0.20170257864348456 0.16497393840375685 0.16497393840375685 0.30337560614524467 0.16497393840375685 
0.23066901696027353 0.23066901696027353 0.1539964745595897 0.23066901696027353 0.1539964745595897 
0.22453136198566015 0.22453136198566015 0.18364575867622646 0.18364575867622646 0.18364575867622646 
0.14184854339660724 0.041151147734762764 0.2180848041493783 0.42323523828303794 0.17568026643621343 
0.14974854996483358 0.14974854996483358 0.27537717505274945 0.14974854996483358 0.27537717505274945 
0.03644300837522991 0.08244979118185755 0.46985167328071126 0.03644300837522991 0.37481251878697097 
0.22453136198566015 0.22453136198566015 0.18364575867622646 0.18364575867622646 0.18364575867622646 
0.22453136198566015 0.22453136198566015 0.18364575867622646 0.18364575867622646 0.18364575867622646 
0.19743176732889503 0.3079248557791129 0.10320192724280554 0.3079248557791129 0.08351659387007354 
0.17126424110108873 0.3149430355956448 0.17126424110108873 0.17126424110108873 0.17126424110108873 
0.10826585003849666 0.10826585003849666 0.3731937983003813 0.10826585003849666 0.3020086515841289 
0.1539964745595897 0.23066901696027353 0.23066901696027353 0.1539964745595897 0.23066901696027353 
0.30337560614524467 0.20170257864348456 0.16497393840375685 0.16497393840375685 0.16497393840375685 
0.22157027023535322 0.14792207871305224 0.14792207871305224 0.33466349362549014 0.14792207871305224 
0.258163374806 0.258163374806 0.17164273380881 0.14038778277038017 0.17164273380881 
0.2 0.2 0.2 0.2 0.2 
0.03391138311315082 0.03391138311315082 0.5494908321626459 0.03391138311315082 0.34877501849790193 
0.10753145569987334 0.5698741772005067 0.10753145569987334 0.10753145569987334 0.10753145569987334 
0.19147430099047413 0.23410279603810327 0.19147430099047413 0.19147430099047413 0.19147430099047413 
0.2075590111955787 0.16976395521768495 0.2075590111955787 0.2075590111955787 0.2075590111955787 
0.227767821946959 0.12385885307550296 0.1514339191685593 0.3455054866404193 0.1514339191685593 
0.2 0.2 0.2 0.2 0.2 
0.23760558710514884 0.23760558710514884 0.12920857411556824 0.23760558710514884 0.15797466456898535 
0.9998906650254177 8.678757208827849E-5 1.1072937271012242E-5 2.554556394173797E-6 8.919908829000601E-6 
3.79003093310847E-28 5.557037997328483E-34 2.3723308281287812E-34 1.0 2.3723308281287812E-34 
3.974135459246504E-22 2.120142503918182E-22 0.9999999958560564 3.974135459246504E-22 4.14394367088128E-9 
0.015104502977608928 0.015104502977608928 0.04352959009408042 0.01004239344890934 0.9162190105017923 
0.2106065853291975 0.6785213886503136 0.036957342006829624 0.036957342006829624 0.036957342006829624 
0.6309004085992049 0.18766446032415543 0.016456439887788606 0.14852225130106209 0.016456439887788606 
3.866089343582866E-14 0.9999999999999398 5.630545926335087E-15 1.0485759999999667E-14 5.630545926335087E-15 
0.008343067249693102 0.9732136789845904 5.946611593350733E-4 0.01711698266576073 7.316099406205997E-4 
0.04592206111008952 0.005445289563300554 0.035819600222443466 0.884788149572491 0.028024899531675286 
0.20554465306869155 0.3827856001104269 0.1372232489402939 0.1372232489402939 0.1372232489402939 
0.03254768128642233 0.002831062816423301 3.212919709879124E-4 0.9639786719551786 3.212919709879124E-4 
0.2137276688970563 0.17480934314738605 0.17480934314738605 0.26184430166078543 0.17480934314738605 
0.2 0.2 0.2 0.2 0.2 
0.236378199630766 0.2901978891013846 0.1578079704226164 0.1578079704226164 0.1578079704226164 
0.2 0.2 0.2 0.2 0.2 
0.2 0.2 0.2 0.2 0.2 
0.23410279603810327 0.19147430099047413 0.19147430099047413 0.19147430099047413 0.19147430099047413 
0.2 0.2 0.2 0.2 0.2 
0.4971323827838441 0.04595529858202291 0.03068012367774406 0.39555207127864456 0.03068012367774406 
0.1780980795468437 0.06248800990924526 0.041717493554523505 0.675978923434864 0.041717493554523505 
0.033914562531881944 0.740153866216017 0.09666043876852409 0.05122513038253635 0.07804600210104047 
0.1551359113234239 0.02876314003731484 0.0235255717836005 0.7690498050720601 0.0235255717836005 
0.25945786222534833 0.14021278133384094 0.14021278133384094 0.3199037937731285 0.14021278133384094 
0.2 0.2 0.2 0.2 0.2 
0.26317090426562106 0.04965859406466379 0.26317090426562106 0.21199979870204694 0.21199979870204694 
0.23722657552605939 0.23722657552605939 0.10485472376339543 0.29249328135094665 0.12819884383353883 
0.12085214613704867 0.14775782009145993 0.3371182481172066 0.12085214613704867 0.27341963951723597 
0.2 0.2 0.2 0.2 0.2 
0.3149430355956448 0.17126424110108873 0.17126424110108873 0.17126424110108873 0.17126424110108873 
0.20228053443514304 0.07097273632816468 0.0579307527200458 0.6108852237966007 0.0579307527200458 
0.10028673042828341 0.12312048031767579 0.35482028427943235 0.06695222069517612 0.35482028427943235 
0.044252062212427105 0.029172317709893973 0.5185849380411275 0.08407155362135521 0.32391912841519643 
0.03414490325584032 0.8921605835696722 0.03414490325584032 0.01198018001333907 0.027569429905307995 
0.2 0.2 0.2 0.2 0.2 
0.18188812442370433 0.27244750230518255 0.18188812442370433 0.18188812442370433 0.18188812442370433 
0.2979431836482001 0.12719362364253398 0.0562198912239414 0.4624234102613831 0.0562198912239414 
0.14388645796694616 0.14388645796694616 0.3282855053463972 0.11768573219745768 0.2662558465222524 
0.3583056546758295 0.19239963954142386 0.12844753312066143 0.19239963954142386 0.12844753312066143 
0.22835533249813364 0.18639264855290003 0.15245184036853912 0.28034833821188815 0.15245184036853912 
0.39095204133205497 0.1889026895958092 0.016119507064097576 0.39095204133205497 0.01307372067598302 
