0.22647902730604388 0.12161260267242614 0.3466100299258847 0.1836857374232189 0.12161260267242614 
0.17126424110108873 0.17126424110108873 0.17126424110108873 0.3149430355956448 0.17126424110108873 
0.21424249980959395 0.21424249980959395 0.14303000076162423 0.21424249980959395 0.21424249980959395 
0.0789233011222749 0.09649423118249668 0.6491649353904567 0.0789233011222749 0.09649423118249668 
0.17643222088223307 0.21571185274517785 0.21571185274517785 0.17643222088223307 0.21571185274517785 
0.12350052493821152 0.18498958994383707 0.2794114137658944 0.22710888140822 0.18498958994383707 
0.23410279603810327 0.19147430099047413 0.19147430099047413 0.19147430099047413 0.19147430099047413 
0.23410279603810327 0.19147430099047413 0.19147430099047413 0.19147430099047413 0.19147430099047413 
0.09980818036512706 0.035401308766201615 0.2381623029306806 0.591226899171789 0.035401308766201615 
0.292627785487911 0.19455677292453688 0.15912933433150755 0.15912933433150755 0.19455677292453688 
0.1732429069302145 0.2122451819968885 0.2605701536082752 0.14169657546773354 0.2122451819968885 
0.18188812442370433 0.18188812442370433 0.27244750230518255 0.18188812442370433 0.18188812442370433 
0.22835533249813364 0.15245184036853912 0.1863926485529 0.28034833821188815 0.15245184036853912 
0.21424249980959395 0.21424249980959395 0.14303000076162423 0.21424249980959395 0.21424249980959395 
0.0789233011222749 0.09649423118249668 0.6491649353904567 0.0789233011222749 0.09649423118249668 
0.17643222088223307 0.21571185274517785 0.21571185274517785 0.17643222088223307 0.21571185274517785 
0.12350052493821152 0.18498958994383707 0.2794114137658944 0.22710888140822 0.18498958994383707 
0.23410279603810327 0.19147430099047413 0.19147430099047413 0.19147430099047413 0.19147430099047413 
0.23410279603810327 0.19147430099047413 0.19147430099047413 0.19147430099047413 0.19147430099047413 
0.09980818036512706 0.035401308766201615 0.2381623029306806 0.591226899171789 0.035401308766201615 
0.17126424110108873 0.17126424110108873 0.17126424110108873 0.3149430355956448 0.17126424110108873 
0.1682609102320395 0.20572133881923121 0.2520355018974585 0.1682609102320395 0.20572133881923121 
0.1682609102320395 0.20572133881923121 0.1682609102320395 0.2520355018974585 0.20572133881923121 
0.5162741233662188 0.12093146915844531 0.12093146915844531 0.12093146915844531 0.12093146915844531 
0.15912933433150755 0.19455677292453688 0.292627785487911 0.15912933433150755 0.19455677292453688 
0.37137679357273334 0.16138022639784086 0.1077387256268405 0.19812402800474452 0.16138022639784086 
0.2 0.2 0.2 0.2 0.2 
0.1377751854667747 0.20637139054013018 0.3117068479861904 0.1377751854667747 0.20637139054013018 
0.08179782898668078 0.08179782898668078 0.08179782898668078 0.6728086840532765 0.08179782898668078 
0.19147430099047413 0.19147430099047413 0.19147430099047413 0.23410279603810322 0.19147430099047413 
0.19147430099047413 0.19147430099047413 0.23410279603810327 0.19147430099047413 0.19147430099047413 
0.10161103672976128 0.28344498452567385 0.22988795748912974 0.10161103672976128 0.28344498452567385 
0.2 0.2 0.2 0.2 0.2 
0.2087648706456866 0.2574008494223495 0.13821671525480714 0.13821671525480714 0.2574008494223495 
1.0 2.925013046412128E-34 1.9282583823078177E-34 5.550381891761118E-33 2.925013046412128E-34 
3.664648070381194E-12 2.985007629929493E-12 0.9999999999848066 5.558976698726912E-12 2.985007629929493E-12 
0.003039323366770641 0.018747688747877987 0.9584106724170266 0.0010546267204465704 0.018747688747877987 
1.686155221232001E-16 0.4999999999999998 7.390362913207064E-17 9.054159557415758E-17 0.4999999999999998 
0.7069244998766065 0.007748380993040375 0.014338053557151483 0.2632406845801617 0.007748380993040375 
0.8896439780999926 0.00601697950566729 0.0278097570629584 0.0705123058257146 0.00601697950566729 
5.293256656418977E-39 1.4978850497712775E-40 2.262430980805216E-40 1.0 1.4978850497712775E-40 
0.2285574128419117 0.06110710123848212 0.3619759607923636 0.28725242388876016 0.06110710123848212 
0.007224147406887993 0.007224147406887993 0.9725080778473584 0.005819479931977566 0.007224147406887993 
0.20190107681473404 0.10979266340267105 0.10979266340267105 0.46872093297725276 0.10979266340267105 
0.023663422912778707 0.004230999880657872 0.9489499424297257 0.018924634896179817 0.004230999880657872 
0.19147430099047413 0.19147430099047413 0.23410279603810327 0.19147430099047413 0.19147430099047413 
0.2 0.2 0.2 0.2 0.2 
0.239642807079795 0.19519899151366593 0.13031640281307824 0.239642807079795 0.19519899151366593 
0.2 0.2 0.2 0.2 0.2 
0.18364575867622646 0.22453136198566015 0.18364575867622646 0.18364575867622646 0.22453136198566015 
0.27244750230518255 0.18188812442370433 0.18188812442370433 0.18188812442370433 0.18188812442370433 
0.2 0.2 0.2 0.2 0.2 
0.7034092716559581 0.03333363769963584 0.1797871948455255 0.05013625809924507 0.03333363769963584 
0.08879219318666656 0.10856026413898849 0.5855270143963682 0.10856026413898849 0.10856026413898849 
0.020406222500978965 0.0375256248366817 0.056923358004901996 0.8476191698207556 0.0375256248366817 
0.05919688922596457 0.05919688922596457 0.7632124430961414 0.05919688922596457 0.05919688922596457 
0.24367580197148817 0.16201051309028822 0.2997936492277017 0.13250952262023352 0.16201051309028822 
0.2 0.2 0.2 0.2 0.2 
0.3773444354869733 0.08705437562648008 0.3773444354869733 0.07120237777309327 0.08705437562648008 
0.19647611559274455 0.16003793348763445 0.2417240087159933 0.2417240087159933 0.16003793348763445 
0.15525452573442944 0.232553433006913 0.18981930412587236 0.18981930412587236 0.232553433006913 
0.2 0.2 0.2 0.2 0.2 
0.3583056546758295 0.19239963954142386 0.12844753312066143 0.12844753312066143 0.19239963954142386 
0.12391496618889324 0.12391496618889324 0.5455284821858521 0.0827266192474682 0.12391496618889324 
0.18956858111275077 0.23322568860308432 0.1544114605683296 0.18956858111275077 0.23322568860308432 
0.11193888660800455 0.1377180952527497 0.5006860362784912 0.11193888660800455 0.1377180952527497 
0.03863046475033598 0.005509963103792891 0.005509963103792891 0.9448396459382854 0.005509963103792891 
0.2 0.2 0.2 0.2 0.2 
0.1682609102320395 0.20572133881923121 0.1682609102320395 0.2520355018974585 0.20572133881923121 
0.3073835769377507 0.08917389409095446 0.3806963920916231 0.13357224278871696 0.08917389409095446 
0.24293505077651895 0.19829319090211614 0.19829319090211614 0.1621853765171327 0.19829319090211614 
0.46341820121273963 0.13271749204830832 0.162596257203827 0.10855055748681665 0.13271749204830832 
0.19138277710975451 0.19138277710975451 0.2344688915609822 0.19138277710975451 0.19138277710975451 
0.40841430879267826 0.009433527176269201 0.252227407252476 0.32049122960230747 0.009433527176269201 
