0.17138474952062246 0.13838023799172383 0.21275246384582389 0.21275246384582389 0.26473008479600607 
0.2 0.2 0.2 0.2 0.2 
0.16497393840375685 0.20170257864348456 0.16497393840375685 0.16497393840375685 0.30337560614524467 
0.3246461887894612 0.10880613151650867 0.2596332160365123 0.2596332160365123 0.04728124762100538 
0.18203998398860094 0.14889176582436528 0.22302275006234462 0.22302275006234462 0.22302275006234462 
0.12296472250670769 0.08209222899013127 0.28297298489669875 0.28297298489669875 0.22899707870976352 
0.18364575867622646 0.22453136198566015 0.18364575867622646 0.18364575867622646 0.22453136198566015 
0.18364575867622646 0.22453136198566015 0.18364575867622646 0.18364575867622646 0.22453136198566015 
0.32582361025067 0.20890788775887556 0.20890788775887556 0.20890788775887556 0.04745272647270317 
0.18364575867622646 0.22453136198566015 0.18364575867622646 0.18364575867622646 0.22453136198566015 
0.13507788216955008 0.11025590663053485 0.251555403733305 0.251555403733305 0.251555403733305 
0.21586713904286245 0.17619929143570645 0.21586713904286245 0.21586713904286245 0.17619929143570645 
0.19138277710975451 0.2344688915609822 0.19138277710975451 0.19138277710975451 0.19138277710975451 
0.16497393840375685 0.20170257864348456 0.16497393840375685 0.16497393840375685 0.30337560614524467 
0.3246461887894612 0.10880613151650867 0.2596332160365123 0.2596332160365123 0.04728124762100538 
0.18203998398860094 0.14889176582436528 0.22302275006234462 0.22302275006234462 0.22302275006234462 
0.12296472250670769 0.08209222899013127 0.28297298489669875 0.28297298489669875 0.22899707870976352 
0.18364575867622646 0.22453136198566015 0.18364575867622646 0.18364575867622646 0.22453136198566015 
0.18364575867622646 0.22453136198566015 0.18364575867622646 0.18364575867622646 0.22453136198566015 
0.32582361025067 0.20890788775887556 0.20890788775887556 0.20890788775887556 0.04745272647270317 
0.17126424110108873 0.17126424110108873 0.17126424110108873 0.17126424110108873 0.3149430355956448 
0.17718050171487273 0.14491716155955217 0.2664925875830114 0.2664925875830114 0.14491716155955217 
0.17643222088223307 0.17643222088223307 0.21571185274517785 0.21571185274517785 0.21571185274517785 
0.13108839541045503 0.24106244780871772 0.13108839541045503 0.13108839541045503 0.3656723659599173 
0.2507888191020121 0.20427787993367813 0.20427787993367813 0.20427787993367813 0.13637754109695352 
0.14744735787752714 0.271145442749465 0.18027400319000134 0.18027400319000134 0.22085919299300535 
0.19147430099047413 0.19147430099047413 0.19147430099047413 0.19147430099047413 0.23410279603810327 
0.1441395165196938 0.09622869027347285 0.33170155146668034 0.33170155146668034 0.09622869027347285 
0.2 0.2 0.2 0.2 0.2 
0.2 0.2 0.2 0.2 0.2 
0.19138277710975451 0.19138277710975451 0.19138277710975451 0.19138277710975451 0.2344688915609822 
0.2577028876902192 0.20946393624431725 0.20946393624431725 0.20946393624431725 0.11390530357682849 
0.2 0.2 0.2 0.2 0.2 
0.21602551436446055 0.21602551436446055 0.17596172845330926 0.17596172845330926 0.21602551436446055 
1.4284773125942987E-6 0.9999879675411024 2.1575963575337177E-6 2.1575963575337177E-6 6.288788869849532E-6 
0.9999999990486745 5.2228022210647016E-11 4.4954342593021396E-10 4.4954342593021396E-10 1.048575999002493E-14 
7.068030063932349E-5 3.6011539977240135E-6 0.49995612461808087 0.49995612461808087 1.346930920111753E-5 
0.13654841306466758 0.20537891910090833 0.13654841306466758 0.13654841306466758 0.38497584170508864 
0.07647126651179383 0.5476938841963512 0.07647126651179383 0.07647126651179383 0.22289231626826742 
0.11950166963422074 0.639674864292451 0.06066089821955364 0.06066089821955364 0.11950166963422074 
0.0981101974471869 0.45345355652870356 0.07957224199162406 0.07957224199162406 0.2892917620408614 
1.2885049038956233E-7 1.0169352059344824E-7 4.05388723625709E-8 4.05388723625709E-8 0.9999996883782444 
1.2614846634934948E-6 9.043750485066282E-8 5.513337195298319E-7 5.513337195298319E-7 0.9999975454103925 
0.17480934314738605 0.26184430166078543 0.17480934314738605 0.17480934314738605 0.2137276688970563 
0.6965220276416603 0.1035335611873893 0.04820542499178043 0.04820542499178043 0.1035335611873893 
0.2075590111955787 0.2075590111955787 0.2075590111955787 0.2075590111955787 0.16976395521768498 
0.2 0.2 0.2 0.2 0.2 
0.16678424679364126 0.2498236298095381 0.16678424679364126 0.16678424679364126 0.2498236298095381 
0.2 0.2 0.2 0.2 0.2 
0.18188812442370433 0.18188812442370433 0.18188812442370433 0.18188812442370433 0.27244750230518255 
0.19147430099047413 0.23410279603810327 0.19147430099047413 0.19147430099047413 0.19147430099047413 
0.18188812442370433 0.18188812442370433 0.18188812442370433 0.18188812442370433 0.27244750230518255 
0.24057570458271355 0.47393294881670883 0.12486565052846899 0.12486565052846899 0.035760045543639235 
0.35631575896054285 0.1194202817394168 0.14790273069783408 0.14790273069783408 0.22845849790437198 
0.15454882447791732 0.10232196058542592 0.1905540840027506 0.1905540840027506 0.36202104693115544 
0.46189407730451487 0.11988224615657242 0.14917071519117006 0.14917071519117006 0.11988224615657242 
0.23322568860308432 0.23322568860308432 0.18956858111275077 0.18956858111275077 0.1544114605683296 
0.18188812442370433 0.18188812442370433 0.18188812442370433 0.18188812442370433 0.27244750230518255 
0.19399134642215307 0.24081569119494853 0.24081569119494853 0.24081569119494853 0.08356157999300105 
0.22530462668355467 0.22530462668355467 0.18313024887763005 0.18313024887763005 0.18313024887763005 
0.18203998398860094 0.14889176582436528 0.22302275006234462 0.22302275006234462 0.22302275006234462 
0.19147430099047413 0.19147430099047413 0.19147430099047413 0.19147430099047413 0.23410279603810327 
0.17126424110108873 0.3149430355956448 0.17126424110108873 0.17126424110108873 0.17126424110108873 
0.26264030784183917 0.13631780877687616 0.13631780877687616 0.13631780877687616 0.3284062658275322 
0.14438251183547152 0.17688742959059084 0.26717377336923315 0.26717377336923315 0.14438251183547152 
0.16294813872554928 0.06892950262231871 0.31858388757876477 0.31858388757876477 0.13095458349460246 
0.1426039380626611 0.33106039823797034 0.1754452212331227 0.1754452212331227 0.1754452212331227 
0.18188812442370433 0.18188812442370433 0.18188812442370433 0.18188812442370433 0.27244750230518255 
0.19147430099047413 0.19147430099047413 0.19147430099047413 0.19147430099047413 0.23410279603810327 
0.24674763250891765 0.24674763250891765 0.12987855123662342 0.12987855123662342 0.24674763250891765 
0.15871204180355789 0.15871204180355789 0.19444297486455384 0.19444297486455384 0.29368996666377695 
0.11239465441578905 0.2093124515643513 0.09174095954127998 0.09174095954127998 0.4948109749372998 
0.21424249980959395 0.21424249980959395 0.21424249980959395 0.21424249980959395 0.14303000076162423 
0.2734792732045794 0.445436588048515 0.10668447201125454 0.10668447201125454 0.06771519472439641 
