0.239418294207283 0.15572445053320458 0.239418294207283 0.239418294207283 0.12602066684494642 
0.31374988182953506 0.11247491579323203 0.2544667340540453 0.11247491579323203 0.2068335525299554 
0.17643222088223307 0.21571185274517785 0.21571185274517785 0.17643222088223307 0.21571185274517785 
0.06779603424066377 0.1533838482417966 0.1533838482417966 0.5576402350350788 0.06779603424066377 
0.16678424679364126 0.16678424679364126 0.2498236298095381 0.2498236298095381 0.16678424679364126 
0.13038411357022106 0.13038411357022106 0.1594119178805977 0.44943574140873904 0.13038411357022106 
0.18364575867622646 0.22453136198566015 0.22453136198566015 0.18364575867622646 0.18364575867622646 
0.18364575867622646 0.22453136198566015 0.22453136198566015 0.18364575867622646 0.18364575867622646 
0.07207064031827926 0.20770001075329853 0.40308156217225566 0.25844326530901135 0.05870452144715507 
0.17480934314738605 0.26184430166078543 0.17480934314738605 0.17480934314738605 0.2137276688970563 
0.13315529845707294 0.16280005992887628 0.19945133085666558 0.3714380123003122 0.13315529845707294 
0.2175543059724416 0.05019036320713648 0.5292620900058628 0.061489748481764625 0.14150349233279483 
0.1524518403685391 0.22835533249813364 0.28034833821188815 0.1863926485529 0.1524518403685391 
0.17643222088223307 0.21571185274517785 0.21571185274517785 0.17643222088223307 0.21571185274517785 
0.06779603424066377 0.1533838482417966 0.1533838482417966 0.5576402350350788 0.06779603424066377 
0.16678424679364126 0.16678424679364126 0.2498236298095381 0.2498236298095381 0.16678424679364126 
0.13038411357022106 0.13038411357022106 0.1594119178805977 0.44943574140873904 0.13038411357022106 
0.18364575867622646 0.22453136198566015 0.22453136198566015 0.18364575867622646 0.18364575867622646 
0.18364575867622646 0.22453136198566015 0.22453136198566015 0.18364575867622646 0.18364575867622646 
0.07207064031827926 0.20770001075329853 0.40308156217225566 0.25844326530901135 0.05870452144715507 
0.19147430099047413 0.19147430099047413 0.23410279603810327 0.19147430099047413 0.19147430099047413 
0.17126424110108873 0.17126424110108873 0.17126424110108873 0.3149430355956448 0.17126424110108873 
0.17643222088223307 0.17643222088223307 0.21571185274517785 0.21571185274517785 0.21571185274517785 
0.3061823734055184 0.13071098016762644 0.3061823734055184 0.057774571368853916 0.199149701652483 
0.16218537651713266 0.19829319090211614 0.19829319090211614 0.24293505077651895 0.19829319090211614 
0.1490824656421867 0.33728878896368514 0.1490824656421867 0.18227313987597063 0.18227313987597063 
0.2 0.2 0.2 0.2 0.2 
0.13038411357022106 0.13038411357022106 0.1594119178805977 0.44943574140873904 0.13038411357022106 
0.19147430099047413 0.19147430099047413 0.23410279603810327 0.19147430099047413 0.19147430099047413 
0.19147430099047413 0.19147430099047413 0.23410279603810327 0.19147430099047413 0.19147430099047413 
0.17480934314738608 0.17480934314738608 0.26184430166078543 0.21372766889705624 0.17480934314738608 
0.16525687322312066 0.20246124793788436 0.1351647430948161 0.24855856787208955 0.24855856787208955 
0.2 0.2 0.2 0.2 0.2 
0.1484262527288394 0.22324406902635005 0.22324406902635005 0.18184154019211066 0.22324406902635005 
1.5643496378788817E-7 0.9999993603758882 4.3074445961062317E-7 5.231298993994225E-9 4.721338935485962E-8 
1.6717555179553731E-7 0.001048971372883876 3.9159837343804305E-7 0.9989503339709374 1.3588225353920997E-7 
4.7275111576405566E-6 8.920685986900235E-6 4.7275111576405566E-6 0.9999777817150601 3.8425766377467876E-6 
3.006244727257466E-4 2.080584661441624E-5 1.3774902684755771E-5 1.1243620049867088E-5 0.9996535511579253 
0.9999981988111859 3.119035778515919E-15 1.7995544596856789E-6 2.7351063013395915E-16 1.634351030293498E-9 
1.293282872668699E-5 1.6685656477021744E-5 0.9999656377823094 9.536415460417956E-7 3.7900909406325804E-6 
0.29573334458895506 0.1857350028801625 0.37470810581109104 0.025933082905716207 0.11789046381407528 
0.27101884631530565 0.21449095438868576 0.27101884631530565 0.10803833277196238 0.13543302020874054 
0.004054928429602448 0.07208288451189476 0.009413668647360793 0.9094597514452293 0.004988766965912801 
0.2638248874670193 0.14166623548443655 0.3260099050922744 0.09457750813794437 0.17392146381832538 
0.0570368174445969 0.0570368174445969 0.7955888497769582 0.07312332354213895 0.017214191791709233 
0.17643222088223307 0.21571185274517785 0.21571185274517785 0.21571185274517785 0.17643222088223307 
0.14728603785505995 0.14728603785505995 0.4108558485797606 0.14728603785505995 0.14728603785505995 
0.17480934314738605 0.26184430166078543 0.17480934314738605 0.17480934314738605 0.2137276688970563 
0.2 0.2 0.2 0.2 0.2 
0.2 0.2 0.2 0.2 0.2 
0.18364575867622646 0.22453136198566015 0.22453136198566015 0.18364575867622646 0.18364575867622646 
0.19147430099047413 0.19147430099047413 0.23410279603810327 0.19147430099047413 0.19147430099047413 
0.035545131631987095 0.7257902036069813 0.04345865036480581 0.15174736403141958 0.04345865036480581 
0.0972640686142027 0.27131907429089297 0.118918258475635 0.4152345300050666 0.0972640686142027 
0.1340948351878152 0.16394876852584983 0.16394876852584983 0.37405885923463505 0.16394876852584983 
0.07667908714977488 0.2643138143140727 0.07667908714977488 0.5056489242366028 0.07667908714977488 
0.13653751453534568 0.30890670292688366 0.16693526886622678 0.25108299913619786 0.13653751453534568 
0.2 0.2 0.2 0.2 0.2 
0.06728732582360274 0.3565962088969767 0.15223293055884118 0.3565962088969767 0.06728732582360274 
0.13250952262023352 0.2997936492277017 0.16201051309028822 0.24367580197148817 0.16201051309028822 
0.1682609102320395 0.1682609102320395 0.20572133881923121 0.2520355018974585 0.20572133881923121 
0.2 0.2 0.2 0.2 0.2 
0.16497393840375685 0.30337560614524467 0.16497393840375685 0.16497393840375685 0.20170257864348454 
0.08959429276516549 0.30883269665531143 0.10954093754036003 0.3824911354988024 0.10954093754036003 
0.16967858868922567 0.20787842674463333 0.13878129485062451 0.3139831010262909 0.16967858868922567 
0.14819195219623252 0.07853421906218919 0.22890524495747902 0.44753823760178263 0.09683034618231644 
0.1565381296503144 0.36668087105864117 0.1930068378571302 0.1565381296503144 0.12723603178359946 
0.17126424110108873 0.17126424110108873 0.3149430355956448 0.17126424110108873 0.17126424110108873 
0.15420048366210765 0.15420048366210765 0.3488679514922727 0.15420048366210765 0.18853059752140414 
0.14952560510081414 0.18518835311336276 0.4461413814262133 0.12100422509553714 0.09814043526407255 
0.1682609102320395 0.20572133881923121 0.20572133881923121 0.2520355018974585 0.1682609102320395 
0.34073859481888424 0.14413752773606167 0.2738373148293389 0.06317500464777062 0.17811155796794476 
0.15525452573442944 0.232553433006913 0.18981930412587233 0.232553433006913 0.18981930412587233 
0.1795612386340288 0.4708588409762508 0.1795612386340288 0.11277323908540587 0.057245442670285536 
