0.14623181344270572 0.14623181344270572 0.2218219124806782 0.3394826471912045 0.14623181344270572 
0.14792207871305224 0.33466349362549 0.14792207871305224 0.14792207871305224 0.22157027023535322 
0.3607438470034735 0.15811284242942708 0.19370887739142592 0.12932159074624627 0.15811284242942708 
0.040886220747497 0.7268184332808593 0.02718364953775688 0.18287800088774403 0.022233695546143115 
0.14260975970711393 0.3978113247766285 0.14260975970711393 0.1743593961020298 0.14260975970711393 
0.12085214613704867 0.14775782009145993 0.12085214613704867 0.27341963951723597 0.3371182481172066 
0.18364575867622646 0.18364575867622646 0.22453136198566015 0.18364575867622646 0.22453136198566015 
0.18364575867622646 0.18364575867622646 0.22453136198566015 0.18364575867622646 0.22453136198566015 
0.024434600120294834 0.6775867460647728 0.056230206435182055 0.13417653152155531 0.10757191585819481 
0.1578079704226164 0.236378199630766 0.2901978891013846 0.1578079704226164 0.1578079704226164 
0.1278465103927193 0.2892439059003008 0.15630936053470196 0.2351008465896107 0.1914993765826672 
0.10206696355883603 0.5409145305331741 0.10206696355883603 0.15288457879031797 0.10206696355883603 
0.21586713904286245 0.17619929143570645 0.21586713904286245 0.17619929143570645 0.21586713904286245 
0.3607438470034735 0.15811284242942708 0.19370887739142592 0.12932159074624627 0.15811284242942708 
0.040886220747497 0.7268184332808593 0.02718364953775688 0.18287800088774403 0.022233695546143115 
0.14260975970711393 0.3978113247766285 0.14260975970711393 0.1743593961020298 0.14260975970711393 
0.12085214613704867 0.14775782009145993 0.12085214613704867 0.27341963951723597 0.3371182481172066 
0.18364575867622646 0.18364575867622646 0.22453136198566015 0.18364575867622646 0.22453136198566015 
0.18364575867622646 0.18364575867622646 0.22453136198566015 0.18364575867622646 0.22453136198566015 
0.024434600120294834 0.6775867460647728 0.056230206435182055 0.13417653152155531 0.10757191585819481 
0.16497393840375685 0.20170257864348456 0.16497393840375685 0.16497393840375685 0.30337560614524467 
0.18188812442370433 0.18188812442370433 0.18188812442370433 0.27244750230518255 0.18188812442370433 
0.17643222088223307 0.21571185274517785 0.17643222088223307 0.21571185274517785 0.21571185274517785 
0.10472986758135339 0.23694409703166264 0.36100522061466084 0.10472986758135339 0.19259094719096992 
0.16678424679364126 0.2498236298095381 0.16678424679364126 0.2498236298095381 0.16678424679364126 
0.1372232489402939 0.1372232489402939 0.382785600110427 0.1372232489402939 0.20554465306869155 
0.17126424110108873 0.3149430355956448 0.17126424110108873 0.17126424110108873 0.17126424110108873 
0.788253350623272 0.04719880014001053 0.03860422608077975 0.08733939707515782 0.03860422608077975 
0.13038411357022106 0.1594119178805977 0.13038411357022106 0.13038411357022106 0.44943574140873904 
0.17480934314738605 0.26184430166078543 0.17480934314738605 0.17480934314738605 0.2137276688970563 
0.15420048366210765 0.34886795149227273 0.15420048366210765 0.18853059752140414 0.15420048366210765 
0.258163374806 0.17164273380881 0.17164273380881 0.258163374806 0.14038778277038017 
0.9999988933337399 2.7666656501834576E-7 2.7666656501834576E-7 2.7666656501834576E-7 2.7666656501834576E-7 
0.999923608186901 3.739214009991133E-6 6.24475190752663E-5 4.581025406111278E-6 5.624054607615668E-6 
1.0077021596431433E-19 2.8720680919156243E-19 1.0 1.2371404809248075E-19 1.7357020998671738E-18 
4.2630576097637183E-11 1.448315725061587E-9 4.2630576097637183E-11 0.9999999981078111 3.5861211782432256E-10 
2.454650775404655E-4 3.001137002964779E-4 0.0010479263057507863 0.9979551016999634 4.5139321644898343E-4 
0.1913282702466081 0.15584480024788064 0.29022961432637334 0.12720668601701038 0.23539062916212736 
0.007525954394156078 0.15367122644598408 0.5091681210097989 0.017026952381464486 0.3126077457685963 
0.005773777170293153 0.2846707554996293 0.6174656949443686 0.02624729466371866 0.06584247772199021 
1.6343538834630933E-9 7.084242912584077E-9 4.369827264566596E-8 3.024303210371345E-9 0.9999999445588275 
2.1225347655116844E-6 2.2961025128300305E-5 1.4573913694493332E-5 2.2961025128300305E-5 0.9999373815012833 
0.0016193714611921388 0.01362229372439954 0.005654463462644015 0.9449317563752447 0.03417211497651963 
4.670560346814499E-8 0.9999997150322303 8.588835848635626E-8 4.670560346814499E-8 1.0566820426352627E-7 
1.4175176192970693E-7 0.9999587435598599 7.645475681770885E-7 3.6560075999811915E-5 3.790064810004626E-6 
0.09244719875534471 0.6096294092288855 0.09244719875534471 0.11302899450508054 0.09244719875534471 
0.13428202594165645 0.46287189623337455 0.13428202594165645 0.13428202594165645 0.13428202594165645 
0.25627028668709545 0.13935833216065807 0.25627028668709545 0.13935833216065807 0.20874276230449285 
0.2 0.2 0.2 0.2 0.2 
0.2 0.2 0.2 0.2 0.2 
0.19147430099047413 0.19147430099047413 0.23410279603810327 0.19147430099047413 0.19147430099047413 
0.17126424110108873 0.3149430355956448 0.17126424110108873 0.17126424110108873 0.17126424110108873 
0.03643222083140387 0.12558234076354988 0.5903378011856422 0.19307635830608288 0.05457127891332109 
0.05459260027630675 0.4490385136863385 0.05459260027630675 0.36000284597903537 0.08177343978201258 
0.029958843710969307 0.08357048865318399 0.029958843710969307 0.08357048865318399 0.7729413352716933 
0.5884475330322773 0.04316733697195111 0.02881885828191297 0.2963989347419075 0.04316733697195111 
0.06020872109160115 0.6192403813902452 0.11071965325632618 0.13621807591228796 0.07361316834953943 
0.23410279603810327 0.19147430099047413 0.19147430099047413 0.19147430099047413 0.19147430099047413 
0.19380227949622095 0.06874040094650004 0.37075593039348786 0.29796098821729133 0.06874040094650004 
0.07896775330511704 0.41849785392777133 0.1452162096429798 0.17865909156206575 0.17865909156206575 
0.14320597184207143 0.32399362733179565 0.14320597184207143 0.21450608426018808 0.17508834472387344 
0.17126424110108873 0.3149430355956448 0.17126424110108873 0.17126424110108873 0.17126424110108873 
0.14728603785505995 0.14728603785505995 0.4108558485797606 0.14728603785505995 0.14728603785505995 
0.07288269687442527 0.20330699845827074 0.10916990203520442 0.4806141888208924 0.1340262138112072 
0.13303548490794434 0.13303548490794434 0.24464301006137035 0.24464301006137035 0.24464301006137035 
0.08207521418165704 0.15284858859460587 0.10076248122824288 0.5635512347672512 0.10076248122824288 
0.017437689667568028 0.03945156933756977 0.17934480926577684 0.03945156933756977 0.7243143623915156 
0.18188812442370433 0.27244750230518255 0.18188812442370433 0.18188812442370433 0.18188812442370433 
0.033005488954387784 0.8515451046716723 0.033005488954387784 0.033005488954387784 0.049438428465164545 
0.02789019057796275 0.8028032454676456 0.05227921950349317 0.06474812494740523 0.05227921950349317 
0.24405038362776102 0.30090683290413955 0.1318864758251915 0.16157815382145396 0.16157815382145396 
0.08209222899013127 0.28297298489669875 0.28297298489669875 0.12296472250670769 0.22899707870976352 
0.13878129485062451 0.3139831010262909 0.16967858868922567 0.20787842674463333 0.16967858868922567 
0.026782994836700682 0.07897343977124557 0.39881308208912836 0.24771524165146253 0.24771524165146253 
