0.1731315644508959 0.21442447446365068 0.1731315644508959 0.1731315644508959 0.2661808321836614 
0.2 0.2 0.2 0.2 0.2 
0.20572133881923121 0.2520355018974585 0.16826091023203954 0.20572133881923121 0.16826091023203954 
0.10334201740661733 0.24429872185236354 0.24429872185236354 0.10334201740661733 0.30471852148203826 
0.18705061708597023 0.34834417555172564 0.12487648308830357 0.18705061708597023 0.1526781071880302 
0.3569125803439881 0.081071496301175 0.05412397721277818 0.3569125803439881 0.15097936579807084 
0.19147430099047413 0.23410279603810327 0.19147430099047413 0.19147430099047413 0.19147430099047413 
0.19147430099047413 0.23410279603810327 0.19147430099047413 0.19147430099047413 0.19147430099047413 
0.016810787702555542 0.8288403751451636 0.07642097804335417 0.016810787702555542 0.06111707140637103 
0.19147430099047413 0.23410279603810327 0.19147430099047413 0.19147430099047413 0.19147430099047413 
0.30356960427265467 0.16087649463583248 0.07110780218302548 0.30356960427265467 0.16087649463583248 
0.05590168120644977 0.7207280525146715 0.08373429253621449 0.05590168120644977 0.08373429253621449 
0.12243602005451319 0.4220385593119011 0.1833950839931366 0.12243602005451319 0.14969431658593582 
0.20572133881923121 0.2520355018974585 0.16826091023203954 0.20572133881923121 0.16826091023203954 
0.10334201740661733 0.24429872185236354 0.24429872185236354 0.10334201740661733 0.30471852148203826 
0.18705061708597023 0.34834417555172564 0.12487648308830357 0.18705061708597023 0.1526781071880302 
0.3569125803439881 0.081071496301175 0.05412397721277818 0.3569125803439881 0.15097936579807084 
0.19147430099047413 0.23410279603810327 0.19147430099047413 0.19147430099047413 0.19147430099047413 
0.19147430099047413 0.23410279603810327 0.19147430099047413 0.19147430099047413 0.19147430099047413 
0.016810787702555542 0.8288403751451636 0.07642097804335417 0.016810787702555542 0.06111707140637103 
0.17126424110108873 0.3149430355956448 0.17126424110108873 0.17126424110108873 0.17126424110108873 
0.28200203466412505 0.12464558568048832 0.12464558568048832 0.28200203466412505 0.18670475931077338 
0.19829319090211614 0.24293505077651895 0.1621853765171327 0.19829319090211614 0.19829319090211614 
0.15420048366210765 0.34886795149227273 0.18853059752140414 0.15420048366210765 0.15420048366210765 
0.18027400319000136 0.18027400319000136 0.271145442749465 0.14744735787752714 0.22085919299300535 
0.22478382974577063 0.18347744683615302 0.18347744683615302 0.22478382974577063 0.18347744683615302 
0.2 0.2 0.2 0.2 0.2 
0.34967810621986234 0.06483244434756687 0.05302690601326139 0.34967810621986234 0.18278443719944704 
0.18188812442370433 0.27244750230518255 0.18188812442370433 0.18188812442370433 0.18188812442370433 
0.17126424110108873 0.3149430355956448 0.17126424110108873 0.17126424110108873 0.17126424110108873 
0.18168360351104154 0.27326558595583417 0.18168360351104154 0.18168360351104154 0.18168360351104154 
0.1800393555734274 0.14695523840838146 0.271934495825114 0.1800393555734274 0.22103155461965002 
0.2 0.2 0.2 0.2 0.2 
0.14128682655333405 0.40268385104538135 0.17345566929461648 0.14128682655333405 0.14128682655333405 
0.012130403765172498 0.8960019606830822 0.07330873298830225 0.012130403765172498 0.006428498798270634 
1.538601060051039E-17 1.3557376603674466E-16 0.9999999978772991 1.538601060051039E-17 2.122700783983147E-9 
0.247602893015374 1.052823355747443E-9 1.5970484450548416E-9 0.7523662560994605 3.084823529347441E-5 
0.6511397100648351 1.7620290536424053E-4 9.461579809256198E-5 0.3485122420774396 7.72291542680011E-5 
0.009358534325311817 0.9480429641354227 0.021726188931052177 0.009358534325311817 0.011513778282901522 
2.2624309808051252E-20 1.0 3.2689951689429004E-19 2.2624309808051252E-20 8.22526333997028E-20 
0.004610803647424861 0.9706728312372055 0.013141325447339244 0.004610803647424861 0.006964236020605561 
0.028503510369049703 0.2572491716835909 0.5233125648874369 0.028503510369049703 0.16243124269087286 
0.0225378370341868 0.00898443178607178 0.4729699470727773 0.0225378370341868 0.4729699470727773 
0.13428202594165645 0.46287189623337455 0.13428202594165645 0.13428202594165645 0.13428202594165645 
2.8506287622099245E-4 0.6302264661129585 0.34689424422847065 2.8506287622099245E-4 0.02230916390612896 
0.16826091023203954 0.2520355018974585 0.20572133881923121 0.16826091023203954 0.20572133881923121 
0.07000401417035593 0.7199839433185762 0.07000401417035593 0.07000401417035593 0.07000401417035593 
0.22453136198566015 0.18364575867622646 0.18364575867622646 0.22453136198566015 0.18364575867622646 
0.2 0.2 0.2 0.2 0.2 
0.2 0.2 0.2 0.2 0.2 
0.18188812442370433 0.27244750230518255 0.18188812442370433 0.18188812442370433 0.18188812442370433 
0.19147430099047413 0.23410279603810327 0.19147430099047413 0.19147430099047413 0.19147430099047413 
0.0579307527200458 0.07097273632816467 0.6108852237966007 0.0579307527200458 0.20228053443514302 
0.05148421256478344 0.09467588847594673 0.5295097262685455 0.05148421256478344 0.2728459601259404 
0.24084815376720828 0.19490738186708811 0.12848892873140697 0.24084815376720828 0.19490738186708811 
0.03160146850620717 0.03160146850620717 0.6452651940880579 0.03160146850620717 0.2599304003933205 
0.14737017680306927 0.14737017680306927 0.3362338169162336 0.14737017680306927 0.2216556526745585 
0.2 0.2 0.2 0.2 0.2 
0.15839319375787192 0.24352134898345562 0.1961709145173448 0.15839319375787192 0.24352134898345562 
0.14263780634946516 0.17474993755717916 0.32543663247094895 0.14263780634946516 0.21453781727294155 
0.27438771554350416 0.1482809749152202 0.12128003809683939 0.27438771554350416 0.1816635559009322 
0.2 0.2 0.2 0.2 0.2 
0.2075590111955787 0.2075590111955787 0.2075590111955787 0.2075590111955787 0.16976395521768498 
0.07335669570016183 0.09005888985063921 0.5036874634134162 0.07335669570016183 0.2595402553356208 
0.3335081992407907 0.07812058494740223 0.07812058494740223 0.3335081992407907 0.17674243162361394 
0.2824935184007903 0.1161195606069505 0.0935412048787776 0.2824935184007903 0.22535219771269133 
0.195967254321017 0.3748976631818339 0.1045456325086885 0.195967254321017 0.12862219566744354 
0.13428202594165645 0.46287189623337455 0.13428202594165645 0.13428202594165645 0.13428202594165645 
0.12546426339036157 0.5438352903242709 0.10261809144750293 0.12546426339036157 0.10261809144750293 
0.03080695630229866 0.6290421799151668 0.20315192697631249 0.03080695630229866 0.10619198050392332 
0.239642807079795 0.19519899151366593 0.13031640281307824 0.239642807079795 0.19519899151366593 
0.12737112013147503 0.35530299007479227 0.23422663694137164 0.12737112013147503 0.155728132720886 
0.16794486262638186 0.20575438593822215 0.2526015028707924 0.16794486262638186 0.20575438593822215 
0.01794778068812799 0.10037956434613228 0.6603057236137355 0.022081103763688187 0.1992858275883162 
