0.08023370249670922 0.2801571783328241 0.347779660215509 0.06562370190117077 0.22620575705378665 
0.20170257864348456 0.16497393840375685 0.30337560614524467 0.16497393840375685 0.16497393840375685 
0.232553433006913 0.15525452573442944 0.18981930412587233 0.232553433006913 0.18981930412587233 
0.05399154647936551 0.5552973925964235 0.1506099489670754 0.05399154647936551 0.18610956547777002 
0.17126424110108873 0.17126424110108873 0.3149430355956448 0.17126424110108873 0.17126424110108873 
0.19147430099047413 0.19147430099047413 0.23410279603810327 0.19147430099047413 0.19147430099047413 
0.18364575867622646 0.18364575867622646 0.22453136198566015 0.18364575867622646 0.22453136198566015 
0.18364575867622646 0.18364575867622646 0.22453136198566015 0.18364575867622646 0.22453136198566015 
0.02850385354177064 0.2931591440290519 0.4618686931833157 0.02850385354177064 0.1879644557040915 
0.2075590111955787 0.16976395521768495 0.2075590111955787 0.2075590111955787 0.2075590111955787 
0.16497393840375685 0.16497393840375685 0.30337560614524467 0.16497393840375685 0.20170257864348454 
0.06625936872245414 0.09965899436767119 0.6987112611197205 0.054193997358908105 0.08117637843124616 
0.1463121882554405 0.21915883938712738 0.2690579447148641 0.1463121882554405 0.21915883938712738 
0.232553433006913 0.15525452573442944 0.18981930412587233 0.232553433006913 0.18981930412587233 
0.05399154647936551 0.5552973925964235 0.1506099489670754 0.05399154647936551 0.18610956547777002 
0.17126424110108873 0.17126424110108873 0.3149430355956448 0.17126424110108873 0.17126424110108873 
0.19147430099047413 0.19147430099047413 0.23410279603810327 0.19147430099047413 0.19147430099047413 
0.18364575867622646 0.18364575867622646 0.22453136198566015 0.18364575867622646 0.22453136198566015 
0.18364575867622646 0.18364575867622646 0.22453136198566015 0.18364575867622646 0.22453136198566015 
0.02850385354177064 0.2931591440290519 0.4618686931833157 0.02850385354177064 0.1879644557040915 
0.19147430099047413 0.19147430099047413 0.23410279603810327 0.19147430099047413 0.19147430099047413 
0.2 0.2 0.2 0.2 0.2 
0.21571185274517785 0.17643222088223307 0.21571185274517785 0.21571185274517785 0.17643222088223307 
0.1310332252229549 0.10717298396559521 0.4575371384340408 0.10717298396559521 0.19708366841181377 
0.16459310709548805 0.3045726309525541 0.16459310709548805 0.16459310709548805 0.20164804776098197 
0.21915883938712738 0.14631218825544054 0.14631218825544054 0.21915883938712738 0.2690579447148641 
0.2 0.2 0.2 0.2 0.2 
0.19147430099047413 0.19147430099047413 0.23410279603810327 0.19147430099047413 0.19147430099047413 
0.19147430099047413 0.19147430099047413 0.23410279603810327 0.19147430099047413 0.19147430099047413 
0.18188812442370433 0.18188812442370433 0.27244750230518255 0.18188812442370433 0.18188812442370433 
0.1682609102320395 0.20572133881923121 0.2520355018974585 0.1682609102320395 0.20572133881923121 
0.2704579183151678 0.21886920841827623 0.09592965465869505 0.2704579183151678 0.14428530029269282 
0.2 0.2 0.2 0.2 0.2 
0.2290837016083058 0.15101900773336902 0.18579825762276828 0.28308002530218773 0.15101900773336902 
1.8955420847915165E-5 5.428608347863819E-6 0.0010742875842393623 1.2385692580017083E-5 0.9988889426939849 
0.0 0.1 0.0 0.0 0.0 
0.11993055323620352 0.2219264510849449 0.2219264510849449 0.09809203152176493 0.338124513072142 
1.6343539714024814E-9 1.3442991805511666E-28 2.0219254581822356E-28 0.999999998365646 2.0219254581822356E-28 
4.053888056884136E-8 8.917584312457112E-9 0.9999998908078486 8.917584312457112E-9 5.081810215368691E-8 
2.0888881096326543E-8 1.0169350366899674E-7 0.9999995219522408 1.3586720855017864E-8 3.41878653559833E-7 
0.04537046827285663 0.055940432104324145 0.655559629685871 0.036877649912500886 0.20625182002444745 
0.04644639275363825 0.4639076022178591 0.22611533811327086 0.03741532880196067 0.22611533811327086 
0.0015780047061665229 0.9453629660864464 0.002415023876310021 0.0015780047061665229 0.04906600062491051 
0.15491507344393937 0.12670611330818268 0.4367576264957556 0.12670611330818268 0.15491507344393937 
3.974998579679945E-4 0.786216132131975 0.1785863591208524 3.2239212347821405E-4 0.03447761676572612 
0.16826091023203954 0.2520355018974585 0.20572133881923121 0.16826091023203954 0.20572133881923121 
0.12093146915844531 0.12093146915844531 0.5162741233662188 0.12093146915844531 0.12093146915844531 
0.24087937523083602 0.1608129911354928 0.1608129911354928 0.24087937523083602 0.1966152672673423 
0.2 0.2 0.2 0.2 0.2 
0.22453136198566015 0.18364575867622646 0.18364575867622646 0.22453136198566015 0.18364575867622646 
0.18364575867622646 0.18364575867622646 0.22453136198566015 0.18364575867622646 0.22453136198566015 
0.19147430099047413 0.19147430099047413 0.23410279603810327 0.19147430099047413 0.19147430099047413 
0.03700501254113145 0.3902213298872396 0.03700501254113145 0.045335972252840334 0.49043267277765684 
0.05064597433911374 0.671218271658522 0.05064597433911374 0.05064597433911374 0.17684380532413643 
0.18147447054584712 0.27410211781661176 0.18147447054584712 0.18147447054584712 0.18147447054584712 
0.02364943732575609 0.773098963661111 0.02364943732575609 0.02364943732575609 0.15595272436162058 
0.14021278133384094 0.3199037937731285 0.14021278133384094 0.14021278133384094 0.25945786222534833 
0.2 0.2 0.2 0.2 0.2 
0.07230040270868764 0.30866099028819705 0.1635746710128149 0.07230040270868764 0.3831635332816125 
0.16157815382145393 0.3009068329041395 0.1318864758251915 0.16157815382145393 0.24405038362776102 
0.21571185274517785 0.17643222088223307 0.21571185274517785 0.21571185274517785 0.17643222088223307 
0.2 0.2 0.2 0.2 0.2 
0.22302275006234462 0.14889176582436528 0.1820399839886009 0.22302275006234462 0.22302275006234462 
0.06602673309530374 0.5683133793374213 0.06602673309530374 0.06602673309530374 0.23360642137666815 
0.25627028668709545 0.13935833216065807 0.13935833216065807 0.25627028668709545 0.20874276230449285 
0.08996966624610482 0.2564239891648572 0.39608625963055377 0.08996966624610482 0.16755041871237952 
0.1395955451039729 0.1395955451039729 0.2599686428598499 0.1395955451039729 0.3212447218282312 
0.15968239858692226 0.15968239858692226 0.3612704056523108 0.15968239858692226 0.15968239858692226 
0.20637139054013018 0.1377751854667747 0.3117068479861904 0.20637139054013018 0.1377751854667747 
0.0469658263981562 0.31596259471362986 0.3950806208069459 0.03841367524103907 0.20357728284022883 
0.18364575867622646 0.18364575867622646 0.22453136198566015 0.18364575867622646 0.22453136198566015 
0.12424713825980262 0.12424713825980262 0.4395936005688735 0.12424713825980262 0.18766498465171902 
0.19825833287944997 0.24339871353723436 0.16182628782441605 0.19825833287944997 0.19825833287944997 
0.008437339949831877 0.48857059118142554 0.11501594091985126 0.006886890368558432 0.38108923758033314 
