0.16070705230168442 0.3074426825720993 0.19903664211481578 0.2470787869047307 0.08573483610666982 
0.12419366026740852 0.28097958460855993 0.12419366026740852 0.34643943458921456 0.12419366026740852 
0.14572217824025804 0.14572217824025804 0.178528695861963 0.11918718054448735 0.4108397671130334 
0.2276348945563968 0.1494071040073282 0.4354798475057464 0.06603830361011297 0.12143985032041552 
0.12586693838450025 0.18853420526661 0.4338649795798895 0.12586693838450025 0.12586693838450025 
0.17480934314738605 0.2137276688970563 0.26184430166078543 0.17480934314738605 0.17480934314738605 
0.21571185274517785 0.21571185274517785 0.21571185274517785 0.1764322208822331 0.1764322208822331 
0.21571185274517785 0.21571185274517785 0.21571185274517785 0.1764322208822331 0.1764322208822331 
0.0500470213472829 0.07805593820605389 0.8465726919683093 0.013956335330342635 0.011368013148011216 
0.22453136198566015 0.18364575867622646 0.22453136198566015 0.18364575867622646 0.18364575867622646 
0.16280005992887628 0.19945133085666558 0.3714380123003122 0.13315529845707297 0.13315529845707297 
0.033388172693467624 0.35208141428051515 0.44249818196977275 0.14472381297656273 0.027308418079681606 
0.16138022639784086 0.16138022639784086 0.3713767935727333 0.1077387256268405 0.19812402800474452 
0.14572217824025804 0.14572217824025804 0.178528695861963 0.11918718054448735 0.4108397671130334 
0.2276348945563968 0.1494071040073282 0.4354798475057464 0.06603830361011297 0.12143985032041552 
0.12586693838450025 0.18853420526661 0.4338649795798895 0.12586693838450025 0.12586693838450025 
0.17480934314738605 0.2137276688970563 0.26184430166078543 0.17480934314738605 0.17480934314738605 
0.21571185274517785 0.21571185274517785 0.21571185274517785 0.1764322208822331 0.1764322208822331 
0.21571185274517785 0.21571185274517785 0.21571185274517785 0.1764322208822331 0.1764322208822331 
0.0500470213472829 0.07805593820605389 0.8465726919683093 0.013956335330342635 0.011368013148011216 
0.16497393840375685 0.20170257864348456 0.30337560614524467 0.16497393840375685 0.16497393840375685 
0.2 0.2 0.2 0.2 0.2 
0.17480934314738605 0.2137276688970563 0.26184430166078543 0.17480934314738605 0.17480934314738605 
0.12988429392848252 0.30424591210411805 0.12988429392848252 0.37857632599981916 0.05740917403909775 
0.2520355018974585 0.20572133881923121 0.20572133881923121 0.16826091023203954 0.16826091023203954 
0.30337560614524467 0.16497393840375685 0.20170257864348454 0.16497393840375685 0.16497393840375685 
0.2 0.2 0.2 0.2 0.2 
0.0789233011222749 0.09649423118249668 0.09649423118249668 0.0789233011222749 0.6491649353904567 
0.17480934314738605 0.2137276688970563 0.26184430166078543 0.17480934314738605 0.17480934314738605 
0.16497393840375685 0.20170257864348456 0.30337560614524467 0.16497393840375685 0.16497393840375685 
0.18227313987597063 0.18227313987597063 0.3372887889636852 0.1490824656421867 0.1490824656421867 
0.20787842674463333 0.13878129485062451 0.16967858868922567 0.16967858868922567 0.31398310102629096 
5.0875455606701905E-5 5.0875455606701905E-5 5.0875455606701905E-5 5.0875455606701905E-5 0.9997964981775732 
1.2185894835922214E-8 1.2185894835922214E-8 3.511846817625222E-8 8.101925012082463E-9 0.9999999324078171 
0.9995749508971924 1.1855570608277339E-4 2.624838395799555E-4 4.305628818690159E-5 9.532689579937027E-7 
0.999981231800792 3.3740918641259163E-6 1.300003210054694E-5 1.4404188256500194E-6 9.53656417656712E-7 
0.30682919394909824 0.2013859139749777 0.2013859139749777 0.2013859139749777 0.08901306412596914 
0.044766025581036505 0.036463781884276104 0.06790646422801253 0.7957882137837764 0.055075514522898404 
1.958897150061274E-15 6.83025202599689E-6 2.9249930678356306E-14 0.9999931697479425 1.208917562346602E-16 
4.078337680256759E-23 1.3215020736869799E-18 1.0 4.078337680256759E-23 1.0198889862951092E-24 
0.07001141244836502 0.1775156149215275 0.6057319151580731 0.14010181713009115 0.00663924034194316 
0.25977522345238335 0.25977522345238335 0.20559247580890133 0.25977522345238335 0.015081853833948798 
0.7746907648446587 0.03947041423969415 0.147630235759603 0.02105688236724053 0.01715170278880365 
0.12296472250670769 0.28297298489669875 0.28297298489669875 0.22899707870976352 0.08209222899013127 
0.021936828120371062 0.08401143583904644 0.8859084747616426 0.00796687417809969 1.7638710084011408E-4 
0.20572133881923121 0.20572133881923121 0.2520355018974585 0.16826091023203954 0.16826091023203954 
0.053526630494421135 0.14931306126275282 0.6901070472539835 0.053526630494421135 0.053526630494421135 
0.2498236298095381 0.16678424679364126 0.16678424679364126 0.16678424679364126 0.2498236298095381 
0.2 0.2 0.2 0.2 0.2 
0.2 0.2 0.2 0.2 0.2 
0.20572133881923121 0.20572133881923121 0.2520355018974585 0.16826091023203954 0.16826091023203954 
0.19147430099047413 0.19147430099047413 0.23410279603810327 0.19147430099047413 0.19147430099047413 
0.7743996128147913 0.05843139940444078 0.0715860938879542 0.0477914469464069 0.0477914469464069 
0.4051221776289261 0.14369418664693578 0.21612669142229762 0.11752847215092019 0.11752847215092019 
0.21450608426018808 0.17508834472387344 0.32399362733179565 0.14320597184207143 0.14320597184207143 
0.32070480033234616 0.060514856453200386 0.060514856453200386 0.060514856453200386 0.4977506303080527 
0.3372887889636852 0.18227313987597063 0.18227313987597063 0.1490824656421867 0.1490824656421867 
0.19147430099047413 0.19147430099047413 0.19147430099047413 0.19147430099047413 0.23410279603810327 
0.2828304457782019 0.09814044426290736 0.2828304457782019 0.05336821840248685 0.2828304457782019 
0.32399362733179565 0.17508834472387344 0.21450608426018808 0.14320597184207143 0.14320597184207143 
0.18364575867622646 0.22453136198566015 0.22453136198566015 0.18364575867622646 0.18364575867622646 
0.2 0.2 0.2 0.2 0.2 
0.30337560614524467 0.16497393840375685 0.20170257864348454 0.16497393840375685 0.16497393840375685 
0.4575371384340408 0.1310332252229549 0.19708366841181377 0.10717298396559521 0.10717298396559521 
0.26184430166078543 0.17480934314738608 0.17480934314738608 0.21372766889705624 0.17480934314738608 
0.12828136443639987 0.3032549020789967 0.3032549020789967 0.19632549686885425 0.06888333453675272 
0.2733007198972003 0.1785778709796564 0.339268235310343 0.14483552101290423 0.06401765279989584 
0.10979266340267105 0.20190107681473402 0.46872093297725276 0.10979266340267105 0.10979266340267105 
0.09863358059911856 0.18138029915549356 0.5227189590471505 0.09863358059911856 0.09863358059911856 
0.1336490227348113 0.20743027618348395 0.5149360644954969 0.08692911583297529 0.057055520753232634 
0.18027400319000136 0.18027400319000136 0.22085919299300535 0.14744735787752716 0.271145442749465 
0.15100489201873848 0.2868841640757522 0.15100489201873848 0.3569729238832313 0.05413312800353983 
0.24087937523083602 0.19661526726734233 0.24087937523083602 0.16081299113549283 0.16081299113549283 
0.5087333199752745 0.19400460842949202 0.0773375531988457 0.19400460842949202 0.025919909966895457 
