0.2525102732347035 0.16499315117686433 0.2525102732347035 0.16499315117686433 0.16499315117686433 
0.18188812442370433 0.18188812442370433 0.18188812442370433 0.27244750230518255 0.18188812442370433 
0.18027400319000136 0.271145442749465 0.14744735787752714 0.22085919299300535 0.18027400319000136 
0.20696285812782353 0.07340837210853142 0.4938548196402182 0.0899348410526656 0.13583910907076135 
0.271145442749465 0.14744735787752714 0.18027400319000134 0.18027400319000134 0.22085919299300535 
0.46745682968772256 0.056831837518946896 0.12857810989894328 0.10450979907785204 0.24262342381653496 
0.19147430099047413 0.23410279603810327 0.19147430099047413 0.19147430099047413 0.19147430099047413 
0.19147430099047413 0.23410279603810327 0.19147430099047413 0.19147430099047413 0.19147430099047413 
0.056451618648845396 0.06975758433827058 0.1664555637835126 0.6615501672848978 0.045785065944473846 
0.17480934314738605 0.26184430166078543 0.17480934314738605 0.17480934314738605 0.2137276688970563 
0.40669788103062066 0.09382629441995675 0.1411216908254238 0.09382629441995675 0.2645278393040419 
0.1578079704226164 0.1578079704226164 0.236378199630766 0.2901978891013846 0.1578079704226164 
0.15245184036853912 0.22835533249813364 0.1863926485529 0.28034833821188815 0.15245184036853912 
0.18027400319000136 0.271145442749465 0.14744735787752714 0.22085919299300535 0.18027400319000136 
0.20696285812782353 0.07340837210853142 0.4938548196402182 0.0899348410526656 0.13583910907076135 
0.271145442749465 0.14744735787752714 0.18027400319000134 0.18027400319000134 0.22085919299300535 
0.46745682968772256 0.056831837518946896 0.12857810989894328 0.10450979907785204 0.24262342381653496 
0.19147430099047413 0.23410279603810327 0.19147430099047413 0.19147430099047413 0.19147430099047413 
0.19147430099047413 0.23410279603810327 0.19147430099047413 0.19147430099047413 0.19147430099047413 
0.056451618648845396 0.06975758433827058 0.1664555637835126 0.6615501672848978 0.045785065944473846 
0.17126424110108873 0.17126424110108873 0.17126424110108873 0.3149430355956448 0.17126424110108873 
0.3432682908068691 0.12305684986350422 0.18432501568247656 0.12305684986350422 0.2262929937836458 
0.20572133881923121 0.1682609102320395 0.1682609102320395 0.2520355018974585 0.20572133881923121 
0.13038411357022106 0.44943574140873904 0.13038411357022106 0.1594119178805977 0.13038411357022106 
0.16497393840375685 0.16497393840375685 0.30337560614524467 0.16497393840375685 0.20170257864348454 
0.1526781071880302 0.34834417555172564 0.12487648308830357 0.18705061708597026 0.18705061708597026 
0.2 0.2 0.2 0.2 0.2 
0.4624234102613831 0.0562198912239414 0.12719362364253398 0.0562198912239414 0.2979431836482001 
0.09438991265851776 0.09438991265851776 0.09438991265851776 0.6224403493659294 0.09438991265851776 
0.18188812442370433 0.18188812442370433 0.18188812442370433 0.27244750230518255 0.18188812442370433 
0.2075590111955787 0.16976395521768495 0.2075590111955787 0.2075590111955787 0.2075590111955787 
0.1914993765826672 0.15630936053470196 0.2892439059003008 0.1278465103927193 0.2351008465896107 
0.2 0.2 0.2 0.2 0.2 
0.006014430159874227 0.9715030187399947 0.006014430159874227 0.00908429730817229 0.007383823632084372 
4.4765242574952984E-14 0.9999999999989901 1.928258382305795E-14 9.094947017720322E-13 3.6144551592870085E-14 
9.590706979004893E-12 6.349708222027443E-12 0.9999999999581668 1.8097405272920662E-11 7.795439365053176E-12 
0.9999682757709517 3.0240556360304334E-11 1.4661048627933522E-8 1.613288966596291E-11 3.170952162606209E-5 
0.002177273979735102 8.513162146038102E-6 3.731290987091254E-6 5.612137794796919E-6 0.9978048694293369 
0.015972291762710356 0.3607780214977126 0.01965066533209884 0.5876267296447677 0.015972291762710356 
7.045456182126071E-4 0.05801219198834354 0.0032028282179651997 0.9372117504739353 8.686837015433774E-4 
1.9095392439490692E-15 3.289058422455797E-14 2.884200456659496E-15 0.9999999999999603 1.9095392439490692E-15 
0.04533950902423758 0.16483570309694018 0.40919700731635456 0.32472552028689666 0.05590226027557075 
0.0421651707490927 0.004446133642047319 0.9202157368316699 0.006835700679962314 0.026337258097227787 
0.12068631583462498 0.22193374646944838 0.12068631583462498 0.41600730602667685 0.12068631583462498 
0.004100024949904649 0.014702572798330182 0.9195742259315529 0.05752315137030754 0.004100024949904649 
0.19147430099047413 0.19147430099047413 0.23410279603810327 0.19147430099047413 0.19147430099047413 
0.17126424110108873 0.17126424110108873 0.17126424110108873 0.3149430355956448 0.17126424110108873 
0.18027400319000136 0.271145442749465 0.14744735787752714 0.22085919299300535 0.18027400319000136 
0.2 0.2 0.2 0.2 0.2 
0.19147430099047413 0.19147430099047413 0.19147430099047413 0.19147430099047413 0.23410279603810327 
0.19147430099047413 0.23410279603810327 0.19147430099047413 0.19147430099047413 0.19147430099047413 
0.2 0.2 0.2 0.2 0.2 
0.042465197352520974 0.5474944281998155 0.28003047710852075 0.07809054637083879 0.05191935096830359 
0.08837927077305253 0.08837927077305253 0.5828040584771187 0.13238198840063212 0.10805541157614426 
0.11322147977323284 0.032846257912354404 0.09162495891518366 0.6706823444840455 0.09162495891518366 
0.05919688922596457 0.05919688922596457 0.7632124430961414 0.05919688922596457 0.05919688922596457 
0.16967858868922567 0.20787842674463333 0.3139831010262909 0.13878129485062451 0.16967858868922567 
0.2 0.2 0.2 0.2 0.2 
0.17561386777225882 0.3359603566333303 0.2699972452444931 0.07631226891439345 0.14211626143552455 
0.13879269785081963 0.2087544895172132 0.2568300573905737 0.2568300573905737 0.13879269785081963 
0.2997936492277017 0.13250952262023352 0.16201051309028822 0.16201051309028822 0.24367580197148817 
0.2 0.2 0.2 0.2 0.2 
0.18227313987597063 0.33728878896368514 0.1490824656421867 0.1490824656421867 0.18227313987597063 
0.1216740138523167 0.1216740138523167 0.535662818945789 0.09931513949726099 0.1216740138523167 
0.3226148341659431 0.13896601971832967 0.13896601971832967 0.13896601971832967 0.26048710667906766 
0.4408503995419044 0.05003127905108576 0.22378249022391095 0.06155334095918752 0.22378249022391095 
0.027310238686360313 0.05224620153978735 0.01456960851608251 0.8837730256859315 0.02210092557183837 
0.19147430099047413 0.19147430099047413 0.19147430099047413 0.23410279603810322 0.19147430099047413 
0.16497393840375685 0.16497393840375685 0.16497393840375685 0.3033756061452446 0.20170257864348454 
0.07996373432341061 0.27563603599680875 0.3413768734159545 0.2230596219404152 0.07996373432341061 
0.2892439059003008 0.15630936053470196 0.1914993765826672 0.1278465103927193 0.2351008465896107 
0.11918718054448732 0.41083976711303327 0.178528695861963 0.14572217824025804 0.14572217824025804 
0.1552545257344294 0.18981930412587236 0.232553433006913 0.232553433006913 0.18981930412587236 
0.022143525910133327 0.3199526519824588 0.3199526519824588 0.3199526519824588 0.01799851814249026 
