0.1251884175478841 0.1251884175478841 0.1251884175478841 0.19247072172158736 0.19247072172158736 0.23949330391317328 
0.10299250878793254 0.23301344267265323 0.10299250878793254 0.10299250878793254 0.10299250878793254 0.3550165221756169 
0.18336105464997435 0.18336105464997435 0.18336105464997435 0.1499722786833589 0.1499722786833589 0.1499722786833589 
0.13962839286006973 0.04050706820786181 0.11299486444463111 0.33318130313978783 0.33318130313978783 0.04050706820786181 
0.24326251943181965 0.13228478191313137 0.13228478191313137 0.16173573768886865 0.1981473971399174 0.13228478191313137 
0.39598565285697107 0.0600492098966127 0.0600492098966127 0.16750786054069536 0.2563588569124958 0.0600492098966127 
0.16070367680721379 0.16070367680721379 0.19648161596393082 0.16070367680721379 0.16070367680721379 0.16070367680721379 
0.16070367680721379 0.16070367680721379 0.19648161596393082 0.16070367680721379 0.16070367680721379 0.16070367680721379 
0.09675075333997453 0.0637810663276323 0.22871708887014214 0.2852832492521343 0.22871708887014214 0.09675075333997453 
0.16070367680721379 0.16070367680721379 0.19648161596393082 0.16070367680721379 0.16070367680721379 0.16070367680721379 
0.32339019929718044 0.07575055603689282 0.09261512839030996 0.17138040479107397 0.26111315544764974 0.07575055603689282 
0.06018503016681295 0.2074585845932909 0.07358420304346468 0.09015025690689518 0.07358420304346468 0.49503772224607184 
0.1440268254790958 0.1440268254790958 0.21573562865113693 0.17609194745578782 0.17609194745578782 0.1440268254790958 
0.18336105464997435 0.18336105464997435 0.18336105464997435 0.1499722786833589 0.1499722786833589 0.1499722786833589 
0.13962839286006973 0.04050706820786181 0.11299486444463111 0.33318130313978783 0.33318130313978783 0.04050706820786181 
0.24326251943181965 0.13228478191313137 0.13228478191313137 0.16173573768886865 0.1981473971399174 0.13228478191313137 
0.39598565285697107 0.0600492098966127 0.0600492098966127 0.16750786054069536 0.2563588569124958 0.0600492098966127 
0.16070367680721379 0.16070367680721379 0.19648161596393082 0.16070367680721379 0.16070367680721379 0.16070367680721379 
0.16070367680721379 0.16070367680721379 0.19648161596393082 0.16070367680721379 0.16070367680721379 0.16070367680721379 
0.09675075333997453 0.0637810663276323 0.22871708887014214 0.2852832492521343 0.22871708887014214 0.09675075333997453 
0.16666666666666666 0.16666666666666666 0.16666666666666666 0.16666666666666666 0.16666666666666666 0.16666666666666666 
0.2630964206201981 0.11628925825908792 0.11628925825908792 0.17418794139526492 0.213847863207273 0.11628925825908792 
0.18336105464997435 0.14997227868335888 0.14997227868335888 0.18336105464997435 0.18336105464997435 0.14997227868335888 
0.05905032652266286 0.20354724632037216 0.13359728815152566 0.05905032652266286 0.05905032652266286 0.48570448596011373 
0.1295959900256843 0.15844833203933845 0.1941198959697643 0.1941198959697643 0.1941198959697643 0.1295959900256843 
0.1871253559733377 0.15273911202209267 0.22973092859507457 0.15273911202209267 0.15273911202209267 0.12492637936530998 
0.16666666666666666 0.16666666666666666 0.16666666666666666 0.16666666666666666 0.16666666666666666 0.16666666666666666 
0.43424739058869505 0.052794345012457895 0.052794345012457895 0.1819827963940084 0.2253867779799228 0.052794345012457895 
0.16666666666666666 0.16666666666666666 0.16666666666666666 0.16666666666666666 0.16666666666666666 0.16666666666666666 
0.16666666666666666 0.16666666666666666 0.16666666666666666 0.16666666666666666 0.16666666666666666 0.16666666666666666 
0.17743666170407293 0.145126676591854 0.17743666170407293 0.17743666170407293 0.17743666170407293 0.145126676591854 
0.16962686381396302 0.16962686381396302 0.16962686381396302 0.20824829823813049 0.16962686381396302 0.11324424650601743 
0.16666666666666666 0.16666666666666666 0.16666666666666666 0.16666666666666666 0.16666666666666666 0.16666666666666666 
0.16962686381396302 0.16962686381396302 0.20824829823813049 0.16962686381396302 0.16962686381396302 0.11324424650601743 
1.1810728221805138E-6 7.137680973947433E-6 0.9999504688974334 6.259086972732445E-7 7.717267270143447E-7 3.981471334636744E-5 
7.198543677244336E-9 7.198543677244336E-9 0.002762331573539533 0.9931329637012309 0.00410467940852985 1.0919612415171612E-8 
0.9992892359671889 2.3294644680518137E-10 4.366502405583945E-10 6.825443948024346E-6 7.039375659052202E-4 3.533610444908381E-10 
0.22913629498008486 0.7703226379578709 1.8829442223499364E-4 1.2518959909650791E-4 1.2518959909650791E-4 1.0239344161604989E-4 
6.411954163101516E-31 2.608405330458998E-22 5.6498906449331325E-30 7.888609052210605E-31 9.726419318152634E-31 1.0 
0.0031793711238979395 0.058371928090047244 0.1567559594281636 0.011558878468085442 0.009266976034361368 0.7608668868554443 
0.020422290376282227 0.17578123759057473 0.17578123759057473 0.030846173712299457 0.030846173712299457 0.5663228870179695 
0.023068550242524945 0.165218969966433 0.2630670461681402 0.13145936182789858 0.0838677078885204 0.33331836390648295 
0.031324243953124 0.002167912043527506 0.05072117095412423 0.5188109293491053 0.3952136393087444 0.0017621043913741443 
0.09796882140184134 0.22164769669248105 0.14674603292151855 0.09796882140184134 0.09796882140184134 0.3376998061804767 
0.003315233364557069 0.04651256345689934 0.2594518286542308 0.2594518286542308 0.09542710355848177 0.3358414423116003 
0.14997227868335888 0.14997227868335888 0.18336105464997435 0.18336105464997435 0.18336105464997435 0.14997227868335888 
0.16070367680721379 0.16070367680721379 0.16070367680721379 0.16070367680721379 0.16070367680721379 0.1964816159639308 
0.17609194745578782 0.17609194745578782 0.21573562865113693 0.1440268254790958 0.1440268254790958 0.1440268254790958 
0.16666666666666666 0.16666666666666666 0.16666666666666666 0.16666666666666666 0.16666666666666666 0.16666666666666666 
0.16666666666666666 0.16666666666666666 0.16666666666666666 0.16666666666666666 0.16666666666666666 0.16666666666666666 
0.16070367680721379 0.16070367680721379 0.19648161596393082 0.16070367680721379 0.16070367680721379 0.16070367680721379 
0.16666666666666666 0.16666666666666666 0.16666666666666666 0.16666666666666666 0.16666666666666666 0.16666666666666666 
0.04467846273342469 0.04467846273342469 0.5921299950809434 0.15600666131739194 0.12596359350396732 0.03654282463084746 
0.0658170539752245 0.0658170539752245 0.2268722441769166 0.3488043497204936 0.2268722441769166 0.0658170539752245 
0.25716197980183364 0.09121367223195366 0.1117486586118877 0.2081094142302562 0.25716197980183364 0.07460429532223493 
0.04582012304185786 0.04582012304185786 0.24282852629266058 0.37688257828910543 0.24282852629266058 0.04582012304185786 
0.1275379433025578 0.10431416863404416 0.23600360685458222 0.23600360685458222 0.19182650572018914 0.10431416863404416 
0.16666666666666666 0.16666666666666666 0.16666666666666666 0.16666666666666666 0.16666666666666666 0.16666666666666666 
0.16148417052877798 0.046847565714335765 0.24827356601418357 0.24827356601418357 0.24827356601418357 0.046847565714335765 
0.130267480346138 0.130267480346138 0.2410545004996202 0.19593193144484333 0.19593193144484333 0.10654667591841697 
0.2564567990724068 0.13859098653439517 0.11335452937492602 0.1697920548745472 0.2084511007687987 0.11335452937492602 
0.16666666666666666 0.16666666666666666 0.16666666666666666 0.16666666666666666 0.16666666666666666 0.16666666666666666 
0.167847337792328 0.167847337792328 0.25245481830263156 0.13728350203757075 0.13728350203757075 0.13728350203757075 
0.08949927322961607 0.07305284443473253 0.2550833144819764 0.3166536333821781 0.2059605061971177 0.059750428274379014 
0.32734822108874784 0.0937486590204723 0.11485434843101298 0.17347795560827514 0.2138931372482099 0.07667767860328153 
0.2469300330769697 0.06601920428847778 0.05342631886334848 0.19698230936475564 0.31034325095967424 0.12629888344677404 
0.19933040090960463 0.13082958128436412 0.24687188956692652 0.13082958128436412 0.1613089656703762 0.13082958128436412 
0.16666666666666666 0.16666666666666666 0.16666666666666666 0.16666666666666666 0.16666666666666666 0.16666666666666666 
0.18969472947444427 0.18969472947444427 0.15515263526277778 0.15515263526277778 0.15515263526277778 0.15515263526277778 
0.04848428074287547 0.13524737712746537 0.25694750820282114 0.16712594859655142 0.13524737712746537 0.25694750820282114 
0.2564567990724068 0.11335452937492602 0.13859098653439517 0.1697920548745472 0.2084511007687987 0.11335452937492602 
0.0533926052838647 0.22794083855087902 0.1489391966221109 0.06527956033814368 0.06527956033814368 0.4391682388668579 
0.15953624509843317 0.15953624509843317 0.1954527315202401 0.1954527315202401 0.15953624509843317 0.1304858016642205 
0.013382861718518081 0.07626411033426257 0.4001964886194 0.12078267017886599 0.07626411033426257 0.31310975881469094 
