0.21558850115560335 0.33300957262302494 0.21558850115560335 0.061741996997417246 0.174071428068351 
0.2 0.2 0.2 0.2 0.2 
0.16678424679364126 0.16678424679364126 0.2498236298095381 0.2498236298095381 0.16678424679364126 
0.32519609744419053 0.16756716078029077 0.20850554621326944 0.03865819443820522 0.26007300112404397 
0.11481789148579519 0.25976755484817354 0.3957787706944414 0.11481789148579519 0.11481789148579519 
0.04717092780265906 0.7643448893158071 0.07065662753943751 0.07065662753943751 0.04717092780265906 
0.19147430099047413 0.19147430099047413 0.23410279603810327 0.19147430099047413 0.19147430099047413 
0.19147430099047413 0.19147430099047413 0.23410279603810327 0.19147430099047413 0.19147430099047413 
0.07518939740233879 0.02519994919056779 0.8154829988506386 0.008938257154115855 0.07518939740233879 
0.18364575867622646 0.18364575867622646 0.22453136198566015 0.22453136198566015 0.18364575867622646 
0.06136084392451028 0.6310898438854478 0.17116667653850431 0.0750217917270274 0.06136084392451028 
0.07139910675871185 0.03882643034541036 0.792790503000096 0.03882643034541036 0.05815752955037133 
0.17741602770900594 0.11844435441565516 0.4082792357506779 0.11844435441565516 0.17741602770900594 
0.16678424679364126 0.16678424679364126 0.2498236298095381 0.2498236298095381 0.16678424679364126 
0.32519609744419053 0.16756716078029077 0.20850554621326944 0.03865819443820522 0.26007300112404397 
0.11481789148579519 0.25976755484817354 0.3957787706944414 0.11481789148579519 0.11481789148579519 
0.04717092780265906 0.7643448893158071 0.07065662753943751 0.07065662753943751 0.04717092780265906 
0.19147430099047413 0.19147430099047413 0.23410279603810327 0.19147430099047413 0.19147430099047413 
0.19147430099047413 0.19147430099047413 0.23410279603810327 0.19147430099047413 0.19147430099047413 
0.07518939740233879 0.02519994919056779 0.8154829988506386 0.008938257154115855 0.07518939740233879 
0.18188812442370433 0.18188812442370433 0.27244750230518255 0.18188812442370433 0.18188812442370433 
0.13038411357022106 0.44943574140873904 0.13038411357022106 0.1594119178805977 0.13038411357022106 
0.1608129911354928 0.24087937523083602 0.24087937523083602 0.1966152672673423 0.1608129911354928 
0.14260975970711393 0.14260975970711393 0.39781132477662856 0.14260975970711393 0.1743593961020298 
0.2997936492277017 0.13250952262023352 0.16201051309028822 0.16201051309028822 0.24367580197148817 
0.16218537651713266 0.19829319090211614 0.19829319090211614 0.24293505077651895 0.19829319090211614 
0.2 0.2 0.2 0.2 0.2 
0.03977826994260521 0.8122259593714982 0.048634224890501634 0.05958327585278968 0.03977826994260521 
0.19147430099047413 0.19147430099047413 0.23410279603810327 0.19147430099047413 0.19147430099047413 
0.17126424110108873 0.17126424110108873 0.3149430355956448 0.17126424110108873 0.17126424110108873 
0.17641771690510538 0.17641771690510538 0.32645357471293396 0.1442932745717498 0.17641771690510538 
0.27717474619111454 0.0993632445566754 0.12148478022276604 0.27717474619111454 0.22480248283832915 
0.2 0.2 0.2 0.2 0.2 
0.1440380718928401 0.07832708866140264 0.4151025847544677 0.21849418279844904 0.1440380718928401 
0.005153602994238035 0.012071995744672763 0.939509608328544 0.006354238546933631 0.036910554385611784 
0.9999999999999998 2.3723308281287804E-34 2.1410701088882165E-33 1.5706463139489472E-34 2.7351112277913397E-16 
7.888609052210605E-31 1.0 7.888609052210605E-31 5.6498906449331325E-30 9.726419318152634E-31 
2.846725110983737E-18 3.4948807434434114E-18 5.301453303157273E-18 1.0 2.846725110983737E-18 
0.002924178022961716 0.002924178022961716 0.9892565630218654 0.001281657616119193 0.003613423316091949 
2.4604898194635813E-25 2.157622319035676E-26 1.0 2.6602838683284895E-26 3.117556733076992E-25 
0.0770676979182576 0.05080539203007329 0.7127971882809372 0.04138309598595457 0.11794662578477726 
0.44046371727949846 0.015302151662886105 0.16990969585656615 0.028683366053865123 0.3456410691471844 
0.6060304791713496 0.04194261724261931 0.00497341997305441 0.0020644116248682456 0.344989071988108 
0.13428202594165645 0.13428202594165645 0.46287189623337455 0.13428202594165645 0.13428202594165645 
0.24468683726402357 1.1067630027362047E-4 0.6204093427219698 1.1067630027362047E-4 0.1346824674134593 
0.24087937523083602 0.1608129911354928 0.24087937523083602 0.1608129911354928 0.1966152672673423 
0.05919688922596457 0.05919688922596457 0.7632124430961414 0.05919688922596457 0.05919688922596457 
0.18188812442370433 0.18188812442370433 0.18188812442370433 0.27244750230518255 0.18188812442370433 
0.2 0.2 0.2 0.2 0.2 
0.19147430099047413 0.19147430099047413 0.19147430099047413 0.23410279603810322 0.19147430099047413 
0.18188812442370433 0.18188812442370433 0.27244750230518255 0.18188812442370433 0.18188812442370433 
0.19147430099047413 0.19147430099047413 0.23410279603810327 0.19147430099047413 0.19147430099047413 
0.4369533602168761 0.0338913233080151 0.05076530650003666 0.04143664975819603 0.4369533602168761 
0.5303970241645943 0.032733024166628454 0.060193756320554015 0.04002047502224199 0.3366557203259814 
0.18777902981647762 0.35433396221821023 0.15262900265510396 0.15262900265510396 0.15262900265510396 
0.5316298774418075 0.01626279177444441 0.01626279177444441 0.01626279177444441 0.4195817472348593 
0.30166912263618295 0.1322205849092112 0.1322205849092112 0.1322205849092112 0.30166912263618295 
0.2 0.2 0.2 0.2 0.2 
0.1971447437580975 0.304520354804895 0.24473023466852803 0.05645992301038218 0.1971447437580975 
0.2913390157742328 0.1044409358034228 0.15644051632405573 0.15644051632405573 0.2913390157742328 
0.13315529845707297 0.37143801230031215 0.16280005992887628 0.19945133085666555 0.13315529845707297 
0.2 0.2 0.2 0.2 0.2 
0.1682609102320395 0.1682609102320395 0.20572133881923121 0.2520355018974585 0.20572133881923121 
0.46482035871827176 0.044079300351708726 0.06629853000686908 0.05400289853836594 0.37079891238478435 
0.08433990618166563 0.5561670647914132 0.08433990618166563 0.19081321666358989 0.08433990618166563 
0.07296580149327182 0.7099315563055877 0.11270689411135797 0.03142994659651067 0.07296580149327182 
0.10758841695056655 0.380654075813882 0.24758820956271915 0.13208464883641616 0.13208464883641616 
0.12093146915844531 0.12093146915844531 0.5162741233662188 0.12093146915844531 0.12093146915844531 
0.10501733555251662 0.10501733555251662 0.5565503349718943 0.12839765837055572 0.10501733555251662 
0.19299195423438756 0.023463316158713138 0.6053560376556623 0.023463316158713138 0.1547253757925242 
0.13315529845707294 0.3714380123003122 0.19945133085666555 0.16280005992887628 0.13315529845707294 
0.16631226771474833 0.11103139572703344 0.3827266703880371 0.13575064670952777 0.20417901946065323 
0.24855856787208955 0.1351647430948161 0.20246124793788436 0.16525687322312063 0.24855856787208955 
0.5141805406597971 0.016536487642085797 0.06096986642204232 0.007247888180513041 0.4010652170955621 
