0.15713430987482582 0.37146276050069693 0.15713430987482582 0.15713430987482582 0.15713430987482582 
0.27244750230518255 0.18188812442370433 0.18188812442370433 0.18188812442370433 0.18188812442370433 
0.178528695861963 0.11918718054448735 0.14572217824025804 0.14572217824025804 0.4108397671130334 
0.12081872009058922 0.4332524921767317 0.14864292924422617 0.14864292924422617 0.14864292924422617 
0.20427787993367813 0.2507888191020121 0.20427787993367813 0.20427787993367813 0.13637754109695352 
0.08489153701211871 0.47478714221122187 0.1970788915935563 0.1970788915935563 0.04616353758954673 
0.23410279603810327 0.19147430099047413 0.19147430099047413 0.19147430099047413 0.19147430099047413 
0.23410279603810327 0.19147430099047413 0.19147430099047413 0.19147430099047413 0.19147430099047413 
0.767060362269312 0.09786667687682854 0.041779835716983446 0.041779835716983446 0.051513289419892826 
0.17643222088223307 0.17643222088223307 0.21571185274517785 0.21571185274517785 0.21571185274517785 
0.09241129053941757 0.4068353695707411 0.21266179591198262 0.21266179591198262 0.07542974806587605 
0.3978113247766285 0.1743593961020298 0.14260975970711393 0.14260975970711393 0.14260975970711393 
0.31859115870106947 0.14081806755833332 0.14081806755833332 0.14081806755833332 0.25895463862393014 
0.178528695861963 0.11918718054448735 0.14572217824025804 0.14572217824025804 0.4108397671130334 
0.12081872009058922 0.4332524921767317 0.14864292924422617 0.14864292924422617 0.14864292924422617 
0.20427787993367813 0.2507888191020121 0.20427787993367813 0.20427787993367813 0.13637754109695352 
0.08489153701211871 0.47478714221122187 0.1970788915935563 0.1970788915935563 0.04616353758954673 
0.23410279603810327 0.19147430099047413 0.19147430099047413 0.19147430099047413 0.19147430099047413 
0.23410279603810327 0.19147430099047413 0.19147430099047413 0.19147430099047413 0.19147430099047413 
0.767060362269312 0.09786667687682854 0.041779835716983446 0.041779835716983446 0.051513289419892826 
0.3149430355956448 0.17126424110108873 0.17126424110108873 0.17126424110108873 0.17126424110108873 
0.11810041426393629 0.3294422650419875 0.21717845321506993 0.21717845321506993 0.11810041426393629 
0.24293505077651895 0.19829319090211614 0.19829319090211614 0.19829319090211614 0.1621853765171327 
0.2498236298095381 0.16678424679364126 0.16678424679364126 0.16678424679364126 0.2498236298095381 
0.17643222088223307 0.21571185274517785 0.21571185274517785 0.21571185274517785 0.17643222088223307 
0.20763086935860398 0.16947652256558415 0.20763086935860398 0.20763086935860398 0.20763086935860398 
0.2 0.2 0.2 0.2 0.2 
0.04369845559960735 0.44943403249666863 0.23158452815205824 0.23158452815205824 0.04369845559960735 
0.5162741233662188 0.12093146915844531 0.12093146915844531 0.12093146915844531 0.12093146915844531 
0.27244750230518255 0.18188812442370433 0.18188812442370433 0.18188812442370433 0.18188812442370433 
0.2075590111955787 0.2075590111955787 0.2075590111955787 0.2075590111955787 0.16976395521768498 
0.1225051076172484 0.14977878531894168 0.22527837814184604 0.22527837814184604 0.2771593507801175 
0.2 0.2 0.2 0.2 0.2 
9.64170142920659E-10 5.210440580156174E-10 7.836888253583679E-10 7.836888253583679E-10 0.999999996947408 
0.01069374598075124 4.092726451714702E-4 3.30456742509144E-4 3.30456742509144E-4 0.9882360678890589 
0.034325869238434205 0.9321504999604044 0.011910867825779292 0.011910867825779292 0.009701895149602914 
2.3443119998566155E-15 0.9999999858315085 7.084243204969796E-9 7.084243204969796E-9 2.3443119998566155E-15 
4.087004188404091E-6 2.222489757172067E-6 0.4999937454245287 0.4999937454245287 6.199656996960796E-6 
0.8898510246520576 0.028618372942651286 0.01886610987337908 0.01886610987337908 0.04379838265853302 
0.9996894137920803 3.1700678765579446E-5 2.0806593025474908E-5 2.0806593025474908E-5 2.3727234310304946E-4 
0.9999999998206286 3.254807234050389E-11 2.651175294597807E-11 2.651175294597807E-11 9.380012367403915E-11 
0.6207864924269898 0.10479829366894952 0.08480846011755566 0.08480846011755566 0.10479829366894952 
0.022581491436900237 0.7937699721728949 0.08700418523844122 0.08700418523844122 0.0096401659133226 
0.44943574140873904 0.13038411357022106 0.13038411357022106 0.13038411357022106 0.1594119178805977 
0.8381781412257154 0.08169751784174481 0.022782533784459498 0.022782533784459498 0.03455927336362087 
0.23410279603810327 0.19147430099047413 0.19147430099047413 0.19147430099047413 0.19147430099047413 
0.3612704056523108 0.15968239858692226 0.15968239858692226 0.15968239858692226 0.15968239858692226 
0.24293505077651895 0.1621853765171327 0.19829319090211614 0.19829319090211614 0.19829319090211614 
0.2 0.2 0.2 0.2 0.2 
0.2 0.2 0.2 0.2 0.2 
0.22453136198566015 0.18364575867622646 0.18364575867622646 0.18364575867622646 0.22453136198566015 
0.2 0.2 0.2 0.2 0.2 
0.18199097247955007 0.18199097247955007 0.14854822526843564 0.14854822526843564 0.3389216045040283 
0.232553433006913 0.232553433006913 0.18981930412587236 0.18981930412587236 0.1552545257344294 
0.5430609159347864 0.179822081181493 0.11749784056405221 0.11749784056405221 0.04212132175561613 
0.17126424110108873 0.3149430355956448 0.17126424110108873 0.17126424110108873 0.17126424110108873 
0.1621853765171327 0.24293505077651895 0.19829319090211614 0.19829319090211614 0.19829319090211614 
0.18188812442370433 0.18188812442370433 0.18188812442370433 0.18188812442370433 0.27244750230518255 
0.07994498507787923 0.2303930447546806 0.12127011944745217 0.12127011944745217 0.4471217312725357 
0.3162928435014195 0.1709267891246451 0.1709267891246451 0.1709267891246451 0.1709267891246451 
0.14977878531894168 0.2771593507801175 0.22527837814184604 0.22527837814184604 0.1225051076172484 
0.2 0.2 0.2 0.2 0.2 
0.1682609102320395 0.1682609102320395 0.20572133881923121 0.20572133881923121 0.2520355018974585 
0.16794486262638186 0.2526015028707924 0.20575438593822215 0.20575438593822215 0.16794486262638186 
0.10788810552750758 0.30749362042898853 0.24827786891726972 0.24827786891726972 0.08806253620896391 
0.05187959672465527 0.6079711567769318 0.15297431195695915 0.15297431195695915 0.034200622584495154 
0.8481725977675353 0.05352117556624249 0.034971358979745966 0.034971358979745966 0.02836350870673011 
0.27244750230518255 0.18188812442370433 0.18188812442370433 0.18188812442370433 0.18188812442370433 
0.3372887889636851 0.1490824656421867 0.18227313987597063 0.18227313987597063 0.1490824656421867 
0.3073835769377507 0.133572242788717 0.08917389409095446 0.08917389409095446 0.38069639209162315 
0.14580222249443783 0.26980088830875404 0.2192973333511851 0.2192973333511851 0.14580222249443783 
0.232553433006913 0.15525452573442944 0.18981930412587236 0.18981930412587236 0.232553433006913 
0.24293505077651895 0.19829319090211614 0.19829319090211614 0.19829319090211614 0.1621853765171327 
0.5725409166114882 0.11760573388057342 0.040808474275630176 0.040808474275630176 0.22823640095667785 
