0.12446072775364728 0.23485403481215555 0.3627681501674387 0.12446072775364728 0.15345635951311107 
0.3149430355956448 0.17126424110108873 0.17126424110108873 0.17126424110108873 0.17126424110108873 
0.15342779131383502 0.15342779131383502 0.10242961656989331 0.43728700948860166 0.15342779131383502 
0.05915024880531502 0.3900575866052518 0.31347291961912715 0.16500019975095542 0.07231904521935092 
0.12419366026740852 0.34643943458921456 0.28097958460855993 0.12419366026740852 0.12419366026740852 
0.08537066302476848 0.06953794078091842 0.7522432289847634 0.04642408360477484 0.04642408360477484 
0.18364575867622646 0.22453136198566015 0.18364575867622646 0.18364575867622646 0.22453136198566015 
0.18364575867622646 0.22453136198566015 0.18364575867622646 0.18364575867622646 0.22453136198566015 
0.14344798840223041 0.7836491403126881 0.02999193707419553 0.012918997136690081 0.02999193707419553 
0.16497393840375685 0.20170257864348456 0.16497393840375685 0.16497393840375685 0.30337560614524467 
0.06341170544371834 0.14346460694155164 0.6521827395043541 0.06341170544371834 0.07752924266665745 
0.05919688922596457 0.7632124430961414 0.05919688922596457 0.05919688922596457 0.05919688922596457 
0.19110220644450604 0.3582146264073312 0.10392029878534173 0.19110220644450604 0.155660661918315 
0.15342779131383502 0.15342779131383502 0.10242961656989331 0.43728700948860166 0.15342779131383502 
0.05915024880531502 0.3900575866052518 0.31347291961912715 0.16500019975095542 0.07231904521935092 
0.12419366026740852 0.34643943458921456 0.28097958460855993 0.12419366026740852 0.12419366026740852 
0.08537066302476848 0.06953794078091842 0.7522432289847634 0.04642408360477484 0.04642408360477484 
0.18364575867622646 0.22453136198566015 0.18364575867622646 0.18364575867622646 0.22453136198566015 
0.18364575867622646 0.22453136198566015 0.18364575867622646 0.18364575867622646 0.22453136198566015 
0.14344798840223041 0.7836491403126881 0.02999193707419553 0.012918997136690081 0.02999193707419553 
0.27537717505274945 0.27537717505274945 0.14974854996483358 0.14974854996483358 0.14974854996483358 
0.13428202594165645 0.13428202594165645 0.46287189623337455 0.13428202594165645 0.13428202594165645 
0.23066901696027353 0.23066901696027353 0.23066901696027353 0.1539964745595897 0.1539964745595897 
0.10491443124904307 0.2373616595913745 0.10491443124904307 0.10491443124904307 0.4478950466614961 
0.19147430099047413 0.23410279603810327 0.19147430099047413 0.19147430099047413 0.19147430099047413 
0.21061577907857185 0.14003019650438117 0.14003019650438117 0.11453166919403689 0.3947921587186287 
0.2 0.2 0.2 0.2 0.2 
0.03783439190478197 0.046257575483988726 0.7725342330483003 0.10553940765814698 0.03783439190478197 
0.6464801861937032 0.11772911891673984 0.0785968982965189 0.0785968982965189 0.0785968982965189 
0.20170257864348456 0.30337560614524467 0.16497393840375685 0.16497393840375685 0.16497393840375685 
0.16497393840375685 0.30337560614524467 0.20170257864348454 0.16497393840375685 0.16497393840375685 
0.14260975970711393 0.1743593961020298 0.14260975970711393 0.3978113247766285 0.14260975970711393 
0.01395576861255497 0.01395576861255497 0.01395576861255497 0.9441769255497802 0.01395576861255497 
5.630545926335237E-15 1.6047709276339825E-14 3.758997345754574E-15 0.999999999999966 8.50447205179905E-15 
5.048042923373065E-25 3.0072865982173195E-24 5.054096616121025E-26 1.7537407823581718E-26 1.0 
0.10509948560964434 0.6105027771371004 0.08524090175873564 0.06928480690081745 0.12987202859370198 
0.0 0.0 0.1 0.0 0.0 
0.13784538123880352 0.2567093144588503 0.09202667538464561 0.2567093144588503 0.2567093144588503 
0.12104275245202563 0.5428578656397213 0.008128839196950252 0.0029140744176294254 0.3250564682936734 
4.1537289411606074E-19 1.0 2.2624309808051252E-20 4.2691462111471874E-20 4.124445843079253E-18 
1.0 3.306546582794929E-32 1.9282583823078177E-34 1.5706463139489479E-34 4.355500478206538E-33 
0.3046202669462055 0.38386173495747317 0.03457077864971554 0.03457077864971554 0.24237644079688994 
0.03212333409078278 0.07738903881554879 0.8393396892619485 0.011270886379517968 0.03987705145220185 
0.3694602378864513 0.29831123125137854 0.08654194998563579 0.08654194998563579 0.15914463089089825 
0.0020110553166823343 0.994020851242179 4.4961368351666007E-4 3.662289666135196E-4 0.0031522507910085487 
0.18188812442370433 0.27244750230518255 0.18188812442370433 0.18188812442370433 0.18188812442370433 
0.07000401417035593 0.7199839433185762 0.07000401417035593 0.07000401417035593 0.07000401417035593 
0.2664925875830114 0.14491716155955217 0.14491716155955217 0.1771805017148727 0.2664925875830114 
0.2 0.2 0.2 0.2 0.2 
0.2 0.2 0.2 0.2 0.2 
0.16678424679364126 0.2498236298095381 0.16678424679364126 0.16678424679364126 0.2498236298095381 
0.19147430099047413 0.23410279603810327 0.19147430099047413 0.19147430099047413 0.19147430099047413 
0.05905948370542882 0.048106395510460066 0.03211621313518657 0.03211621313518657 0.8286016945137381 
0.19455677292453688 0.292627785487911 0.15912933433150755 0.15912933433150755 0.19455677292453688 
0.8045745293293538 0.05403261937117984 0.10265298450861238 0.019369933395427065 0.019369933395427065 
0.14260975970711393 0.14260975970711393 0.14260975970711393 0.39781132477662856 0.1743593961020298 
0.15912933433150755 0.19455677292453688 0.19455677292453688 0.15912933433150755 0.292627785487911 
0.18188812442370433 0.18188812442370433 0.18188812442370433 0.27244750230518255 0.18188812442370433 
0.03511426276677507 0.18609170193017208 0.23155582380238818 0.36114650957049255 0.18609170193017208 
0.28200203466412505 0.18670475931077338 0.12464558568048832 0.12464558568048832 0.28200203466412505 
0.16899390118640314 0.16899390118640314 0.38556962924323324 0.13822128419198018 0.13822128419198018 
0.2 0.2 0.2 0.2 0.2 
0.14260975970711393 0.1743593961020298 0.14260975970711393 0.14260975970711393 0.3978113247766285 
0.14491716155955217 0.2664925875830114 0.1771805017148727 0.14491716155955217 0.2664925875830114 
0.14984505505612816 0.08148489325506954 0.5373401033776044 0.08148489325506954 0.14984505505612816 
0.035125139400537374 0.10122696009060407 0.7933976217077839 0.035125139400537374 0.035125139400537374 
0.9125756074548019 0.024872122921260547 0.01998868181775391 0.0037717309177678457 0.03879185688841593 
0.13428202594165645 0.46287189623337455 0.13428202594165645 0.13428202594165645 0.13428202594165645 
0.15288457879031797 0.5409145305331741 0.10206696355883603 0.10206696355883603 0.10206696355883603 
0.05024647841781218 0.6849488141400334 0.03354494954435172 0.11562987894890142 0.11562987894890142 
0.12487648308830357 0.18705061708597023 0.34834417555172564 0.18705061708597023 0.1526781071880302 
0.09941686017996719 0.2773243074986592 0.09941686017996719 0.09941686017996719 0.42442511196143934 
0.20572133881923121 0.2520355018974585 0.16826091023203954 0.16826091023203954 0.20572133881923121 
0.37148755665326993 0.09198266450579845 0.02494790105586237 0.038180986709534896 0.47340089107553457 
