0.27527142815012035 0.22174748959843105 0.1448923903400848 0.17904434595568178 0.17904434595568178 
0.16678424679364126 0.16678424679364126 0.16678424679364126 0.2498236298095381 0.2498236298095381 
0.1284475331206614 0.1284475331206614 0.3583056546758295 0.19239963954142386 0.19239963954142386 
0.3352747334188781 0.4192285796996577 0.061056161972801073 0.09222026245433138 0.09222026245433138 
0.18639264855290003 0.1524518403685391 0.1524518403685391 0.22835533249813364 0.2803483382118881 
0.32100214045896636 0.140694183076139 0.11507474841754897 0.2116144640236728 0.2116144640236728 
0.17643222088223307 0.17643222088223307 0.21571185274517785 0.21571185274517785 0.21571185274517785 
0.17643222088223307 0.17643222088223307 0.21571185274517785 0.21571185274517785 0.21571185274517785 
0.07880548668760949 0.0985386280668851 0.026726035350259924 0.39796492494762276 0.39796492494762276 
0.18188812442370433 0.18188812442370433 0.27244750230518255 0.18188812442370433 0.18188812442370433 
0.29368996666377695 0.15871204180355789 0.15871204180355789 0.19444297486455384 0.19444297486455384 
0.13337246631586105 0.16373933065556193 0.08904052172510671 0.3069238406517352 0.3069238406517352 
0.1345873179493294 0.16488703808309613 0.2024292869081743 0.24904817852970004 0.24904817852970004 
0.1284475331206614 0.1284475331206614 0.3583056546758295 0.19239963954142386 0.19239963954142386 
0.3352747334188781 0.4192285796996577 0.061056161972801073 0.09222026245433138 0.09222026245433138 
0.18639264855290003 0.1524518403685391 0.1524518403685391 0.22835533249813364 0.2803483382118881 
0.32100214045896636 0.140694183076139 0.11507474841754897 0.2116144640236728 0.2116144640236728 
0.17643222088223307 0.17643222088223307 0.21571185274517785 0.21571185274517785 0.21571185274517785 
0.17643222088223307 0.17643222088223307 0.21571185274517785 0.21571185274517785 0.21571185274517785 
0.07880548668760949 0.0985386280668851 0.026726035350259924 0.39796492494762276 0.39796492494762276 
0.14974854996483358 0.14974854996483358 0.14974854996483358 0.2753771750527494 0.2753771750527494 
0.26184430166078543 0.2137276688970563 0.17480934314738608 0.17480934314738608 0.17480934314738608 
0.19661526726734233 0.16081299113549277 0.16081299113549277 0.24087937523083602 0.24087937523083602 
0.1377751854667747 0.1377751854667747 0.3117068479861904 0.20637139054013018 0.20637139054013018 
0.22085919299300535 0.271145442749465 0.14744735787752714 0.18027400319000134 0.18027400319000134 
0.1463121882554405 0.1463121882554405 0.2690579447148641 0.21915883938712738 0.21915883938712738 
0.2 0.2 0.2 0.2 0.2 
0.36074384700347356 0.19370887739142587 0.12932159074624627 0.15811284242942708 0.15811284242942708 
0.08666793693560952 0.08666793693560952 0.08666793693560952 0.3699980945965857 0.3699980945965857 
0.16678424679364126 0.16678424679364126 0.16678424679364126 0.2498236298095381 0.2498236298095381 
0.18981930412587236 0.18981930412587236 0.15525452573442944 0.232553433006913 0.232553433006913 
0.2419885298508336 0.2977178031149623 0.19710967986211678 0.1315919935860436 0.1315919935860436 
0.2 0.2 0.2 0.2 0.2 
1.3778546514082766E-5 1.691571016074203E-5 0.999917986196771 2.5659773277001713E-5 2.5659773277001713E-5 
2.021919708052047E-8 1.6469373428844387E-8 0.999997154477373 1.2264695349272432E-6 1.5823645214677674E-6 
1.5786118634361068E-10 0.9999999998421387 1.0077021594840662E-19 4.436350559308149E-19 4.436350559308149E-19 
0.9977321581613405 0.0018132982648781746 1.9605397609712916E-4 1.2924479884210419E-4 1.2924479884210419E-4 
0.125274422669035 0.125274422669035 0.28582104065922437 0.23181505700135263 0.23181505700135263 
0.011649948799593565 0.011649948799593565 0.08343794996195039 0.44663107621943127 0.44663107621943127 
3.006399354839268E-6 4.736545898323305E-6 1.977636299181146E-5 0.306511459269248 0.6934610214225069 
1.2953255442031184E-9 1.5970977029091385E-9 5.888483438375361E-9 0.7523894613738752 0.24761052984521809 
0.15598762350742668 0.3998649578658491 0.0510174381974962 0.19656499021461407 0.19656499021461407 
0.29902337943895285 0.6921521105653209 0.0015406012362667477 0.0036419543797297474 0.0036419543797297474 
0.09622869027347285 0.09622869027347285 0.14413951651969384 0.33170155146668034 0.33170155146668034 
0.1113524146856131 0.7691121462870661 0.001964773598581461 0.05133690223570616 0.06623376319303326 
0.2075590111955787 0.2075590111955787 0.16976395521768498 0.2075590111955787 0.2075590111955787 
0.10826585003849666 0.10826585003849666 0.10826585003849666 0.3020086515841289 0.3731937983003814 
0.1539964745595897 0.1539964745595897 0.23066901696027353 0.23066901696027353 0.23066901696027353 
0.2 0.2 0.2 0.2 0.2 
0.2 0.2 0.2 0.2 0.2 
0.17643222088223307 0.17643222088223307 0.21571185274517785 0.21571185274517785 0.21571185274517785 
0.18364575867622646 0.18364575867622646 0.18364575867622646 0.22453136198566015 0.22453136198566015 
0.21051376272995476 0.40854218558870325 0.2619444459106844 0.059499802885328835 0.059499802885328835 
0.27066044105952125 0.5252683088692184 0.05107181969619203 0.07649971518753415 0.07649971518753415 
0.10478318688990794 0.0849843677905714 0.03756329740513528 0.3863345739571927 0.3863345739571927 
0.26314173960002457 0.6601024733908973 0.025585262336359344 0.025585262336359344 0.025585262336359344 
0.25151838657199616 0.3101146574552212 0.16652248585046306 0.1359222350611597 0.1359222350611597 
0.19147430099047413 0.19147430099047413 0.23410279603810327 0.19147430099047413 0.19147430099047413 
0.23744943208159253 0.19127962471263546 0.3685339426239364 0.1013685002909177 0.1013685002909177 
0.18756584470641663 0.28452231706155207 0.15278014881919788 0.18756584470641663 0.18756584470641663 
0.24293505077651895 0.19829319090211614 0.1621853765171327 0.19829319090211614 0.19829319090211614 
0.2 0.2 0.2 0.2 0.2 
0.16497393840375685 0.16497393840375685 0.30337560614524467 0.16497393840375685 0.20170257864348454 
0.26761755674557536 0.5193630103652545 0.0617400897381841 0.07563967157549302 0.07563967157549302 
0.24339871353723436 0.16182628782441608 0.19825833287944997 0.19825833287944997 0.19825833287944997 
0.42329552793373526 0.2714038266606337 0.075684880195565 0.11480788260503307 0.11480788260503307 
0.024833486575996683 0.0164414775926743 0.04686011905996901 0.45593245838568003 0.45593245838568003 
0.14974854996483358 0.14974854996483358 0.14974854996483358 0.2753771750527494 0.2753771750527494 
0.11656343528070397 0.11656343528070397 0.11656343528070397 0.32515484707894426 0.32515484707894426 
0.149498796229846 0.28600058488983776 0.149498796229846 0.18515515016688378 0.22984667248358656 
0.2344688915609822 0.19138277710975451 0.19138277710975451 0.19138277710975451 0.19138277710975451 
0.1532367497555575 0.18773502717534724 0.28355816871840117 0.18773502717534724 0.18773502717534724 
0.20763086935860398 0.20763086935860398 0.16947652256558413 0.20763086935860398 0.20763086935860398 
0.17747833774328678 0.3641219158111917 0.14046070435111743 0.17747833774328678 0.14046070435111743 
