0.3059294813572219 0.13060301912747319 0.24644437289044632 0.24644437289044632 0.07057875373441201 
0.2 0.2 0.2 0.2 0.2 
0.10242961656989331 0.43728700948860166 0.15342779131383502 0.15342779131383502 0.15342779131383502 
0.24856263004545287 0.08527839561863063 0.310036976652338 0.310036976652338 0.04608502103124043 
0.1441395165196938 0.09622869027347285 0.33170155146668034 0.33170155146668034 0.09622869027347285 
0.503860109888572 0.09507504156720738 0.14241148336989123 0.14241148336989123 0.11624188180443844 
0.16678424679364126 0.16678424679364126 0.2498236298095381 0.2498236298095381 0.16678424679364126 
0.16678424679364126 0.16678424679364126 0.2498236298095381 0.2498236298095381 0.16678424679364126 
0.022183448484305417 0.006186175270691829 0.48413318456422366 0.48413318456422366 0.0033640071165555647 
0.17643222088223307 0.17643222088223307 0.21571185274517785 0.21571185274517785 0.21571185274517785 
0.3536755330860651 0.08284455851209678 0.23109570929729373 0.23109570929729373 0.10128848980725058 
0.027749081628470163 0.022696166375877604 0.46342929280988715 0.46342929280988715 0.022696166375877604 
0.11159901297714926 0.1678531748817946 0.3146351025990211 0.3146351025990211 0.0912776069430139 
0.10242961656989331 0.43728700948860166 0.15342779131383502 0.15342779131383502 0.15342779131383502 
0.24856263004545287 0.08527839561863063 0.310036976652338 0.310036976652338 0.04608502103124043 
0.1441395165196938 0.09622869027347285 0.33170155146668034 0.33170155146668034 0.09622869027347285 
0.503860109888572 0.09507504156720738 0.14241148336989123 0.14241148336989123 0.11624188180443844 
0.16678424679364126 0.16678424679364126 0.2498236298095381 0.2498236298095381 0.16678424679364126 
0.16678424679364126 0.16678424679364126 0.2498236298095381 0.2498236298095381 0.16678424679364126 
0.022183448484305417 0.006186175270691829 0.48413318456422366 0.48413318456422366 0.0033640071165555647 
0.14974854996483358 0.14974854996483358 0.27537717505274945 0.27537717505274945 0.14974854996483358 
0.3612704056523108 0.15968239858692226 0.15968239858692226 0.15968239858692226 0.15968239858692226 
0.18981930412587236 0.1552545257344294 0.232553433006913 0.232553433006913 0.18981930412587236 
0.1328928032303776 0.1328928032303776 0.3006607951544335 0.3006607951544335 0.1328928032303776 
0.2075590111955787 0.16976395521768495 0.2075590111955787 0.2075590111955787 0.2075590111955787 
0.19829319090211614 0.16218537651713266 0.19829319090211614 0.19829319090211614 0.24293505077651895 
0.2 0.2 0.2 0.2 0.2 
0.4268877042224407 0.2776598730666193 0.09848414090364659 0.09848414090364659 0.09848414090364659 
0.16678424679364126 0.16678424679364126 0.2498236298095381 0.2498236298095381 0.16678424679364126 
0.14974854996483358 0.14974854996483358 0.27537717505274945 0.27537717505274945 0.14974854996483358 
0.157810104148752 0.12907397900620568 0.29202096891941826 0.29202096891941826 0.12907397900620568 
0.15517951821645115 0.23438577589978352 0.12666365652645178 0.12666365652645178 0.3571073928308618 
0.0031314894717363474 0.9874740421130547 0.0031314894717363474 0.0031314894717363474 0.0031314894717363474 
1.1119782214253998E-12 0.9999999999867111 4.819962135366158E-12 4.819962135366158E-12 2.5370443995409523E-12 
0.0033515390589484912 0.0022094374218182265 0.49554374223014247 0.49554374223014247 0.0033515390589484912 
0.9994258131449023 1.962122698179673E-5 2.674722005669918E-4 2.674722005669918E-4 1.962122698179673E-5 
0.9999999282703675 6.626620647857469E-9 1.4992271851755057E-8 1.4992271851755057E-8 3.5118468030951326E-8 
1.4095998598493875E-22 2.608405330458998E-22 3.216085855926556E-22 3.216085855926556E-22 1.0 
0.005708110535404146 0.002046277270494272 0.4950996674618037 0.4950996674618037 0.002046277270494272 
9.239288999962368E-31 6.009495672001378E-31 0.5 0.5 4.863209659076317E-31 
0.0203596391065409 0.013479482598656934 0.47634069784807265 0.47634069784807265 0.013479482598656934 
0.1250873800110515 0.0348824240490591 0.38732213557198214 0.38732213557198214 0.06538592479592507 
0.9090413652748278 0.0043180473459084445 0.037166825681804905 0.037166825681804905 0.012306936015654102 
0.10107108969013305 0.10107108969013305 0.3483933654648006 0.3483933654648006 0.10107108969013305 
0.002167430276286243 9.931374136354311E-5 0.49880566501288964 0.49880566501288964 1.219259565707848E-4 
0.19661526726734233 0.1608129911354928 0.24087937523083602 0.24087937523083602 0.1608129911354928 
0.03473964136742532 0.03473964136742532 0.44789053794886197 0.44789053794886197 0.03473964136742532 
0.17480934314738605 0.2137276688970563 0.17480934314738605 0.17480934314738605 0.26184430166078543 
0.2 0.2 0.2 0.2 0.2 
0.19147430099047413 0.19147430099047413 0.19147430099047413 0.19147430099047413 0.23410279603810327 
0.16678424679364126 0.16678424679364126 0.2498236298095381 0.2498236298095381 0.16678424679364126 
0.18364575867622646 0.18364575867622646 0.22453136198566015 0.22453136198566015 0.18364575867622646 
0.3367685937304116 0.12072679996167429 0.18083486876930466 0.18083486876930466 0.18083486876930466 
0.3210021404589664 0.11507474841754894 0.2116144640236728 0.2116144640236728 0.140694183076139 
0.31884886377901217 0.09250004535996673 0.20927496834825962 0.20927496834825962 0.170101154164502 
0.3983839830883847 0.32166497046009346 0.09331701548384053 0.09331701548384053 0.09331701548384053 
0.28261544419331086 0.1536846797760521 0.18789995867687903 0.18789995867687903 0.18789995867687903 
0.18188812442370433 0.27244750230518255 0.18188812442370433 0.18188812442370433 0.18188812442370433 
0.20908451252414068 0.32451010333706665 0.20908451252414068 0.20908451252414068 0.04823635909051155 
0.21424249980959395 0.14303000076162423 0.21424249980959395 0.21424249980959395 0.21424249980959395 
0.271145442749465 0.14744735787752714 0.18027400319000134 0.18027400319000134 0.22085919299300535 
0.2 0.2 0.2 0.2 0.2 
0.1682609102320395 0.1682609102320395 0.20572133881923121 0.20572133881923121 0.2520355018974585 
0.32923515266341374 0.09551317258752594 0.21609196073699677 0.21609196073699677 0.14306775327506732 
0.34643943458921456 0.12419366026740852 0.12419366026740852 0.12419366026740852 0.28097958460855993 
0.49508402595826045 0.05618615086249513 0.20148193813625717 0.20148193813625717 0.045765946906730484 
0.2017628316834804 0.07232913482381202 0.30878365188861867 0.30878365188861867 0.1083407297154702 
0.08666793693560952 0.08666793693560952 0.3699980945965857 0.3699980945965857 0.08666793693560952 
0.059928362001736436 0.059928362001736436 0.3951887392484263 0.3951887392484263 0.08976579749967468 
0.03924278439284999 0.048385180922326784 0.44751331423548935 0.44751331423548935 0.01734540621384453 
0.2507888191020121 0.20427787993367813 0.20427787993367813 0.20427787993367813 0.13637754109695352 
0.13548252327176427 0.11081209570715449 0.3091114288746584 0.3091114288746584 0.13548252327176427 
0.18203998398860094 0.14889176582436528 0.22302275006234462 0.22302275006234462 0.22302275006234462 
0.2913427846696702 0.09764439700757398 0.2913427846696702 0.2913427846696702 0.0283272489834154 
