0.29511320809490876 0.15426216480889646 0.10124925419238949 0.29511320809490876 0.15426216480889646 
0.33466349362549014 0.14792207871305224 0.22157027023535322 0.14792207871305224 0.14792207871305224 
0.21571185274517785 0.21571185274517785 0.21571185274517785 0.1764322208822331 0.1764322208822331 
0.08713014743710408 0.16332251622673635 0.04738088127467064 0.3124462292974726 0.38972022576401644 
0.236378199630766 0.1578079704226164 0.1578079704226164 0.2901978891013846 0.1578079704226164 
0.07752924266665745 0.06341170544371834 0.14346460694155164 0.6521827395043541 0.06341170544371834 
0.19147430099047413 0.23410279603810327 0.19147430099047413 0.19147430099047413 0.19147430099047413 
0.19147430099047413 0.23410279603810327 0.19147430099047413 0.19147430099047413 0.19147430099047413 
0.15826705149366668 0.15826705149366668 0.30943177955168083 0.1271925900557846 0.24684152740520107 
0.19147430099047413 0.23410279603810327 0.19147430099047413 0.19147430099047413 0.19147430099047413 
0.10856026413898846 0.10856026413898846 0.10856026413898846 0.5855270143963681 0.08879219318666656 
0.6491209321150478 0.09453752604258406 0.06311400601603392 0.07716526552696118 0.11606227029937284 
0.21424249980959395 0.21424249980959395 0.21424249980959395 0.14303000076162423 0.21424249980959395 
0.21571185274517785 0.21571185274517785 0.21571185274517785 0.1764322208822331 0.1764322208822331 
0.08713014743710408 0.16332251622673635 0.04738088127467064 0.3124462292974726 0.38972022576401644 
0.236378199630766 0.1578079704226164 0.1578079704226164 0.2901978891013846 0.1578079704226164 
0.07752924266665745 0.06341170544371834 0.14346460694155164 0.6521827395043541 0.06341170544371834 
0.19147430099047413 0.23410279603810327 0.19147430099047413 0.19147430099047413 0.19147430099047413 
0.19147430099047413 0.23410279603810327 0.19147430099047413 0.19147430099047413 0.19147430099047413 
0.15826705149366668 0.15826705149366668 0.30943177955168083 0.1271925900557846 0.24684152740520107 
0.20170257864348456 0.16497393840375685 0.30337560614524467 0.16497393840375685 0.16497393840375685 
0.14728603785505995 0.14728603785505995 0.14728603785505995 0.4108558485797606 0.14728603785505995 
0.17480934314738608 0.17480934314738608 0.26184430166078543 0.21372766889705624 0.17480934314738608 
0.5551479803408611 0.15481103895946757 0.1029278067454503 0.08418536720877082 0.1029278067454503 
0.15245184036853912 0.22835533249813364 0.15245184036853912 0.1863926485529 0.2803483382118881 
0.1524518403685391 0.22835533249813364 0.28034833821188815 0.1863926485529 0.1524518403685391 
0.2 0.2 0.2 0.2 0.2 
0.07000401417035593 0.07000401417035593 0.07000401417035593 0.7199839433185761 0.07000401417035593 
0.09438991265851776 0.09438991265851776 0.6224403493659293 0.09438991265851776 0.09438991265851776 
0.22453136198566015 0.18364575867622646 0.22453136198566015 0.18364575867622646 0.18364575867622646 
0.2075590111955787 0.2075590111955787 0.16976395521768498 0.2075590111955787 0.2075590111955787 
0.12737112013147503 0.23422663694137164 0.12737112013147503 0.15572813272088598 0.3553029900747922 
0.2 0.2 0.2 0.2 0.2 
0.18184154019211066 0.22324406902635005 0.22324406902635005 0.1484262527288394 0.22324406902635005 
0.0034421701935538444 0.9956047772400954 7.675116840115881E-4 6.369271637031146E-5 1.2184816596867671E-4 
4.92199047314243E-22 6.399154641791548E-15 4.92199047314243E-22 3.63558641556591E-20 0.9999999999999936 
2.3723308281284287E-14 3.614455159290266E-14 1.928258382307533E-14 0.9999999999998916 2.925013046411702E-14 
0.19519899151366593 0.239642807079795 0.239642807079795 0.13031640281307824 0.19519899151366593 
0.9999999999983844 2.8614473657086937E-13 1.1556439423561673E-12 7.76093040354993E-14 9.590225579477781E-14 
0.9990470446604838 5.559554468337707E-4 1.6537170918304913E-4 2.2094422641790396E-5 2.0953376085760858E-4 
1.3812215116520776E-15 2.735111227791336E-16 0.9999999999999982 6.114916003323867E-17 1.146220335388411E-16 
0.039466437346701036 0.031148356105844564 0.8613183838202978 0.004161563956733081 0.0639052587704235 
0.0022270680385820113 0.0890561190511415 0.006566824385539419 0.14872743484858839 0.7534225536761486 
0.36441021863283135 0.12925392107326059 0.29490050277897806 0.10571767875746498 0.10571767875746498 
0.13933492728204092 0.08115063637231378 0.00331790353138162 0.0016970293413721273 0.7744995034728916 
0.21571185274517785 0.21571185274517785 0.17643222088223307 0.17643222088223307 0.21571185274517785 
0.3612704056523108 0.15968239858692226 0.15968239858692226 0.15968239858692226 0.15968239858692226 
0.16497393840375685 0.20170257864348456 0.30337560614524467 0.16497393840375685 0.16497393840375685 
0.2 0.2 0.2 0.2 0.2 
0.2 0.2 0.2 0.2 0.2 
0.22453136198566015 0.22453136198566015 0.18364575867622646 0.18364575867622646 0.18364575867622646 
0.2 0.2 0.2 0.2 0.2 
0.03632738814206698 0.48145202063483816 0.044505793883904826 0.05463908033001806 0.3830757170091715 
0.05373778066006842 0.23293088212476143 0.06583579806184794 0.08082559920795074 0.5666699399453717 
0.029447875454657768 0.036077492556813494 0.7873578075554593 0.10282504033279198 0.04429178410027751 
0.025966989233962578 0.21358532459550666 0.031748097540590534 0.058748520921147684 0.6699510677087925 
0.11696144667357297 0.26461720051406706 0.11696144667357297 0.17519480237195117 0.3262651037668358 
0.2 0.2 0.2 0.2 0.2 
0.08625269731471193 0.30516705899550145 0.05758298831268086 0.30516705899550145 0.24583019638160417 
0.11885551373653183 0.27117591843956873 0.2199371356477985 0.11885551373653183 0.27117591843956873 
0.15420048366210765 0.15420048366210765 0.18853059752140414 0.34886795149227273 0.15420048366210765 
0.2 0.2 0.2 0.2 0.2 
0.18188812442370433 0.27244750230518255 0.18188812442370433 0.18188812442370433 0.18188812442370433 
0.061535643047361616 0.26673136555092936 0.061535643047361616 0.09255416135272977 0.5176431870016173 
0.10717298396559521 0.1310332252229549 0.19708366841181377 0.4575371384340408 0.10717298396559521 
0.15970031215140945 0.06755562334937973 0.04453474050492055 0.6248202512429814 0.10338907275130915 
0.017946114773828983 0.0221761154922218 0.9258710245339589 0.0221761154922218 0.011830629707768525 
0.27244750230518255 0.18188812442370433 0.18188812442370433 0.18188812442370433 0.18188812442370433 
0.2498236298095381 0.16678424679364126 0.2498236298095381 0.16678424679364126 0.16678424679364126 
0.34444820319249597 0.2219307932595052 0.0947435059493399 0.06272672286070093 0.2761507747379581 
0.1490824656421867 0.18227313987597063 0.18227313987597063 0.3372887889636851 0.1490824656421867 
0.49981452744883764 0.17147944161971043 0.11353119459753597 0.07579433055619393 0.13938050577772165 
0.1745442993828464 0.2138395576792909 0.1745442993828464 0.1745442993828464 0.26252754417217034 
0.1586972350388096 0.32843898689281525 0.1586972350388096 0.02572755613674997 0.32843898689281525 
