0.3101158464841246 0.16210437387404003 0.13118364665369717 0.08648028650401345 0.3101158464841246 
0.18188812442370433 0.18188812442370433 0.27244750230518255 0.18188812442370433 0.18188812442370433 
0.16826091023203954 0.20572133881923121 0.2520355018974585 0.20572133881923121 0.16826091023203954 
0.365940574695803 0.1547983425916371 0.08312217495754176 0.1020478189100098 0.2940910888450084 
0.24367580197148817 0.13250952262023352 0.16201051309028822 0.16201051309028822 0.2997936492277017 
0.2319788783656484 0.03517841683923616 0.06469066347748828 0.0981305391377285 0.570021502179899 
0.19147430099047413 0.23410279603810327 0.19147430099047413 0.19147430099047413 0.19147430099047413 
0.19147430099047413 0.23410279603810327 0.19147430099047413 0.19147430099047413 0.19147430099047413 
0.12193904815960738 0.1517300151345384 0.5936368245015164 0.034464964358783386 0.09822914784555463 
0.18364575867622646 0.22453136198566015 0.18364575867622646 0.22453136198566015 0.18364575867622646 
0.2611646511183939 0.06025138706359469 0.06025138706359469 0.11149266090379788 0.5068399138506187 
0.19455677292453688 0.19455677292453688 0.292627785487911 0.15912933433150755 0.15912933433150755 
0.18639264855290003 0.22835533249813364 0.28034833821188815 0.15245184036853912 0.15245184036853912 
0.16826091023203954 0.20572133881923121 0.2520355018974585 0.20572133881923121 0.16826091023203954 
0.365940574695803 0.1547983425916371 0.08312217495754176 0.1020478189100098 0.2940910888450084 
0.24367580197148817 0.13250952262023352 0.16201051309028822 0.16201051309028822 0.2997936492277017 
0.2319788783656484 0.03517841683923616 0.06469066347748828 0.0981305391377285 0.570021502179899 
0.19147430099047413 0.23410279603810327 0.19147430099047413 0.19147430099047413 0.19147430099047413 
0.19147430099047413 0.23410279603810327 0.19147430099047413 0.19147430099047413 0.19147430099047413 
0.12193904815960738 0.1517300151345384 0.5936368245015164 0.034464964358783386 0.09822914784555463 
0.17126424110108873 0.17126424110108873 0.3149430355956448 0.17126424110108873 0.17126424110108873 
0.2457206601627035 0.10860912984636972 0.10860912984636972 0.1626839918655314 0.374377088279026 
0.18981930412587236 0.15525452573442944 0.232553433006913 0.18981930412587236 0.232553433006913 
0.15420048366210765 0.34886795149227273 0.18853059752140414 0.15420048366210765 0.15420048366210765 
0.20572133881923121 0.2520355018974585 0.16826091023203954 0.20572133881923121 0.16826091023203954 
0.16042921636779897 0.24129741467021015 0.24129741467021015 0.19654673792398214 0.16042921636779897 
0.2 0.2 0.2 0.2 0.2 
0.24601781306200254 0.02991002268176639 0.02991002268176639 0.08343430191292132 0.6107278396615432 
0.09438991265851776 0.09438991265851776 0.6224403493659293 0.09438991265851776 0.09438991265851776 
0.18188812442370433 0.18188812442370433 0.27244750230518255 0.18188812442370433 0.18188812442370433 
0.2 0.2 0.2 0.2 0.2 
0.17508834472387344 0.21450608426018808 0.14320597184207143 0.32399362733179565 0.14320597184207143 
0.2 0.2 0.2 0.2 0.2 
0.14977878531894168 0.22527837814184604 0.22527837814184604 0.2771593507801175 0.1225051076172484 
9.536482144829871E-7 0.9999726301497003 2.399636902945361E-5 9.536482144829871E-7 1.4661848412600694E-6 
0.006249437361820772 0.9937338892664153 8.864984945448288E-6 3.110394387889958E-6 4.697992430566992E-6 
5.9243397329013456E-24 3.6144551592908064E-34 1.9282583823078177E-34 7.888609052210605E-31 1.0 
1.3367494428489636E-9 2.458189314097056E-9 2.458189314097056E-9 0.9999999917445751 2.0022970057333806E-9 
0.03660140029005799 0.21261052225489266 0.6945327974937656 0.01965387967122577 0.03660140029005799 
0.00238229783709618 0.062246251297167036 0.932552332699778 0.0015566211312875292 0.001262497034671278 
2.2231305554010067E-16 1.5586414089904887E-15 0.9999999999999978 1.8108319114831484E-16 2.2231305554010067E-16 
0.1020491566782026 0.4968067098097392 0.31201890948634775 0.0537147874105951 0.03541043661511544 
0.5733234486332525 0.12542800149455008 0.01255784167335971 0.024370891560626908 0.2643198166382107 
0.12586693838450025 0.18853420526661 0.4338649795798895 0.12586693838450025 0.12586693838450025 
0.06920946234496424 0.772550476308611 0.13849701210181134 0.009871524622306779 0.009871524622306779 
0.19147430099047413 0.23410279603810327 0.19147430099047413 0.19147430099047413 0.19147430099047413 
0.18188812442370433 0.18188812442370433 0.27244750230518255 0.18188812442370433 0.18188812442370433 
0.1524518403685391 0.22835533249813364 0.28034833821188815 0.1863926485529 0.1524518403685391 
0.2 0.2 0.2 0.2 0.2 
0.19147430099047413 0.19147430099047413 0.19147430099047413 0.23410279603810322 0.19147430099047413 
0.19147430099047413 0.23410279603810327 0.19147430099047413 0.19147430099047413 0.19147430099047413 
0.2 0.2 0.2 0.2 0.2 
0.10042874830016217 0.7192794594687463 0.08162966709293933 0.054272373958017865 0.04438975118013415 
0.23991941478304346 0.3655383795103324 0.15884316807997895 0.129654072357617 0.10604496526902832 
0.10807272113110974 0.04696254721730064 0.6401829946769431 0.07093302772343765 0.1338487092512087 
0.25155388964727954 0.47791052585573524 0.09017852816566173 0.09017852816566173 0.09017852816566173 
0.20787842674463333 0.31398310102629096 0.13878129485062451 0.16967858868922567 0.16967858868922567 
0.2 0.2 0.2 0.2 0.2 
0.2581347856485031 0.2581347856485031 0.0729594524593383 0.0895712004185051 0.3211997758251506 
0.17579506297430417 0.26552384430727893 0.26552384430727893 0.17579506297430417 0.11736218543683415 
0.24825038887155787 0.10972727609273807 0.1341561870291557 0.20178083409653824 0.30608531391000976 
0.2 0.2 0.2 0.2 0.2 
0.16497393840375685 0.30337560614524467 0.16497393840375685 0.20170257864348454 0.16497393840375685 
0.21598946868829036 0.407566299136413 0.11672216784589332 0.14299989648350991 0.11672216784589332 
0.2132037956108787 0.0926468142329525 0.11374107241855637 0.17253606870828309 0.4078722490293293 
0.28647074022693875 0.039136067945679906 0.03174129448522043 0.05989496618379176 0.5827569311583694 
0.027179229734531327 0.03366163801867933 0.879533510276362 0.017838960989261424 0.04178666098116592 
0.19147430099047413 0.19147430099047413 0.23410279603810327 0.19147430099047413 0.19147430099047413 
0.16497393840375685 0.16497393840375685 0.30337560614524467 0.20170257864348454 0.16497393840375685 
0.1612960263670379 0.4648381957333772 0.19844204454966716 0.08771186667495875 0.08771186667495875 
0.2579015785687284 0.13937175513341094 0.1139931254287193 0.17074859835636674 0.31798494251277454 
0.16394876852584983 0.374058859234635 0.16394876852584983 0.16394876852584983 0.1340948351878152 
0.18981930412587236 0.232553433006913 0.232553433006913 0.18981930412587236 0.15525452573442944 
0.0728818063802122 0.5994720501699465 0.28965671141856214 0.013272349305430866 0.024717082725847904 
