0.24352134898345562 0.1961709145173448 0.15839319375787192 0.24352134898345562 0.15839319375787192 
0.15420048366210765 0.18853059752140414 0.15420048366210765 0.15420048366210765 0.34886795149227273 
0.17480934314738605 0.26184430166078543 0.17480934314738605 0.17480934314738605 0.2137276688970563 
0.2835484152898464 0.22732623898825216 0.22732623898825216 0.22732623898825216 0.03447286774539709 
0.16280005992887628 0.3714380123003122 0.13315529845707297 0.19945133085666558 0.13315529845707297 
0.21654747251138814 0.11627964870521476 0.07762922042848346 0.5119144379264304 0.07762922042848346 
0.19147430099047413 0.23410279603810327 0.19147430099047413 0.19147430099047413 0.19147430099047413 
0.19147430099047413 0.23410279603810327 0.19147430099047413 0.19147430099047413 0.19147430099047413 
0.07455468652423553 0.7861861657924446 0.07455468652423553 0.04803619402912248 0.016668267129961983 
0.18364575867622646 0.22453136198566015 0.22453136198566015 0.18364575867622646 0.18364575867622646 
0.19984220410220896 0.24639946810613417 0.0883307406050018 0.37709684658165304 0.0883307406050018 
0.05181848400447313 0.7063780445320923 0.05181848400447313 0.042296294866110744 0.1476886925928504 
0.14572217824025804 0.4108397671130334 0.178528695861963 0.14572217824025804 0.11918718054448732 
0.17480934314738605 0.26184430166078543 0.17480934314738605 0.17480934314738605 0.2137276688970563 
0.2835484152898464 0.22732623898825216 0.22732623898825216 0.22732623898825216 0.03447286774539709 
0.16280005992887628 0.3714380123003122 0.13315529845707297 0.19945133085666558 0.13315529845707297 
0.21654747251138814 0.11627964870521476 0.07762922042848346 0.5119144379264304 0.07762922042848346 
0.19147430099047413 0.23410279603810327 0.19147430099047413 0.19147430099047413 0.19147430099047413 
0.19147430099047413 0.23410279603810327 0.19147430099047413 0.19147430099047413 0.19147430099047413 
0.07455468652423553 0.7861861657924446 0.07455468652423553 0.04803619402912248 0.016668267129961983 
0.18188812442370433 0.27244750230518255 0.18188812442370433 0.18188812442370433 0.18188812442370433 
0.22157027023535322 0.14792207871305224 0.14792207871305224 0.33466349362549014 0.14792207871305224 
0.20572133881923121 0.2520355018974585 0.16826091023203954 0.20572133881923121 0.16826091023203954 
0.09472799779492774 0.264244679842609 0.1418916516917771 0.09472799779492774 0.40440767287575846 
0.22085919299300535 0.18027400319000136 0.271145442749465 0.18027400319000136 0.14744735787752716 
0.16976395521768495 0.2075590111955787 0.2075590111955787 0.2075590111955787 0.2075590111955787 
0.2 0.2 0.2 0.2 0.2 
0.22127560178211697 0.09698436896060386 0.07932418821136752 0.5230916528345444 0.07932418821136752 
0.19147430099047413 0.23410279603810327 0.19147430099047413 0.19147430099047413 0.19147430099047413 
0.17126424110108873 0.3149430355956448 0.17126424110108873 0.17126424110108873 0.17126424110108873 
0.18789995867687906 0.28261544419331086 0.18789995867687906 0.18789995867687906 0.1536846797760521 
0.22103155461965 0.14695523840838146 0.271934495825114 0.1800393555734274 0.1800393555734274 
0.2 0.2 0.2 0.2 0.2 
0.14505282344908516 0.41341737921641397 0.17807912590447508 0.11839784798094066 0.14505282344908516 
0.002888181624711016 0.6477759073039625 0.2925800315810951 0.0054137988301710595 0.05134208066006033 
5.561762484489602E-4 1.4396037851422176E-12 0.9994438232195708 5.304110035409612E-10 1.2965143244860796E-13 
9.536734060793736E-7 2.8679692531786466E-10 3.5361204191209894E-10 0.999999045453073 2.3311191200954256E-10 
4.053720015128246E-4 9.248803136184559E-4 4.966336328689659E-4 3.3155657234501426E-4 0.9978415574796546 
5.307059606593175E-10 3.920096982401108E-7 1.2431458352369553E-9 6.543445966014812E-10 0.9999996055621053 
8.206550897992775E-23 1.0 3.31435445801187E-22 3.4064485134330086E-23 4.223609447105775E-22 
0.04704200070589372 0.5364533116054422 0.11019297236852899 0.03823629112184927 0.2680754241982859 
0.1625848902188862 0.20487841686618108 0.41677665711666767 0.053175145579378726 0.1625848902188862 
0.48721953870814017 0.009255113855449843 0.28376356445902334 0.21772587924819478 0.0020359037291917724 
0.11195604314068157 0.385913942092506 0.1368811511363081 0.11195604314068157 0.2532928204898229 
0.02668406137545983 0.8297061263550511 0.13821748179352056 0.0017870583132399336 0.0036052721627282376 
0.19829319090211614 0.24293505077651895 0.19829319090211614 0.19829319090211614 0.1621853765171327 
0.05919688922596457 0.7632124430961414 0.05919688922596457 0.05919688922596457 0.05919688922596457 
0.18364575867622646 0.18364575867622646 0.22453136198566015 0.18364575867622646 0.22453136198566015 
0.2 0.2 0.2 0.2 0.2 
0.2 0.2 0.2 0.2 0.2 
0.18188812442370433 0.27244750230518255 0.18188812442370433 0.18188812442370433 0.18188812442370433 
0.19147430099047413 0.23410279603810327 0.19147430099047413 0.19147430099047413 0.19147430099047413 
0.20008865357539332 0.056553240476722146 0.6117781422344758 0.08541897346461988 0.04616099024878887 
0.3367913889267518 0.07650103511433336 0.4200864143024947 0.11554846076657471 0.05107270088984532 
0.25047190432847494 0.16511876746888646 0.16511876746888646 0.30950954833105015 0.10978101240270181 
0.3288206203674467 0.031971217665784424 0.5180529187443299 0.08918402555665488 0.031971217665784424 
0.2579015785687284 0.13937175513341094 0.3179849425127745 0.17074859835636674 0.1139931254287193 
0.2 0.2 0.2 0.2 0.2 
0.23873793601401516 0.23873793601401516 0.23873793601401516 0.23873793601401516 0.04504825594393934 
0.24405038362776096 0.16157815382145396 0.30090683290413955 0.16157815382145396 0.1318864758251915 
0.22835533249813364 0.18639264855290003 0.15245184036853912 0.28034833821188815 0.15245184036853912 
0.2 0.2 0.2 0.2 0.2 
0.17643222088223307 0.21571185274517785 0.21571185274517785 0.17643222088223307 0.21571185274517785 
0.2735146850282333 0.09490793194927254 0.4245091022342905 0.14396770770282635 0.06310057308537728 
0.21061577907857185 0.11453166919403689 0.14003019650438117 0.39479215871862866 0.14003019650438117 
0.23273148217969544 0.14922013269617737 0.07800064541801251 0.4620470942881022 0.07800064541801251 
0.16536643672491538 0.25195034491262724 0.16536643672491538 0.25195034491262724 0.16536643672491538 
0.13428202594165645 0.46287189623337455 0.13428202594165645 0.13428202594165645 0.13428202594165645 
0.10501733555251662 0.5565503349718944 0.10501733555251662 0.10501733555251662 0.12839765837055572 
0.11888204167442407 0.5685991436017873 0.18363158368070354 0.051208321496418345 0.07767890954666651 
0.20637139054013018 0.20637139054013018 0.1377751854667747 0.3117068479861904 0.1377751854667747 
0.12202125345026547 0.28080182352930244 0.14980362077418596 0.09959857018239564 0.34777473206385023 
0.21586713904286245 0.21586713904286245 0.21586713904286245 0.17619929143570642 0.17619929143570642 
0.20663558261706222 0.08237273584781599 0.5418552003521518 0.06587694253131741 0.10325953865165226 
