0.1725694053314786 0.11376304894382129 0.32785315052857655 0.21324498986464469 0.1725694053314786 
0.18188812442370433 0.27244750230518255 0.18188812442370433 0.18188812442370433 0.18188812442370433 
0.24293505077651895 0.19829319090211614 0.1621853765171327 0.19829319090211614 0.19829319090211614 
0.1099468390416727 0.08992628241907022 0.38390844787191014 0.16536818300661105 0.2508502476607358 
0.1578079704226164 0.1578079704226164 0.2901978891013846 0.1578079704226164 0.236378199630766 
0.05038562510090623 0.11399399921551799 0.5182108694287385 0.05038562510090623 0.2670238811539308 
0.21571185274517785 0.21571185274517785 0.1764322208822331 0.21571185274517785 0.1764322208822331 
0.21571185274517785 0.21571185274517785 0.1764322208822331 0.21571185274517785 0.1764322208822331 
0.18163906823507495 0.3499597097797343 0.14665982569201802 0.22548190201148544 0.09625949428168727 
0.2498236298095381 0.16678424679364126 0.16678424679364126 0.2498236298095381 0.16678424679364126 
0.08918297480611354 0.08918297480611354 0.4810143139146637 0.08918297480611354 0.2514367616669956 
0.19147430099047413 0.19147430099047413 0.19147430099047413 0.23410279603810322 0.19147430099047413 
0.23066901696027353 0.23066901696027353 0.1539964745595897 0.23066901696027353 0.1539964745595897 
0.24293505077651895 0.19829319090211614 0.1621853765171327 0.19829319090211614 0.19829319090211614 
0.1099468390416727 0.08992628241907022 0.38390844787191014 0.16536818300661105 0.2508502476607358 
0.1578079704226164 0.1578079704226164 0.2901978891013846 0.1578079704226164 0.236378199630766 
0.05038562510090623 0.11399399921551799 0.5182108694287385 0.05038562510090623 0.2670238811539308 
0.21571185274517785 0.21571185274517785 0.1764322208822331 0.21571185274517785 0.1764322208822331 
0.21571185274517785 0.21571185274517785 0.1764322208822331 0.21571185274517785 0.1764322208822331 
0.18163906823507495 0.3499597097797343 0.14665982569201802 0.22548190201148544 0.09625949428168727 
0.17126424110108873 0.3149430355956448 0.17126424110108873 0.17126424110108873 0.17126424110108873 
0.12419366026740852 0.12419366026740852 0.3464394345892146 0.12419366026740852 0.28097958460855993 
0.1682609102320395 0.20572133881923121 0.2520355018974585 0.1682609102320395 0.20572133881923121 
0.35410608240040553 0.15387531137008975 0.1027283845269694 0.286561837175566 0.1027283845269694 
0.18364575867622646 0.18364575867622646 0.18364575867622646 0.22453136198566015 0.22453136198566015 
0.29022961432637334 0.19132827024660806 0.1272066860170104 0.23539062916212736 0.15584480024788064 
0.2 0.2 0.2 0.2 0.2 
0.047186763014597725 0.047186763014597725 0.6083685334325598 0.047186763014597725 0.25007117752364727 
0.12093146915844531 0.5162741233662188 0.12093146915844531 0.12093146915844531 0.12093146915844531 
0.19147430099047413 0.23410279603810327 0.19147430099047413 0.19147430099047413 0.19147430099047413 
0.18364575867622646 0.18364575867622646 0.22453136198566015 0.18364575867622646 0.22453136198566015 
0.18789995867687906 0.1536846797760521 0.18789995867687906 0.18789995867687906 0.28261544419331086 
0.2 0.2 0.2 0.2 0.2 
0.2490481785297001 0.2024292869081743 0.1345873179493294 0.2490481785297001 0.16488703808309613 
0.9999995784738087 1.2532537611402208E-17 1.6366875047135331E-18 4.2152619129544296E-7 1.321501516639244E-18 
0.03566327601813897 0.011517611182051617 0.003951532870347227 0.945655727564747 0.003211852364715078 
5.161081060978532E-16 2.223130546188481E-16 0.9999999958560553 5.161081060978532E-16 4.143943670881275E-9 
4.195822752761568E-5 4.195822752761568E-5 6.062560327757316E-4 4.195822752761568E-5 0.9992678692846415 
0.4369603108105147 0.26827519657341503 0.014612270677914993 0.26827519657341503 0.011877025364740036 
0.5927940660689147 0.048500989744895084 0.004253088841949379 0.35019876650229154 0.004253088841949379 
6.514502245643097E-11 0.9999999998774702 2.985007629609093E-12 5.141483484233885E-11 2.985007629609093E-12 
6.549531305322246E-4 0.9983135484295383 9.341765902298177E-5 8.231492995112051E-4 1.1493148139545577E-4 
0.07216148359093563 0.14215776596627325 0.46438543979329194 0.14215776596627325 0.17913754468322593 
0.22629299378364578 0.34326829080686916 0.12305684986350422 0.18432501568247658 0.12305684986350422 
0.1979982978502288 0.24950398374129665 0.022470452792326855 0.5075568128238208 0.022470452792326855 
0.2 0.2 0.2 0.2 0.2 
0.2 0.2 0.2 0.2 0.2 
0.24855856787208955 0.24855856787208955 0.1351647430948161 0.20246124793788436 0.16525687322312063 
0.2 0.2 0.2 0.2 0.2 
0.2 0.2 0.2 0.2 0.2 
0.22453136198566015 0.18364575867622646 0.18364575867622646 0.22453136198566015 0.18364575867622646 
0.2 0.2 0.2 0.2 0.2 
0.4582510187554299 0.033616380448434124 0.022442563568926717 0.4582510187554299 0.027439018471779132 
0.21915883938712738 0.21915883938712738 0.14631218825544054 0.2690579447148641 0.14631218825544054 
0.02850513804669287 0.7354355754340253 0.12169260209026145 0.034851321998114505 0.07951536243090589 
0.21450608426018808 0.17508834472387344 0.14320597184207143 0.32399362733179565 0.14320597184207143 
0.23669312047988367 0.1573680011869796 0.1573680011869796 0.2912028759591775 0.1573680011869796 
0.2 0.2 0.2 0.2 0.2 
0.28404131203815813 0.05359670078824894 0.228812152100133 0.28404131203815813 0.14950852303530163 
0.25110428201135027 0.25110428201135027 0.11098870380655793 0.25110428201135027 0.13569845015939114 
0.12907397900620568 0.157810104148752 0.29202096891941826 0.12907397900620568 0.29202096891941826 
0.2 0.2 0.2 0.2 0.2 
0.3371182481172066 0.12085214613704867 0.12085214613704867 0.273419639517236 0.14775782009145993 
0.20786289666211227 0.16931293826834257 0.1381999126224388 0.3153113141787637 0.16931293826834257 
0.12471978776720395 0.12471978776720395 0.35942932026132246 0.10158943258351319 0.2895416716207563 
0.04375770807257721 0.04375770807257721 0.6139185238702334 0.053834984347166784 0.24473107563744528 
0.09292957627499274 0.7837081262668941 0.038574039312098206 0.059583531945399164 0.025204726200615674 
0.2 0.2 0.2 0.2 0.2 
0.17480934314738605 0.26184430166078543 0.17480934314738605 0.17480934314738605 0.2137276688970563 
0.2756360359968088 0.2230596219404152 0.07996373432341061 0.3413768734159545 0.07996373432341061 
0.14263780634946516 0.17474993755717916 0.32543663247094895 0.14263780634946516 0.21453781727294155 
0.36247637206311495 0.1561363376168924 0.08490605712136678 0.292672287194578 0.10380894600404747 
0.232553433006913 0.18981930412587236 0.15525452573442944 0.232553433006913 0.18981930412587236 
0.3696833592842294 0.22830805191984577 0.019482058532818043 0.3696833592842294 0.012843170978877362 
