0.1263149068370999 0.38146977586105535 0.19511278623983588 0.19511278623983588 0.10198974482217284 
0.2 0.2 0.2 0.2 0.2 
0.16497393840375685 0.30337560614524467 0.16497393840375685 0.16497393840375685 0.20170257864348454 
0.3026107761517784 0.05510779883420138 0.24260890172699537 0.24260890172699537 0.15706362156002954 
0.15797466456898537 0.23760558710514879 0.23760558710514879 0.23760558710514879 0.12920857411556824 
0.12089790277601878 0.12089790277601878 0.3523835135850229 0.3523835135850229 0.05343716727791642 
0.18364575867622646 0.22453136198566015 0.18364575867622646 0.18364575867622646 0.22453136198566015 
0.18364575867622646 0.22453136198566015 0.18364575867622646 0.18364575867622646 0.22453136198566015 
0.30558205106665215 0.0556488913305501 0.19688901370517065 0.19688901370517065 0.24499103019245685 
0.18364575867622646 0.22453136198566015 0.18364575867622646 0.18364575867622646 0.22453136198566015 
0.11178717062960355 0.16957215667422537 0.32215887689235173 0.32215887689235173 0.07432291891146735 
0.22478382974577063 0.18347744683615302 0.18347744683615302 0.18347744683615302 0.22478382974577063 
0.19138277710975451 0.19138277710975451 0.19138277710975451 0.19138277710975451 0.2344688915609822 
0.16497393840375685 0.30337560614524467 0.16497393840375685 0.16497393840375685 0.20170257864348454 
0.3026107761517784 0.05510779883420138 0.24260890172699537 0.24260890172699537 0.15706362156002954 
0.15797466456898537 0.23760558710514879 0.23760558710514879 0.23760558710514879 0.12920857411556824 
0.12089790277601878 0.12089790277601878 0.3523835135850229 0.3523835135850229 0.05343716727791642 
0.18364575867622646 0.22453136198566015 0.18364575867622646 0.18364575867622646 0.22453136198566015 
0.18364575867622646 0.22453136198566015 0.18364575867622646 0.18364575867622646 0.22453136198566015 
0.30558205106665215 0.0556488913305501 0.19688901370517065 0.19688901370517065 0.24499103019245685 
0.17126424110108873 0.3149430355956448 0.17126424110108873 0.17126424110108873 0.17126424110108873 
0.18670475931077338 0.12464558568048832 0.28200203466412505 0.28200203466412505 0.12464558568048832 
0.17643222088223307 0.21571185274517785 0.21571185274517785 0.21571185274517785 0.17643222088223307 
0.13108839541045503 0.3656723659599173 0.13108839541045503 0.13108839541045503 0.24106244780871766 
0.271145442749465 0.14744735787752714 0.18027400319000134 0.18027400319000134 0.22085919299300535 
0.14744735787752714 0.271145442749465 0.18027400319000134 0.18027400319000134 0.22085919299300535 
0.18188812442370433 0.27244750230518255 0.18188812442370433 0.18188812442370433 0.18188812442370433 
0.10922780888471462 0.048278957374358646 0.3971071381832839 0.3971071381832839 0.048278957374358646 
0.2 0.2 0.2 0.2 0.2 
0.2 0.2 0.2 0.2 0.2 
0.19138277710975451 0.2344688915609822 0.19138277710975451 0.19138277710975451 0.19138277710975451 
0.2794114137658944 0.12350052493821152 0.18498958994383705 0.18498958994383705 0.22710888140822 
0.2 0.2 0.2 0.2 0.2 
0.19654673792398214 0.2412974146702102 0.16042921636779894 0.16042921636779894 0.2412974146702102 
4.802105377328683E-5 1.7220213232377982E-4 9.001384210642038E-5 9.001384210642038E-5 0.9995997491296902 
0.9998187703659934 8.21776751415725E-10 8.100457250705362E-9 8.100457250705362E-9 1.8121261131526657E-4 
1.109096046291816E-8 1.8070115668745893E-10 0.49999999434891657 0.49999999434891657 3.050513037230484E-11 
0.14369418664693578 0.40512217762892605 0.11752847215092019 0.11752847215092019 0.21612669142229768 
0.0965779815526189 0.22622793871313207 0.11907776634188111 0.11907776634188111 0.43903854705048667 
0.12245046344835711 0.15389652864233225 0.04054664317173234 0.04054664317173234 0.6425597215658458 
0.10898078208088725 0.317648445681097 0.08858086067350343 0.08858086067350343 0.3962090508910085 
5.649115822722034E-6 0.9999823744186764 1.4661991285505725E-6 1.4661991285505725E-6 9.044067243717671E-6 
3.024303361261971E-9 0.9999999944515157 1.0256600389184003E-9 1.0256600389184003E-9 4.728609549571592E-10 
0.17480934314738605 0.26184430166078543 0.17480934314738605 0.17480934314738605 0.2137276688970563 
0.45619126453755404 0.15918029516190696 0.01792240582819682 0.01792240582819682 0.348783628644145 
0.22453136198566015 0.18364575867622646 0.18364575867622646 0.18364575867622646 0.22453136198566015 
0.2 0.2 0.2 0.2 0.2 
0.17480934314738605 0.26184430166078543 0.17480934314738605 0.17480934314738605 0.2137276688970563 
0.2 0.2 0.2 0.2 0.2 
0.17126424110108873 0.3149430355956448 0.17126424110108873 0.17126424110108873 0.17126424110108873 
0.19147430099047413 0.19147430099047413 0.19147430099047413 0.19147430099047413 0.23410279603810327 
0.17126424110108873 0.3149430355956448 0.17126424110108873 0.17126424110108873 0.17126424110108873 
0.23101136729123534 0.04283091033485355 0.07925680046377165 0.07925680046377165 0.5676441214463681 
0.2675836083900583 0.3337622108834557 0.09180422983605922 0.09180422983605922 0.21504572105436756 
0.18054416929418662 0.27630999950136237 0.22309945078217558 0.22309945078217558 0.09694692964009927 
0.3872703990604844 0.1980796680899468 0.0837906655934893 0.0837906655934893 0.24706860166259012 
0.25086507604057207 0.16608994930628537 0.16608994930628537 0.16608994930628537 0.25086507604057207 
0.17126424110108873 0.3149430355956448 0.17126424110108873 0.17126424110108873 0.17126424110108873 
0.2258914200410865 0.09643431983565402 0.2258914200410865 0.2258914200410865 0.2258914200410865 
0.22883716431033943 0.18600153698336114 0.1515059553907434 0.1515059553907434 0.2821493879248124 
0.1482809749152202 0.1816635559009322 0.27438771554350416 0.27438771554350416 0.12128003809683939 
0.18188812442370433 0.27244750230518255 0.18188812442370433 0.18188812442370433 0.18188812442370433 
0.18188812442370433 0.18188812442370433 0.18188812442370433 0.18188812442370433 0.27244750230518255 
0.2469451419991106 0.3851484908644679 0.08472345787316524 0.08472345787316524 0.19845945139009094 
0.13821727120622207 0.1128184000524391 0.31807296434444965 0.31807296434444965 0.1128184000524391 
0.1407307800901588 0.112826583478085 0.3493576510928717 0.3493576510928717 0.04772733424601266 
0.13117509041905437 0.13117509041905437 0.24588327305396374 0.24588327305396374 0.24588327305396374 
0.18188812442370433 0.27244750230518255 0.18188812442370433 0.18188812442370433 0.18188812442370433 
0.2 0.2 0.2 0.2 0.2 
0.2437317445147548 0.2437317445147548 0.10498720711893358 0.10498720711893358 0.30256209673262296 
0.13242623156691122 0.2450491789553925 0.2450491789553925 0.2450491789553925 0.13242623156691122 
0.13019215821997346 0.4606274269116637 0.10626798562559242 0.10626798562559242 0.19664444361717814 
0.232553433006913 0.15525452573442944 0.18981930412587236 0.18981930412587236 0.232553433006913 
0.25723848499585583 0.08093223454920481 0.06472491303650717 0.06472491303650717 0.5323794543819248 
