0.1555146491293674 0.2380041005554293 0.1555146491293674 0.1555146491293674 0.2954519520564682 
0.236378199630766 0.1578079704226164 0.2901978891013846 0.1578079704226164 0.1578079704226164 
0.1937088773914259 0.15811284242942708 0.15811284242942708 0.3607438470034735 0.12932159074624627 
0.11247186807019723 0.21082471496110053 0.061161565594976645 0.11247186807019723 0.5030699833035287 
0.21915883938712738 0.2690579447148641 0.1463121882554405 0.1463121882554405 0.21915883938712738 
0.11855495886974095 0.5302787461654589 0.06446951595927829 0.06446951595927829 0.2222272630462437 
0.19147430099047413 0.19147430099047413 0.19147430099047413 0.23410279603810322 0.19147430099047413 
0.19147430099047413 0.19147430099047413 0.19147430099047413 0.23410279603810322 0.19147430099047413 
0.7051143086348378 0.060169048430995443 0.03230901627870658 0.060169048430995443 0.14223857822446465 
0.18364575867622646 0.18364575867622646 0.22453136198566015 0.22453136198566015 0.18364575867622646 
0.1059990188603868 0.45946156808548894 0.08669733290441009 0.1059990188603868 0.24184306128932717 
0.2457206601627035 0.10860912984636972 0.37437708827902605 0.10860912984636972 0.1626839918655314 
0.30890670292688366 0.13653751453534568 0.13653751453534568 0.25108299913619786 0.16693526886622678 
0.1937088773914259 0.15811284242942708 0.15811284242942708 0.3607438470034735 0.12932159074624627 
0.11247186807019723 0.21082471496110053 0.061161565594976645 0.11247186807019723 0.5030699833035287 
0.21915883938712738 0.2690579447148641 0.1463121882554405 0.1463121882554405 0.21915883938712738 
0.11855495886974095 0.5302787461654589 0.06446951595927829 0.06446951595927829 0.2222272630462437 
0.19147430099047413 0.19147430099047413 0.19147430099047413 0.23410279603810322 0.19147430099047413 
0.19147430099047413 0.19147430099047413 0.19147430099047413 0.23410279603810322 0.19147430099047413 
0.7051143086348378 0.060169048430995443 0.03230901627870658 0.060169048430995443 0.14223857822446465 
0.3149430355956448 0.17126424110108873 0.17126424110108873 0.17126424110108873 0.17126424110108873 
0.13108839541045503 0.3656723659599173 0.13108839541045503 0.13108839541045503 0.24106244780871766 
0.232553433006913 0.232553433006913 0.18981930412587233 0.1552545257344294 0.18981930412587233 
0.1368811511363081 0.11195604314068157 0.385913942092506 0.2532928204898229 0.11195604314068157 
0.17480934314738605 0.17480934314738605 0.2137276688970563 0.17480934314738605 0.26184430166078543 
0.2138395576792909 0.1745442993828464 0.1745442993828464 0.26252754417217034 0.1745442993828464 
0.2 0.2 0.2 0.2 0.2 
0.059766046406132325 0.6146875186804643 0.059766046406132325 0.059766046406132325 0.20601434210113861 
0.5698741772005067 0.10753145569987334 0.10753145569987334 0.10753145569987334 0.10753145569987334 
0.27244750230518255 0.18188812442370433 0.18188812442370433 0.18188812442370433 0.18188812442370433 
0.21571185274517785 0.21571185274517785 0.17643222088223307 0.17643222088223307 0.21571185274517785 
0.12920857411556824 0.15797466456898537 0.23760558710514884 0.23760558710514884 0.23760558710514884 
0.2 0.2 0.2 0.2 0.2 
2.1576082819569894E-6 1.1659860897927485E-6 1.7537293728556169E-6 0.9999934941910479 1.4284852073833546E-6 
1.5608027049162464E-5 7.682256044052424E-7 3.67433478265844E-6 0.9999795422919543 4.071206095298192E-7 
3.9200953683178597E-7 1.6735107976472585E-7 1.3602492473578342E-7 1.107979348627233E-7 0.9999991938165238 
3.1558910325407285E-13 0.9999999178712519 3.1558910325407285E-13 3.8826838018206984E-13 8.212772864577277E-8 
1.6887248188705555E-5 0.0017107205329802036 0.9982355479490437 2.5616598752105483E-5 1.1227671035039214E-5 
5.0043825724709145E-6 1.673501938634788E-7 0.9999939001516481 7.607653916685772E-7 1.673501938634788E-7 
0.9964983628996449 8.242841262314236E-5 0.0011910112835919215 0.0019285217869506497 2.996756171893478E-4 
0.9999999999797451 1.362318516604185E-12 9.354057614511333E-12 7.48083342823842E-12 2.0576689901274797E-12 
0.399128540704184 0.044223911097907166 0.2520161461966357 0.10359177204445359 0.2010396299568193 
0.011413359877357684 0.08945573960025655 0.004872427631878797 0.006007557724225969 0.8882509151662813 
0.3924271762501154 0.11384557301975466 0.20935409590145446 0.17052758180892091 0.11384557301975466 
0.31849549416288053 0.011064853163679876 0.12286022757820601 0.025687472201524432 0.521891952893709 
0.22453136198566015 0.18364575867622646 0.18364575867622646 0.18364575867622646 0.22453136198566015 
0.3612704056523108 0.15968239858692226 0.15968239858692226 0.15968239858692226 0.15968239858692226 
0.24087937523083602 0.16081299113549283 0.1966152672673423 0.24087937523083602 0.16081299113549283 
0.2 0.2 0.2 0.2 0.2 
0.2 0.2 0.2 0.2 0.2 
0.22453136198566015 0.18364575867622646 0.18364575867622646 0.22453136198566015 0.18364575867622646 
0.2 0.2 0.2 0.2 0.2 
0.13491475549657314 0.0733658808163818 0.08969954580885346 0.38881014576347145 0.3132096721147199 
0.1708543069132711 0.11406369730399138 0.11406369730399138 0.11406369730399138 0.48695460117475475 
0.6570086505958117 0.13976520574832202 0.04957380432512955 0.04054675848061117 0.11310558085012534 
0.09438991265851776 0.09438991265851776 0.09438991265851776 0.09438991265851776 0.6224403493659294 
0.1524518403685391 0.18639264855290003 0.1524518403685391 0.22835533249813364 0.2803483382118881 
0.19147430099047413 0.19147430099047413 0.19147430099047413 0.23410279603810322 0.19147430099047413 
0.08103665602761286 0.18812964060351903 0.04406727511751657 0.45322730255445326 0.23353912569689794 
0.28123904121609233 0.15198347758805578 0.15198347758805578 0.1861996051254842 0.22859439848231206 
0.16967858868922567 0.31398310102629096 0.16967858868922567 0.13878129485062451 0.20787842674463333 
0.2 0.2 0.2 0.2 0.2 
0.16497393840375685 0.16497393840375685 0.20170257864348456 0.30337560614524467 0.16497393840375685 
0.13347990666287318 0.13347990666287318 0.13347990666287318 0.13347990666287318 0.4660803733485073 
0.12715019500916502 0.4498647841710222 0.1037850150136944 0.12715019500916502 0.19204981079695363 
0.05627589668493141 0.507899820776798 0.06938649957679076 0.045741710312047996 0.32069607264943156 
0.860199117516349 0.04382705595283274 0.023381086301677966 0.04382705595283274 0.028765684276307553 
0.27244750230518255 0.18188812442370433 0.18188812442370433 0.18188812442370433 0.18188812442370433 
0.34886795149227273 0.15420048366210765 0.18853059752140414 0.15420048366210765 0.15420048366210765 
0.25036228946065936 0.07263166271649898 0.16432412391718898 0.3100751876954493 0.2026067362102031 
0.16967858868922567 0.3139831010262909 0.13878129485062451 0.16967858868922567 0.20787842674463333 
0.15884316807997895 0.10604496526902832 0.3655383795103324 0.23991941478304346 0.129654072357617 
0.232553433006913 0.15525452573442944 0.18981930412587236 0.18981930412587236 0.232553433006913 
0.37557332372190766 0.03293431166780704 0.11973553610548886 0.23587841425239828 0.23587841425239828 
