0.2914443847544107 0.08346622492371857 0.15445074322551347 0.23531932354817842 0.23531932354817842 
0.16497393840375685 0.20170257864348456 0.30337560614524467 0.16497393840375685 0.16497393840375685 
0.1552545257344294 0.232553433006913 0.232553433006913 0.18981930412587233 0.18981930412587233 
0.5591752771059576 0.054368593057522695 0.054368593057522695 0.232107473056917 0.09998006372207982 
0.2 0.2 0.2 0.2 0.2 
0.15968239858692226 0.15968239858692226 0.3612704056523108 0.15968239858692226 0.15968239858692226 
0.19147430099047413 0.19147430099047413 0.19147430099047413 0.19147430099047413 0.23410279603810327 
0.19147430099047413 0.19147430099047413 0.19147430099047413 0.19147430099047413 0.23410279603810327 
0.27279049245920595 0.02652341024666839 0.3419604813410053 0.21816203395290493 0.14056358200021538 
0.1682609102320395 0.20572133881923121 0.1682609102320395 0.20572133881923121 0.2520355018974585 
0.18364575867622646 0.18364575867622646 0.22453136198566015 0.18364575867622646 0.22453136198566015 
0.271145442749465 0.18027400319000136 0.14744735787752714 0.22085919299300535 0.18027400319000136 
0.21424249980959395 0.14303000076162423 0.21424249980959395 0.21424249980959395 0.21424249980959395 
0.1552545257344294 0.232553433006913 0.232553433006913 0.18981930412587233 0.18981930412587233 
0.5591752771059576 0.054368593057522695 0.054368593057522695 0.232107473056917 0.09998006372207982 
0.2 0.2 0.2 0.2 0.2 
0.15968239858692226 0.15968239858692226 0.3612704056523108 0.15968239858692226 0.15968239858692226 
0.19147430099047413 0.19147430099047413 0.19147430099047413 0.19147430099047413 0.23410279603810327 
0.19147430099047413 0.19147430099047413 0.19147430099047413 0.19147430099047413 0.23410279603810327 
0.27279049245920595 0.02652341024666839 0.3419604813410053 0.21816203395290493 0.14056358200021538 
0.17126424110108873 0.17126424110108873 0.3149430355956448 0.17126424110108873 0.17126424110108873 
0.2 0.2 0.2 0.2 0.2 
0.17480934314738605 0.2137276688970563 0.26184430166078543 0.17480934314738605 0.17480934314738605 
0.12932159074624625 0.15811284242942708 0.15811284242942708 0.1937088773914259 0.3607438470034735 
0.31398310102629096 0.16967858868922567 0.13878129485062451 0.20787842674463333 0.16967858868922567 
0.12350052493821152 0.18498958994383707 0.22710888140822 0.18498958994383707 0.2794114137658944 
0.2 0.2 0.2 0.2 0.2 
0.2 0.2 0.2 0.2 0.2 
0.09438991265851776 0.09438991265851776 0.6224403493659293 0.09438991265851776 0.09438991265851776 
0.19147430099047413 0.19147430099047413 0.23410279603810327 0.19147430099047413 0.19147430099047413 
0.22453136198566015 0.18364575867622646 0.18364575867622646 0.22453136198566015 0.18364575867622646 
0.27087652237573545 0.3347236502184739 0.09710541998268374 0.17857011799728198 0.11872428942582473 
0.2 0.2 0.2 0.2 0.2 
0.1797992570417842 0.27274102755513 0.14645394150209734 0.1797992570417842 0.22120651685920398 
1.672497537119983E-12 3.1350401001287877E-12 3.7777944540849795E-11 2.7371847911056293E-9 0.9999999972202298 
1.0 1.5706463139489479E-34 4.476524257500008E-34 8.271806125530684E-25 4.3247949243527877E-32 
0.18605491152029582 0.08223672372718868 0.151227619038079 0.22940014819736482 0.3510805975170714 
1.7269438853103394E-22 1.0 2.120142512703933E-22 2.120142512703933E-22 2.608405330458998E-22 
0.022884766471212053 0.05360614773143719 0.42015476984560857 0.0831995461061336 0.42015476984560857 
0.07355626684880336 0.012171363219128798 0.07355626684880336 0.15091108664566372 0.6898050164376004 
2.78950981751638E-20 2.2624309808051252E-20 1.0 6.594352424266042E-20 2.580010572933813E-19 
0.18103804811460664 0.014601179337199519 0.637136378710536 0.11180498946028807 0.05541940437736975 
0.8553876898802172 0.0019039331274168713 0.004500864616278836 0.1271479295909866 0.01105958278510037 
0.12243602005451319 0.12243602005451319 0.4220385593119011 0.14969431658593582 0.1833950839931366 
0.9038106670958327 4.5695400681532356E-4 0.0016847849047243763 0.08869260140099597 0.005354992591631645 
0.26184430166078543 0.17480934314738608 0.17480934314738608 0.21372766889705624 0.17480934314738608 
0.2 0.2 0.2 0.2 0.2 
0.1416965754677335 0.2122451819968885 0.2605701536082752 0.17324290693021446 0.2122451819968885 
0.2 0.2 0.2 0.2 0.2 
0.19147430099047413 0.23410279603810327 0.19147430099047413 0.19147430099047413 0.19147430099047413 
0.18364575867622646 0.18364575867622646 0.18364575867622646 0.22453136198566015 0.22453136198566015 
0.2 0.2 0.2 0.2 0.2 
0.24394045223406427 0.028341038089908108 0.034793857646264914 0.30658592656201855 0.38633872546774384 
0.5922950160112384 0.04469091419095205 0.05475220535226226 0.24104342195934808 0.06721844248619945 
0.05775812093759859 0.038239851995183885 0.8345492963725119 0.038239851995183885 0.03121287869952183 
0.6920371626530571 0.02116972118000629 0.02116972118000629 0.2177283619342796 0.04789503305265073 
0.30608531391000976 0.1341561870291557 0.10972727609273807 0.24825038887155787 0.20178083409653824 
0.2 0.2 0.2 0.2 0.2 
0.2530861012571039 0.05928260329812083 0.05928260329812083 0.3141743460733271 0.3141743460733271 
0.24043836620162776 0.1291083587027819 0.19500745444698117 0.24043836620162776 0.19500745444698117 
0.18364575867622646 0.22453136198566015 0.22453136198566015 0.18364575867622646 0.18364575867622646 
0.2 0.2 0.2 0.2 0.2 
0.1377751854667747 0.20637139054013018 0.1377751854667747 0.20637139054013018 0.3117068479861904 
0.515769777124396 0.059922209560718 0.048910875979895956 0.2638040669038331 0.11159307043115671 
0.12920857411556824 0.23760558710514884 0.23760558710514884 0.15797466456898535 0.23760558710514884 
0.32061705656014233 0.11249263247745259 0.13810547899682724 0.25887405218432125 0.16991077978125638 
0.007539643164389198 0.007539643164389198 0.9376868002159594 0.014041069861032571 0.033192843594229526 
0.2 0.2 0.2 0.2 0.2 
0.16678424679364126 0.2498236298095381 0.2498236298095381 0.16678424679364126 0.16678424679364126 
0.3713382612342723 0.055197066374039656 0.08302047292246893 0.29770905343461096 0.1927351460346081 
0.17643222088223307 0.17643222088223307 0.21571185274517785 0.21571185274517785 0.21571185274517785 
0.15087712693265506 0.15087712693265506 0.12315187470062466 0.22788737114336188 0.3472065002907035 
0.24339871353723436 0.19825833287944997 0.16182628782441605 0.19825833287944997 0.19825833287944997 
0.34644737437373185 0.00598295174756515 0.16591099451339406 0.27023191355528536 0.21142676581002384 
