0.05900901147380048 0.1346325667153336 0.20604555986167075 0.25577947073866003 0.08875392047187479 0.25577947073866003 
0.16666666666666666 0.16666666666666666 0.16666666666666666 0.16666666666666666 0.16666666666666666 0.16666666666666666 
0.14161169873877483 0.26041407120311105 0.14161169873877483 0.14161169873877483 0.17313913384178933 0.14161169873877483 
0.04319593700634624 0.05281277737201153 0.18440977080758822 0.35529795709395057 0.0794343258038729 0.28484923191623057 
0.128500324537995 0.128500324537995 0.23630316535916035 0.1571087352743226 0.1571087352743226 0.19247871501620448 
0.128116601059904 0.03716742556002782 0.3822630735515772 0.10367889849150226 0.10367889849150226 0.2450951028454865 
0.22288237933083552 0.1819254078491296 0.1487980532050087 0.1487980532050087 0.1487980532050087 0.1487980532050087 
0.22288237933083552 0.1819254078491296 0.1487980532050087 0.1487980532050087 0.1487980532050087 0.1487980532050087 
0.07961356311365547 0.14923293298550241 0.12076737895472726 0.35609965899493984 0.0648485444648483 0.2294379214863268 
0.1487980532050087 0.22288237933083552 0.1487980532050087 0.1487980532050087 0.1819254078491296 0.1487980532050087 
0.11987389852629374 0.06478066448841728 0.34939882810116774 0.11987389852629374 0.11987389852629374 0.22619881183153354 
0.1487980532050087 0.1487980532050087 0.1487980532050087 0.22288237933083552 0.1487980532050087 0.18192540784912958 
0.20130060330996918 0.20130060330996918 0.1343898874888454 0.16430950920118542 0.1343898874888454 0.16430950920118542 
0.14161169873877483 0.26041407120311105 0.14161169873877483 0.14161169873877483 0.17313913384178933 0.14161169873877483 
0.04319593700634624 0.05281277737201153 0.18440977080758822 0.35529795709395057 0.0794343258038729 0.28484923191623057 
0.128500324537995 0.128500324537995 0.23630316535916035 0.1571087352743226 0.1571087352743226 0.19247871501620448 
0.128116601059904 0.03716742556002782 0.3822630735515772 0.10367889849150226 0.10367889849150226 0.2450951028454865 
0.22288237933083552 0.1819254078491296 0.1487980532050087 0.1487980532050087 0.1487980532050087 0.1487980532050087 
0.22288237933083552 0.1819254078491296 0.1487980532050087 0.1487980532050087 0.1487980532050087 0.1487980532050087 
0.07961356311365547 0.14923293298550241 0.12076737895472726 0.35609965899493984 0.0648485444648483 0.2294379214863268 
0.2305188593362249 0.153896228132755 0.153896228132755 0.153896228132755 0.153896228132755 0.153896228132755 
0.09952515654213595 0.09952515654213595 0.2776264012641305 0.1490772440605993 0.1490772440605993 0.22516879753039895 
0.13955207129104827 0.13955207129104827 0.20903296125145976 0.17062096538881455 0.17062096538881455 0.17062096538881455 
0.29121036638388603 0.29121036638388603 0.10439481680805705 0.10439481680805705 0.10439481680805705 0.10439481680805705 
0.14402682547909576 0.14402682547909576 0.14402682547909576 0.21573562865113693 0.1760919474557878 0.1760919474557878 
0.1678095746393552 0.2534624273056167 0.1369728078052244 0.1369728078052244 0.1678095746393552 0.1369728078052244 
0.16666666666666666 0.16666666666666666 0.16666666666666666 0.16666666666666666 0.16666666666666666 0.16666666666666666 
0.039815621169706585 0.039815621169706585 0.4094994876391405 0.13724496589393992 0.11106606614340464 0.2625582379841017 
0.2305188593362249 0.153896228132755 0.153896228132755 0.153896228132755 0.153896228132755 0.153896228132755 
0.16666666666666666 0.16666666666666666 0.16666666666666666 0.16666666666666666 0.16666666666666666 0.16666666666666666 
0.145126676591854 0.145126676591854 0.17743666170407293 0.17743666170407293 0.17743666170407293 0.17743666170407293 
0.11056427869233919 0.13517953401537908 0.13517953401537908 0.20332002370100605 0.25014404948391 0.16561258009198662 
0.16666666666666666 0.16666666666666666 0.16666666666666666 0.16666666666666666 0.16666666666666666 0.16666666666666666 
0.004373313145546627 0.980868677559109 0.00290764491542501 0.0035622446840222065 0.005380474780472075 0.00290764491542501 
9.094947017712622E-13 0.9999999999981435 3.011581671542889E-13 1.5959855525989648E-13 2.431624690092233E-13 2.431624690092233E-13 
1.2884669037211256E-7 5.903879364963958E-9 8.917319512782835E-9 0.9999701967072846 7.24810211727652E-9 2.96523767241515E-5 
5.115120887125714E-14 9.58812120331096E-14 0.9997805707316403 1.4987552453051007E-9 2.8673426737968817E-10 2.1942748272312226E-4 
7.970348090533296E-9 6.450037729567586E-9 2.5792446300583633E-7 2.8270303365400406E-9 0.9999997225158732 2.3122477250539386E-9 
0.4406119406402143 0.4406119406402143 0.030494205512681977 0.030494205512681977 0.020189263199464496 0.03759844449474288 
0.11226492599661073 0.7912633774753738 0.012439085658790098 0.04522337084315641 0.01533702104528901 0.02347221898078013 
0.9374581034614913 0.046410605792061126 0.003404589443980889 0.005142349632343904 0.003404589443980889 0.004179762226141927 
1.0 3.1533685520122778E-18 8.673617379884357E-19 4.942782244707566E-18 1.069431113693367E-18 2.031741137568253E-18 
0.22156765147325833 0.003156611453602044 0.04847313987659551 0.4958165254227207 0.009418420300565337 0.22156765147325833 
0.17313913384178936 0.26041407120311105 0.14161169873877483 0.14161169873877483 0.14161169873877483 0.14161169873877483 
0.5867722344144066 0.01599239670874137 0.004459710991674837 0.34901922272793023 0.004459710991674837 0.03929672416557192 
0.15515263526277778 0.15515263526277778 0.15515263526277778 0.18969472947444424 0.15515263526277778 0.18969472947444424 
0.16666666666666666 0.16666666666666666 0.16666666666666666 0.16666666666666666 0.16666666666666666 0.16666666666666666 
0.20750920007813733 0.20750920007813733 0.13853479618468736 0.13853479618468736 0.16937721128966318 0.13853479618468736 
0.16666666666666666 0.16666666666666666 0.16666666666666666 0.16666666666666666 0.16666666666666666 0.16666666666666666 
0.16070367680721379 0.16070367680721379 0.16070367680721379 0.16070367680721379 0.19648161596393082 0.16070367680721379 
0.16070367680721379 0.19648161596393082 0.16070367680721379 0.16070367680721379 0.16070367680721379 0.16070367680721379 
0.16666666666666666 0.16666666666666666 0.16666666666666666 0.16666666666666666 0.16666666666666666 0.16666666666666666 
0.06034195920034953 0.5076018145507909 0.04935410705817491 0.21069989915195161 0.06034195920034953 0.11166026083838329 
0.1734049016189065 0.07664538856217595 0.07664538856217595 0.40619023948668287 0.09370918015115211 0.1734049016189065 
0.5558798507686862 0.034305676238686314 0.11825211379420345 0.09569602066434958 0.0776142247398709 0.11825211379420345 
0.13899383220750955 0.06143561212994525 0.06143561212994525 0.5053240882210513 0.06143561212994525 0.17137524318160302 
0.16278966761607272 0.16278966761607272 0.13287536127168847 0.24588027460840522 0.13287536127168847 0.16278966761607272 
0.16070367680721379 0.19648161596393082 0.16070367680721379 0.16070367680721379 0.16070367680721379 0.16070367680721379 
0.049853999217667935 0.2688908648957159 0.1740784148656423 0.2160963082691581 0.07498410448265777 0.2160963082691581 
0.18889509416809067 0.18889509416809067 0.12558896237875716 0.18889509416809067 0.15386287755848552 0.15386287755848552 
0.1507523845247901 0.10064349366983907 0.22769895809509919 0.1507523845247901 0.18507638959274073 0.18507638959274073 
0.16666666666666666 0.16666666666666666 0.16666666666666666 0.16666666666666666 0.16666666666666666 0.16666666666666666 
0.1335993926920324 0.3022594050431916 0.1335993926920324 0.1335993926920324 0.16334302418867855 0.1335993926920324 
0.2575395346890841 0.09036106979155291 0.07375627685269243 0.3197027197347952 0.09036106979155291 0.16827932914032234 
0.08741478688734164 0.10731779271768413 0.3092785994830391 0.13203277652354303 0.1627924694592451 0.20116357492914683 
0.038028476580128964 0.03090999276431843 0.34321365943928034 0.17287550263396986 0.07175870914302203 0.34321365943928034 
0.30395675249424475 0.24368799694742624 0.15776222166135512 0.08360597651945567 0.08360597651945567 0.12738107585806233 
0.19648161596393082 0.16070367680721379 0.16070367680721379 0.16070367680721379 0.16070367680721379 0.16070367680721379 
0.18969472947444427 0.15515263526277778 0.15515263526277778 0.15515263526277778 0.18969472947444427 0.15515263526277778 
0.489340930441977 0.16400406187614178 0.047578601921179145 0.16400406187614178 0.047578601921179145 0.08749374196338104 
0.2055690958032874 0.11109092795125092 0.2055690958032874 0.1361008923194436 0.1361008923194436 0.2055690958032874 
0.4692901005712659 0.1985167395648402 0.07116545649643813 0.08700923445581861 0.08700923445581861 0.08700923445581861 
0.13955207129104827 0.17062096538881455 0.13955207129104827 0.20903296125145976 0.17062096538881455 0.17062096538881455 
0.19931251943311598 0.40209984904894797 0.02782883145586248 0.25116007636436133 0.01842460209570912 0.1011741216020033 
