0.2350336225881392 0.18888666292222828 0.2350336225881392 0.15215942897926532 0.18888666292222828 
0.33466349362549 0.14792207871305224 0.14792207871305224 0.14792207871305224 0.22157027023535322 
0.22453136198566015 0.18364575867622646 0.18364575867622646 0.18364575867622646 0.22453136198566015 
0.06394157452200415 0.22929266668767098 0.22929266668767098 0.3576167719928826 0.11985632010977106 
0.18498958994383707 0.18498958994383707 0.22710888140822 0.12350052493821152 0.2794114137658944 
0.06693900361304717 0.3610399739082692 0.45033214341467925 0.05474987545095732 0.06693900361304717 
0.22453136198566015 0.18364575867622646 0.18364575867622646 0.18364575867622646 0.22453136198566015 
0.22453136198566015 0.18364575867622646 0.18364575867622646 0.18364575867622646 0.22453136198566015 
0.14979679987886343 0.09651530278493757 0.09651530278493757 0.18730638905112845 0.4698662055001328 
0.19147430099047413 0.19147430099047413 0.19147430099047413 0.19147430099047413 0.23410279603810327 
0.10771837921457053 0.3070098807415417 0.38111388986168837 0.07191364866818552 0.13224420151401373 
0.3342201077160428 0.0397309377658261 0.0397309377658261 0.059758270858456565 0.5265597458938485 
0.20022968519625128 0.16343538350674464 0.1336749340190303 0.20022968519625128 0.3024303120817228 
0.22453136198566015 0.18364575867622646 0.18364575867622646 0.18364575867622646 0.22453136198566015 
0.06394157452200415 0.22929266668767098 0.22929266668767098 0.3576167719928826 0.11985632010977106 
0.18498958994383707 0.18498958994383707 0.22710888140822 0.12350052493821152 0.2794114137658944 
0.06693900361304717 0.3610399739082692 0.45033214341467925 0.05474987545095732 0.06693900361304717 
0.22453136198566015 0.18364575867622646 0.18364575867622646 0.18364575867622646 0.22453136198566015 
0.22453136198566015 0.18364575867622646 0.18364575867622646 0.18364575867622646 0.22453136198566015 
0.14979679987886343 0.09651530278493757 0.09651530278493757 0.18730638905112845 0.4698662055001328 
0.2137276688970563 0.17480934314738605 0.17480934314738605 0.17480934314738605 0.26184430166078543 
0.13289280323037758 0.30066079515443356 0.30066079515443356 0.13289280323037758 0.13289280323037758 
0.2075590111955787 0.2075590111955787 0.2075590111955787 0.16976395521768498 0.2075590111955787 
0.42164926106642653 0.07956240280965737 0.07956240280965737 0.07956240280965737 0.3396635305046012 
0.1536846797760521 0.18789995867687906 0.18789995867687906 0.28261544419331086 0.18789995867687906 
0.17643222088223307 0.21571185274517785 0.21571185274517785 0.17643222088223307 0.21571185274517785 
0.2 0.2 0.2 0.2 0.2 
0.05542546352935992 0.36549503979088843 0.45588903326888497 0.05542546352935992 0.06776499988150686 
0.19147430099047413 0.19147430099047413 0.19147430099047413 0.19147430099047413 0.23410279603810327 
0.2137276688970563 0.17480934314738605 0.17480934314738605 0.17480934314738605 0.26184430166078543 
0.19138277710975451 0.19138277710975451 0.19138277710975451 0.19138277710975451 0.2344688915609822 
0.12932159074624627 0.19370887739142592 0.15811284242942708 0.36074384700347356 0.15811284242942708 
0.2 0.2 0.2 0.2 0.2 
0.20632844588608582 0.13717971629795953 0.13717971629795953 0.20632844588608582 0.3129836756319093 
0.4275620042577082 0.006402380805960922 0.007911458160583293 0.0028061424635645736 0.5553180143121834 
1.8478577999924736E-30 6.852174181927091E-27 7.802734691108487E-28 1.0 2.8679719907926075E-30 
9.496246763186097E-12 0.009849140013226251 0.9901508599498621 1.7919161394593178E-11 9.496246763186097E-12 
0.22085919299300535 0.18027400319000136 0.14744735787752716 0.18027400319000136 0.271145442749465 
0.9999949459217958 2.5370315771538647E-12 2.5370315771538647E-12 2.057658590549163E-12 5.0540710723212564E-6 
2.4604292782789377E-5 1.847812332825988E-10 1.4885226149577945E-10 7.119432608793933E-10 0.9999753946616404 
0.454992232620994 0.02559499320533863 0.02559499320533863 0.03882554834733464 0.454992232620994 
0.2701841498659748 0.0438015059382541 0.03528471533609971 0.43749041397310834 0.21323921488656297 
0.0019743431477161405 0.1385823313612467 0.1385823313612467 0.717825543582445 0.0030354505473451357 
0.3483933654648006 0.10107108969013305 0.10107108969013305 0.10107108969013305 0.3483933654648006 
0.08578516312344715 0.003235194227196286 0.0020427533944256076 0.6441554313497787 0.2647814579051519 
0.19829319090211614 0.19829319090211614 0.1621853765171327 0.24293505077651895 0.19829319090211614 
0.2142040711261039 0.09467872078461574 0.09467872078461574 0.09467872078461574 0.5017597665200488 
0.2 0.2 0.2 0.2 0.2 
0.2 0.2 0.2 0.2 0.2 
0.2 0.2 0.2 0.2 0.2 
0.22453136198566015 0.18364575867622646 0.18364575867622646 0.18364575867622646 0.22453136198566015 
0.19147430099047413 0.19147430099047413 0.19147430099047413 0.19147430099047413 0.23410279603810327 
0.06289456177376737 0.11638374467851215 0.09459807568985956 0.6632290560840934 0.06289456177376737 
0.059163749356434446 0.13498561039098228 0.10948003301288133 0.6238872890347434 0.07248331820495854 
0.10294144526013119 0.29022651121246723 0.29022651121246723 0.19048882040210324 0.12611671191283136 
0.024434061588422824 0.08422452923841263 0.06815905468270231 0.7987482929020393 0.024434061588422824 
0.11977542090092873 0.22025867399849586 0.17940981229754868 0.33411471250028274 0.14644138030274395 
0.2 0.2 0.2 0.2 0.2 
0.09431962851300317 0.2718192563557568 0.2718192563557568 0.21896656012018112 0.14307529865530175 
0.14854822526843564 0.1819909724795501 0.1819909724795501 0.33892160450402836 0.14854822526843564 
0.13653751453534568 0.25108299913619786 0.3089067029268837 0.13653751453534568 0.16693526886622678 
0.2 0.2 0.2 0.2 0.2 
0.19147430099047413 0.19147430099047413 0.19147430099047413 0.19147430099047413 0.23410279603810327 
0.059163749356434446 0.13498561039098228 0.10948003301288133 0.6238872890347434 0.07248331820495854 
0.10107108969013305 0.3483933654648006 0.3483933654648006 0.10107108969013305 0.10107108969013305 
0.10191056413778744 0.31555715161438236 0.3987204748135764 0.08190124529646664 0.10191056413778744 
0.1906909387825848 0.2356378712081843 0.2356378712081843 0.1023954475928622 0.2356378712081843 
0.22157027023535322 0.14792207871305224 0.14792207871305224 0.14792207871305224 0.3346634936254901 
0.24106244780871772 0.13108839541045503 0.13108839541045503 0.13108839541045503 0.3656723659599173 
0.2459364647110769 0.06764698637284448 0.054984265670141655 0.2459364647110769 0.38549581853486015 
0.16201051309028822 0.24367580197148817 0.2997936492277017 0.13250952262023352 0.16201051309028822 
0.4453642504179999 0.08257323654534457 0.08257323654534457 0.10116299668013827 0.2883262798111729 
0.18168360351104154 0.18168360351104154 0.18168360351104154 0.27326558595583417 0.18168360351104154 
0.24110592659424526 0.060665728658954005 0.048636885935069006 0.4989915939310581 0.1505998648806736 
