0.18703116464519634 0.15135575697118225 0.28755074909322875 0.18703116464519634 0.18703116464519634 
0.16497393840375685 0.30337560614524467 0.16497393840375685 0.16497393840375685 0.20170257864348454 
0.19829319090211614 0.19829319090211614 0.16218537651713272 0.19829319090211614 0.24293505077651895 
0.10147027142416738 0.0551789595757038 0.45386147333572013 0.15392224945675836 0.2355670462076502 
0.1377751854667747 0.1377751854667747 0.20637139054013018 0.20637139054013018 0.3117068479861904 
0.07653079376580672 0.07653079376580672 0.3267211482413672 0.4055829323980978 0.11463433182892149 
0.22453136198566015 0.18364575867622646 0.18364575867622646 0.18364575867622646 0.22453136198566015 
0.22453136198566015 0.18364575867622646 0.18364575867622646 0.18364575867622646 0.22453136198566015 
0.06361365266461437 0.0179798211065929 0.07915512403320923 0.02715702670715797 0.8120943754884256 
0.2520355018974585 0.20572133881923121 0.16826091023203954 0.16826091023203954 0.20572133881923121 
0.10380894600404744 0.08490605712136678 0.292672287194578 0.36247637206311495 0.15613633761689238 
0.08087511548149638 0.228014115702247 0.08087511548149638 0.06614831803129302 0.5440873353034673 
0.19945133085666558 0.13315529845707297 0.16280005992887628 0.13315529845707297 0.3714380123003122 
0.19829319090211614 0.19829319090211614 0.16218537651713272 0.19829319090211614 0.24293505077651895 
0.10147027142416738 0.0551789595757038 0.45386147333572013 0.15392224945675836 0.2355670462076502 
0.1377751854667747 0.1377751854667747 0.20637139054013018 0.20637139054013018 0.3117068479861904 
0.07653079376580672 0.07653079376580672 0.3267211482413672 0.4055829323980978 0.11463433182892149 
0.22453136198566015 0.18364575867622646 0.18364575867622646 0.18364575867622646 0.22453136198566015 
0.22453136198566015 0.18364575867622646 0.18364575867622646 0.18364575867622646 0.22453136198566015 
0.06361365266461437 0.0179798211065929 0.07915512403320923 0.02715702670715797 0.8120943754884256 
0.17126424110108873 0.17126424110108873 0.17126424110108873 0.17126424110108873 0.3149430355956448 
0.14081806755833332 0.14081806755833332 0.25895463862393014 0.31859115870106947 0.14081806755833332 
0.16218537651713266 0.19829319090211614 0.19829319090211614 0.19829319090211614 0.24293505077651895 
0.27686196505196536 0.3421198955748069 0.0992511169214955 0.0992511169214955 0.1825159055302369 
0.19138277710975451 0.19138277710975451 0.2344688915609822 0.19138277710975451 0.19138277710975451 
0.29368996666377695 0.15871204180355789 0.15871204180355789 0.19444297486455384 0.19444297486455384 
0.2 0.2 0.2 0.2 0.2 
0.07099181144950041 0.07099181144950041 0.30307442287209796 0.4681450239350305 0.08679693029387103 
0.15968239858692226 0.15968239858692226 0.15968239858692226 0.15968239858692226 0.3612704056523108 
0.18188812442370433 0.18188812442370433 0.18188812442370433 0.18188812442370433 0.27244750230518255 
0.15912933433150755 0.15912933433150755 0.19455677292453688 0.19455677292453688 0.292627785487911 
0.16794486262638186 0.2526015028707924 0.20575438593822215 0.20575438593822215 0.16794486262638186 
0.2 0.2 0.2 0.2 0.2 
0.18170093413096924 0.18170093413096924 0.14800293625189564 0.14800293625189564 0.3405922592342703 
0.9999999988578598 8.655780960135193E-11 1.1825055204954532E-11 1.809740525300796E-11 1.0256600434378114E-9 
6.004670576363305E-4 1.170095948309809E-6 0.9993889891836855 1.170095948309809E-6 8.203566781523066E-6 
2.7628271021442756E-8 1.1900850329697793E-8 0.023391362534032234 0.9766085860359961 1.1900850329697793E-8 
1.7625587443985442E-5 0.8468523971245735 9.524986512135767E-6 0.15309872047865136 2.173182281874244E-5 
3.072455439165856E-6 0.9999859789342954 1.6734886823813307E-7 1.3602312718097373E-7 1.0645238270002098E-5 
7.896975294053967E-10 1.3857649147373324E-10 2.7954223706962534E-11 9.590706970143217E-12 0.999999999034181 
3.787155600943537E-4 1.9075768404316567E-4 4.196212887070859E-5 2.778181788760676E-5 0.9993607828091042 
0.2700484631488372 0.2148687807178766 0.1370807821142567 0.03770527404529425 0.3402966999737349 
0.04352293002907661 0.00482239176614747 0.8791293012840755 0.05499315492515848 0.017532221995542042 
0.17052758180892091 0.2093540959014545 0.11384557301975466 0.11384557301975466 0.3924271762501153 
0.039170394707604826 0.019255321330222806 0.049916341546987576 0.001734143809905998 0.8899237986052788 
0.18364575867622646 0.18364575867622646 0.22453136198566015 0.18364575867622646 0.22453136198566015 
0.09438991265851776 0.09438991265851776 0.09438991265851776 0.09438991265851776 0.6224403493659294 
0.24293505077651895 0.19829319090211614 0.1621853765171327 0.19829319090211614 0.19829319090211614 
0.2 0.2 0.2 0.2 0.2 
0.2 0.2 0.2 0.2 0.2 
0.22453136198566015 0.18364575867622646 0.18364575867622646 0.18364575867622646 0.22453136198566015 
0.19147430099047413 0.19147430099047413 0.19147430099047413 0.19147430099047413 0.23410279603810327 
0.7342527913362462 0.04396537068078678 0.12395314748693848 0.04396537068078678 0.05386331981524154 
0.2457206601627035 0.10860912984636972 0.37437708827902605 0.10860912984636972 0.1626839918655314 
0.08744714937987969 0.08744714937987969 0.2465428867436672 0.19951586849035124 0.3790469460062219 
0.25155388964727954 0.09017852816566173 0.47791052585573524 0.09017852816566173 0.09017852816566173 
0.2997936492277017 0.13250952262023352 0.24367580197148817 0.16201051309028822 0.16201051309028822 
0.2 0.2 0.2 0.2 0.2 
0.297134118367046 0.056067226002530536 0.297134118367046 0.1564000773749616 0.19326445988841592 
0.26980088830875404 0.14580222249443783 0.2192973333511851 0.14580222249443783 0.2192973333511851 
0.13250952262023352 0.16201051309028822 0.24367580197148817 0.2997936492277017 0.16201051309028822 
0.2 0.2 0.2 0.2 0.2 
0.3264535747129339 0.17641771690510538 0.1442932745717498 0.17641771690510538 0.17641771690510538 
0.26681296736428955 0.11694324662061828 0.3297022923157465 0.1432707468496727 0.1432707468496727 
0.13614900201080832 0.11113019698296764 0.25355014913341595 0.3880404548898403 0.11113019698296764 
0.06317925962992715 0.07789813987535653 0.45249537095123005 0.2872096714563871 0.11921755808709925 
0.24509690762970404 0.06834881555834842 0.10367966194225059 0.10367966194225059 0.47919495292744607 
0.14728603785505995 0.14728603785505995 0.14728603785505995 0.14728603785505995 0.4108558485797606 
0.11475243302381828 0.14030010964441392 0.11475243302381828 0.14030010964441392 0.4898949146635356 
0.20717994345113372 0.10979486283261854 0.13537378615433387 0.04852959659947312 0.49912181096244057 
0.17164273380881 0.14038778277038017 0.258163374806 0.258163374806 0.17164273380881 
0.30292519274775465 0.30292519274775465 0.10744558454320186 0.08788048901207472 0.1988235409492142 
0.22478382974577063 0.18347744683615302 0.18347744683615302 0.18347744683615302 0.22478382974577063 
0.5747712907933138 0.08931449075488812 0.13999698158232915 0.019968131580770005 0.17594910528869892 
