0.2530822183577632 0.2530822183577632 0.16461185442815796 0.16461185442815796 0.16461185442815796 
0.25895463862393014 0.14081806755833332 0.14081806755833332 0.14081806755833332 0.3185911587010695 
0.22453136198566015 0.18364575867622646 0.18364575867622646 0.18364575867622646 0.22453136198566015 
0.14950852303530163 0.22881215210013298 0.28404131203815813 0.28404131203815813 0.05359670078824894 
0.27537717505274945 0.27537717505274945 0.14974854996483358 0.14974854996483358 0.14974854996483358 
0.0714346196179989 0.7532847674714594 0.05842687097018048 0.05842687097018048 0.05842687097018048 
0.23410279603810327 0.19147430099047413 0.19147430099047413 0.19147430099047413 0.19147430099047413 
0.23410279603810327 0.19147430099047413 0.19147430099047413 0.19147430099047413 0.19147430099047413 
0.4309599251407737 0.09167794450188586 0.21876193224487595 0.21876193224487595 0.03983826586758838 
0.21571185274517785 0.17643222088223307 0.21571185274517785 0.21571185274517785 0.17643222088223307 
0.14076111529634008 0.6296035900970317 0.0765450982022093 0.0765450982022093 0.0765450982022093 
0.634001612842406 0.049174936263174956 0.07365840185205934 0.07365840185205934 0.16950664719030065 
0.2690579447148641 0.1463121882554405 0.21915883938712738 0.21915883938712738 0.1463121882554405 
0.22453136198566015 0.18364575867622646 0.18364575867622646 0.18364575867622646 0.22453136198566015 
0.14950852303530163 0.22881215210013298 0.28404131203815813 0.28404131203815813 0.05359670078824894 
0.27537717505274945 0.27537717505274945 0.14974854996483358 0.14974854996483358 0.14974854996483358 
0.0714346196179989 0.7532847674714594 0.05842687097018048 0.05842687097018048 0.05842687097018048 
0.23410279603810327 0.19147430099047413 0.19147430099047413 0.19147430099047413 0.19147430099047413 
0.23410279603810327 0.19147430099047413 0.19147430099047413 0.19147430099047413 0.19147430099047413 
0.4309599251407737 0.09167794450188586 0.21876193224487595 0.21876193224487595 0.03983826586758838 
0.23410279603810327 0.19147430099047413 0.19147430099047413 0.19147430099047413 0.19147430099047413 
0.14728603785505995 0.41085584857976054 0.14728603785505995 0.14728603785505995 0.14728603785505995 
0.2137276688970563 0.26184430166078543 0.17480934314738608 0.17480934314738608 0.17480934314738608 
0.36451263310240306 0.08538302861369268 0.12789396206463297 0.12789396206463297 0.294316414154638 
0.17164273380881 0.14038778277038017 0.258163374806 0.258163374806 0.17164273380881 
0.1552545257344294 0.18981930412587236 0.232553433006913 0.232553433006913 0.18981930412587236 
0.2 0.2 0.2 0.2 0.2 
0.0714346196179989 0.7532847674714594 0.05842687097018048 0.05842687097018048 0.05842687097018048 
0.23410279603810327 0.19147430099047413 0.19147430099047413 0.19147430099047413 0.19147430099047413 
0.27244750230518255 0.18188812442370433 0.18188812442370433 0.18188812442370433 0.18188812442370433 
0.24293505077651895 0.19829319090211614 0.19829319090211614 0.19829319090211614 0.1621853765171327 
0.13879269785081963 0.13879269785081963 0.2568300573905737 0.2568300573905737 0.2087544895172132 
0.2 0.2 0.2 0.2 0.2 
0.26122625709805086 0.14116843386821215 0.21232777231391683 0.21232777231391683 0.1729497644059033 
0.1424184879694015 0.0025129233694859885 0.41994100923139815 0.41994100923139815 0.01518657019831636 
1.397711186666376E-11 4.79535348959434E-12 0.49999999998866484 0.49999999998866484 3.8977196826012804E-12 
4.299741883336927E-18 1.0 5.301453303157273E-18 5.301453303157273E-18 3.4948807434434114E-18 
4.8013893088536646E-5 4.230742118351719E-4 3.910930448418009E-5 3.910930448418009E-5 0.9994506932861079 
0.820496930459924 7.3168513544313745E-9 2.1326571672881764E-8 2.1326571672881764E-8 0.17950301957008105 
0.9999994100821993 8.917580025545135E-9 2.0863858491084533E-7 2.0863858491084533E-7 1.6372305078690506E-7 
0.5669291914869156 0.025977241210844045 0.11436330416719045 0.11436330416719045 0.17836695896785934 
0.24360010331856177 0.017362861345614593 0.30865282850249587 0.30865282850249587 0.12173137833083181 
0.007649574757697268 0.12122603110656169 0.4335352537323846 0.4335352537323846 0.004053886670971759 
0.3947921587186287 0.11453166919403689 0.14003019650438117 0.14003019650438117 0.21061577907857182 
0.46376155417798476 6.804886058652716E-4 0.26400102585333707 0.26400102585333707 0.007555905509475257 
0.21571185274517785 0.17643222088223307 0.21571185274517785 0.21571185274517785 0.17643222088223307 
0.46287189623337455 0.13428202594165645 0.13428202594165645 0.13428202594165645 0.13428202594165645 
0.17643222088223307 0.17643222088223307 0.21571185274517785 0.21571185274517785 0.21571185274517785 
0.2 0.2 0.2 0.2 0.2 
0.2 0.2 0.2 0.2 0.2 
0.23410279603810327 0.19147430099047413 0.19147430099047413 0.19147430099047413 0.19147430099047413 
0.23410279603810327 0.19147430099047413 0.19147430099047413 0.19147430099047413 0.19147430099047413 
0.03410153843116296 0.02789188486558684 0.4519525191360437 0.4519525191360437 0.03410153843116296 
0.0744992880385818 0.0609334845328105 0.4018168714478987 0.4018168714478987 0.0609334845328105 
0.1404154212766031 0.400200244886085 0.17238585840573525 0.17238585840573525 0.11461261702584143 
0.03473964136742532 0.03473964136742532 0.44789053794886197 0.44789053794886197 0.03473964136742532 
0.15340192717241763 0.15340192717241763 0.2838638225900296 0.2838638225900296 0.1254685004751054 
0.2 0.2 0.2 0.2 0.2 
0.11807328139705192 0.2765793469497743 0.2765793469497743 0.2765793469497743 0.0521886777536252 
0.13548252327176427 0.11081209570715449 0.3091114288746584 0.3091114288746584 0.13548252327176427 
0.16899390118640314 0.3855696292432333 0.13822128419198018 0.13822128419198018 0.16899390118640314 
0.2 0.2 0.2 0.2 0.2 
0.2075590111955787 0.16976395521768495 0.2075590111955787 0.2075590111955787 0.2075590111955787 
0.08743273708388473 0.07136605594891386 0.38491757550914385 0.38491757550914385 0.07136605594891386 
0.10032602581147039 0.5316882491638755 0.12266190834155136 0.12266190834155136 0.12266190834155136 
0.15430620535262626 0.603716052260253 0.08065924746237357 0.08065924746237357 0.08065924746237357 
0.20782421483379482 0.31806016733516235 0.16855575816546411 0.16855575816546411 0.13700410150011416 
0.3149430355956448 0.17126424110108873 0.17126424110108873 0.17126424110108873 0.17126424110108873 
0.3488679514922727 0.15420048366210765 0.15420048366210765 0.15420048366210765 0.18853059752140414 
0.38468294474790354 0.03740270955363641 0.2466466484191303 0.2466466484191303 0.08462104886019926 
0.1743593961020298 0.3978113247766285 0.14260975970711393 0.14260975970711393 0.14260975970711393 
0.3511157042830856 0.06625319116251555 0.14989327226327326 0.14989327226327326 0.2828445600278521 
0.18981930412587236 0.1552545257344294 0.232553433006913 0.232553433006913 0.18981930412587236 
0.1209624059657053 0.016525223256645835 0.4007920180166702 0.4007920180166702 0.06092833474430855 
