0.2661808321836614 0.21442447446365068 0.1731315644508959 0.1731315644508959 0.1731315644508959 
0.1328928032303776 0.1328928032303776 0.3006607951544335 0.3006607951544335 0.1328928032303776 
0.0976299792243521 0.14623848628962566 0.11936563285691189 0.11936563285691189 0.5174002687721986 
0.2617420159861056 0.4043007693537024 0.061310155014761634 0.061310155014761634 0.2113369046306688 
0.24106244780871766 0.3656723659599173 0.13108839541045503 0.13108839541045503 0.13108839541045503 
0.6957348347289714 0.10132634275498247 0.06764627417201532 0.06764627417201532 0.06764627417201532 
0.19147430099047413 0.23410279603810327 0.19147430099047413 0.19147430099047413 0.19147430099047413 
0.19147430099047413 0.23410279603810327 0.19147430099047413 0.19147430099047413 0.19147430099047413 
0.02332467817233235 0.9327085118905316 0.012524668852453907 0.012524668852453907 0.018917472232228196 
0.19147430099047413 0.23410279603810327 0.19147430099047413 0.19147430099047413 0.19147430099047413 
0.532495621763057 0.22525362145136824 0.0807502522618584 0.0807502522618584 0.0807502522618584 
0.03984420243140859 0.6456246233849748 0.13734348587610384 0.13734348587610384 0.03984420243140859 
0.11481789148579519 0.39577877069444134 0.11481789148579519 0.11481789148579519 0.2597675548481735 
0.0976299792243521 0.14623848628962566 0.11936563285691189 0.11936563285691189 0.5174002687721986 
0.2617420159861056 0.4043007693537024 0.061310155014761634 0.061310155014761634 0.2113369046306688 
0.24106244780871766 0.3656723659599173 0.13108839541045503 0.13108839541045503 0.13108839541045503 
0.6957348347289714 0.10132634275498247 0.06764627417201532 0.06764627417201532 0.06764627417201532 
0.19147430099047413 0.23410279603810327 0.19147430099047413 0.19147430099047413 0.19147430099047413 
0.19147430099047413 0.23410279603810327 0.19147430099047413 0.19147430099047413 0.19147430099047413 
0.02332467817233235 0.9327085118905316 0.012524668852453907 0.012524668852453907 0.018917472232228196 
0.17126424110108873 0.3149430355956448 0.17126424110108873 0.17126424110108873 0.17126424110108873 
0.41085584857976054 0.14728603785505995 0.14728603785505995 0.14728603785505995 0.14728603785505995 
0.2498236298095381 0.2498236298095381 0.16678424679364126 0.16678424679364126 0.16678424679364126 
0.08963419051230322 0.20279116955441542 0.3089702247104893 0.3089702247104893 0.08963419051230322 
0.17643222088223307 0.21571185274517785 0.21571185274517785 0.21571185274517785 0.17643222088223307 
0.2075590111955787 0.2075590111955787 0.2075590111955787 0.2075590111955787 0.16976395521768498 
0.2 0.2 0.2 0.2 0.2 
0.7532847674714594 0.0714346196179989 0.05842687097018048 0.05842687097018048 0.05842687097018048 
0.18188812442370433 0.27244750230518255 0.18188812442370433 0.18188812442370433 0.18188812442370433 
0.17126424110108873 0.3149430355956448 0.17126424110108873 0.17126424110108873 0.17126424110108873 
0.20170257864348456 0.30337560614524467 0.16497393840375685 0.16497393840375685 0.16497393840375685 
0.13755920648176087 0.13755920648176087 0.16852798958649273 0.16852798958649273 0.38782560786349257 
0.2 0.2 0.2 0.2 0.2 
4.263057617830409E-31 1.8478577999924736E-30 5.222802226033505E-31 5.222802226033505E-31 1.0 
0.009033641528536413 0.8727451206274806 0.054593798157723326 0.054593798157723326 0.009033641528536413 
0.0802335737310209 0.7241220508029512 0.06521479182200927 0.06521479182200927 0.06521479182200927 
0.9999999999999909 2.884200456659585E-15 2.3443120330719585E-15 2.3443120330719585E-15 1.2748236216396362E-15 
0.0025601141086934198 1.3491625106639208E-4 0.49856912643299467 0.49856912643299467 1.667167742507175E-4 
2.6156504278266746E-9 2.7972579500631063E-7 0.4999998581225196 0.4999998581225196 1.4135151594060993E-9 
2.608405330458998E-22 1.0 4.788923420571899E-21 4.788923420571899E-21 7.602770718892639E-22 
0.006953626135843448 0.8648053096217495 0.05985210206002595 0.05985210206002595 0.008536860122355142 
0.03944874385013292 0.35603182022183977 0.2825353460389471 0.2825353460389471 0.03944874385013292 
0.7607302745902678 0.14781129259825507 0.03251494973670613 0.03251494973670613 0.026428533338065045 
0.10028204309751837 0.34567351156046144 0.22688120112225116 0.22688120112225116 0.10028204309751837 
3.2999164721733243E-4 0.9900804830657707 0.00462976681989732 0.00462976681989732 3.2999164721733243E-4 
0.18188812442370433 0.27244750230518255 0.18188812442370433 0.18188812442370433 0.18188812442370433 
0.05919688922596457 0.7632124430961414 0.05919688922596457 0.05919688922596457 0.05919688922596457 
0.18364575867622646 0.18364575867622646 0.22453136198566015 0.22453136198566015 0.18364575867622646 
0.2 0.2 0.2 0.2 0.2 
0.2 0.2 0.2 0.2 0.2 
0.18188812442370433 0.27244750230518255 0.18188812442370433 0.18188812442370433 0.18188812442370433 
0.19147430099047413 0.23410279603810327 0.19147430099047413 0.19147430099047413 0.19147430099047413 
0.1621853765171327 0.24293505077651895 0.19829319090211614 0.19829319090211614 0.19829319090211614 
0.17126424110108873 0.3149430355956448 0.17126424110108873 0.17126424110108873 0.17126424110108873 
0.4064335409434234 0.26556840561451833 0.11639775929638575 0.11639775929638575 0.09520253484928658 
0.2 0.2 0.2 0.2 0.2 
0.22453136198566015 0.22453136198566015 0.18364575867622646 0.18364575867622646 0.18364575867622646 
0.18188812442370433 0.18188812442370433 0.18188812442370433 0.18188812442370433 0.27244750230518255 
0.15371858775424846 0.1908221611029729 0.03600686885655957 0.03600686885655957 0.5834455134296593 
0.16826091023203954 0.2520355018974585 0.20572133881923121 0.20572133881923121 0.16826091023203954 
0.3264535747129339 0.17641771690510538 0.17641771690510538 0.17641771690510538 0.1442932745717498 
0.2 0.2 0.2 0.2 0.2 
0.17643222088223307 0.21571185274517785 0.21571185274517785 0.21571185274517785 0.17643222088223307 
0.18789995867687906 0.28261544419331086 0.18789995867687906 0.18789995867687906 0.1536846797760521 
0.5438352903242709 0.10261809144750293 0.12546426339036157 0.12546426339036157 0.10261809144750293 
0.6209274953341262 0.1587053470673926 0.08295877559465129 0.08295877559465129 0.054449606409178654 
0.2996604615123214 0.3719905165555683 0.12907844647312564 0.12907844647312564 0.07019212898585872 
0.13428202594165645 0.46287189623337455 0.13428202594165645 0.13428202594165645 0.13428202594165645 
0.10261809144750293 0.5438352903242709 0.12546426339036157 0.12546426339036157 0.10261809144750293 
0.03198259985795406 0.6530474525489164 0.08921577629345692 0.08921577629345692 0.13653839500621556 
0.33466349362549014 0.22157027023535322 0.14792207871305224 0.14792207871305224 0.14792207871305224 
0.0750311253128434 0.2093000606794689 0.32031884434742214 0.32031884434742214 0.0750311253128434 
0.16826091023203954 0.2520355018974585 0.20572133881923121 0.20572133881923121 0.16826091023203954 
0.058891829844079105 0.2677192357121471 0.2677192357121471 0.2677192357121471 0.1379504630194795 
