0.2067989479401344 0.2573220635582841 0.2573220635582841 0.2067989479401344 0.07175797700316332 
0.11696144667357297 0.26461720051406706 0.3262651037668358 0.17519480237195117 0.11696144667357297 
0.13822128419198015 0.16899390118640314 0.13822128419198015 0.16899390118640314 0.3855696292432333 
0.46161616578960557 0.12697158395498273 0.0686163016375618 0.23959195271091557 0.10320399590693412 
0.16967858868922567 0.20787842674463333 0.16967858868922567 0.31398310102629096 0.13878129485062451 
0.3855696292432333 0.16899390118640314 0.13822128419198018 0.16899390118640314 0.13822128419198018 
0.18364575867622646 0.22453136198566015 0.18364575867622646 0.22453136198566015 0.18364575867622646 
0.18364575867622646 0.22453136198566015 0.18364575867622646 0.22453136198566015 0.18364575867622646 
0.1465003496631024 0.18318449734783215 0.0613948267328643 0.582241462069537 0.026678864186664382 
0.19147430099047413 0.19147430099047413 0.19147430099047413 0.23410279603810322 0.19147430099047413 
0.2892439059003008 0.1914993765826672 0.15630936053470196 0.23510084658961067 0.1278465103927193 
0.035766726872846516 0.30785574969469043 0.2455842886765246 0.3869150827720387 0.023878151983899476 
0.15871204180355789 0.19444297486455384 0.15871204180355789 0.29368996666377695 0.19444297486455384 
0.13822128419198015 0.16899390118640314 0.13822128419198015 0.16899390118640314 0.3855696292432333 
0.46161616578960557 0.12697158395498273 0.0686163016375618 0.23959195271091557 0.10320399590693412 
0.16967858868922567 0.20787842674463333 0.16967858868922567 0.31398310102629096 0.13878129485062451 
0.3855696292432333 0.16899390118640314 0.13822128419198018 0.16899390118640314 0.13822128419198018 
0.18364575867622646 0.22453136198566015 0.18364575867622646 0.22453136198566015 0.18364575867622646 
0.18364575867622646 0.22453136198566015 0.18364575867622646 0.22453136198566015 0.18364575867622646 
0.1465003496631024 0.18318449734783215 0.0613948267328643 0.582241462069537 0.026678864186664382 
0.17480934314738605 0.2137276688970563 0.17480934314738605 0.26184430166078543 0.17480934314738605 
0.27244750230518255 0.18188812442370433 0.18188812442370433 0.18188812442370433 0.18188812442370433 
0.21571185274517785 0.21571185274517785 0.1764322208822331 0.21571185274517785 0.1764322208822331 
0.05766690134955397 0.30561176489605124 0.3802758707143254 0.19877856169051575 0.05766690134955397 
0.2520355018974585 0.20572133881923121 0.16826091023203954 0.20572133881923121 0.16826091023203954 
0.19147430099047413 0.19147430099047413 0.19147430099047413 0.23410279603810322 0.19147430099047413 
0.2 0.2 0.2 0.2 0.2 
0.10465785532969887 0.045871193995963316 0.03751836780516685 0.045871193995963316 0.7660813888732075 
0.18364575867622646 0.22453136198566015 0.18364575867622646 0.22453136198566015 0.18364575867622646 
0.17480934314738605 0.2137276688970563 0.17480934314738605 0.26184430166078543 0.17480934314738605 
0.19455677292453688 0.19455677292453688 0.15912933433150755 0.292627785487911 0.15912933433150755 
0.2664925875830114 0.14491716155955217 0.14491716155955217 0.1771805017148727 0.2664925875830114 
1.7995185216898256E-7 1.7995185216898256E-7 1.7995185216898256E-7 1.7995185216898256E-7 0.9999992801925913 
6.657934158305655E-6 8.173843618127085E-6 5.43446902720152E-6 1.239906406823936E-5 0.9999673346891281 
0.0034844098063577305 0.2869058375031915 0.2216469881722081 0.48565584536778017 0.0023069191504627063 
0.999999984587439 4.032778168718286E-9 2.623033325524604E-9 7.826376697071596E-9 9.303727642486723E-10 
0.9996961057742334 8.269292371412128E-5 1.0195790479212112E-4 8.269292371412128E-5 3.655047354624582E-5 
0.15198347758805578 0.1861996051254842 0.15198347758805578 0.28123904121609233 0.22859439848231206 
2.2624309795268605E-20 5.649890641740756E-10 0.9999999994350037 7.056615881864401E-15 9.999999994350448E-21 
9.35402683025388E-12 3.287316998489266E-6 3.6976008956051435E-9 0.999996708973989 2.0576622183269882E-12 
0.020492615344032433 0.29609858213136436 0.3762358726377035 0.29609858213136436 0.011074347755535523 
0.15887288863460602 0.2529626079729033 0.32051556379719875 0.2529626079729033 0.014686331622388655 
0.9756261679540215 0.006211315231116751 0.004076767854797623 0.01188263607355991 0.0022031128865044837 
0.08103045351880804 0.27931303098746135 0.27931303098746135 0.27931303098746135 0.08103045351880804 
0.05510357928219876 0.21103009012817828 0.07156859104355955 0.661936087920853 3.6165162521077166E-4 
0.21571185274517785 0.21571185274517785 0.1764322208822331 0.21571185274517785 0.1764322208822331 
0.07762922042848346 0.21654747251138814 0.11627964870521476 0.5119144379264304 0.07762922042848346 
0.17126424110108873 0.17126424110108873 0.17126424110108873 0.17126424110108873 0.3149430355956448 
0.2 0.2 0.2 0.2 0.2 
0.2 0.2 0.2 0.2 0.2 
0.18364575867622646 0.22453136198566015 0.18364575867622646 0.22453136198566015 0.18364575867622646 
0.19147430099047413 0.19147430099047413 0.19147430099047413 0.23410279603810322 0.19147430099047413 
0.5438352903242709 0.12546426339036157 0.10261809144750293 0.12546426339036157 0.10261809144750293 
0.5288961727915829 0.12201776881693452 0.09979917962550572 0.14948769914047125 0.09979917962550572 
0.3714380123003122 0.16280005992887628 0.13315529845707297 0.19945133085666558 0.13315529845707297 
0.2599304003933205 0.03160146850620717 0.03160146850620717 0.03160146850620717 0.6452651940880579 
0.3372887889636851 0.18227313987597063 0.1490824656421867 0.18227313987597063 0.1490824656421867 
0.19147430099047413 0.19147430099047413 0.19147430099047413 0.19147430099047413 0.23410279603810327 
0.3473967236208688 0.12054454992574282 0.08014535799493351 0.22595668422922738 0.22595668422922738 
0.292627785487911 0.19455677292453688 0.15912933433150755 0.19455677292453688 0.15912933433150755 
0.2520355018974585 0.20572133881923121 0.16826091023203954 0.20572133881923121 0.16826091023203954 
0.2 0.2 0.2 0.2 0.2 
0.19147430099047413 0.19147430099047413 0.19147430099047413 0.23410279603810322 0.19147430099047413 
0.5288961727915829 0.12201776881693452 0.09979917962550572 0.14948769914047125 0.09979917962550572 
0.3149430355956448 0.17126424110108873 0.17126424110108873 0.17126424110108873 0.17126424110108873 
0.32582361025067 0.20890788775887556 0.20890788775887556 0.20890788775887556 0.04745272647270317 
0.18411015743996714 0.22700232450870506 0.22700232450870506 0.2805080558522363 0.08137713769038649 
0.12737112013147503 0.23422663694137164 0.15572813272088598 0.3553029900747922 0.12737112013147503 
0.11752847215092019 0.21612669142229768 0.14369418664693578 0.4051221776289261 0.11752847215092019 
0.0984451919155389 0.23490993957895648 0.1513543945130267 0.46277141976625613 0.052519054226221516 
0.20787842674463333 0.16967858868922567 0.13878129485062451 0.16967858868922567 0.3139831010262909 
0.06108080876064415 0.26475984848557343 0.410921137841999 0.21327978767240294 0.049958417239380506 
0.2520355018974585 0.20572133881923121 0.16826091023203954 0.20572133881923121 0.16826091023203954 
0.19127810146043858 0.2416883757682816 0.38911003377371184 0.15179211945753684 0.02613136954003107 
