0.20429906496396036 0.1334913866239409 0.20429906496396036 0.20429906496396036 0.2536114184841778 
0.2 0.2 0.2 0.2 0.2 
0.1463121882554405 0.2690579447148641 0.21915883938712738 0.21915883938712738 0.1463121882554405 
0.2813888131515894 0.04182665407226029 0.2255948442587168 0.2255948442587168 0.2255948442587168 
0.13147244818075196 0.10753222746992963 0.2999622042267599 0.2999622042267599 0.1610709158957985 
0.14795419183408973 0.08045665253167683 0.12051481698183128 0.12051481698183128 0.5305595216705709 
0.17643222088223307 0.21571185274517785 0.21571185274517785 0.21571185274517785 0.17643222088223307 
0.17643222088223307 0.21571185274517785 0.21571185274517785 0.21571185274517785 0.17643222088223307 
0.034262504910088025 0.014358604312045336 0.4646516393802545 0.4646516393802545 0.0220756120173577 
0.16826091023203954 0.2520355018974585 0.20572133881923121 0.20572133881923121 0.16826091023203954 
0.11917596655636709 0.09727613455435569 0.22194128232454507 0.22194128232454507 0.3396653342401869 
0.0414605324491504 0.0276793819762636 0.4485091800925851 0.4485091800925851 0.033841725389415815 
0.1128184000524391 0.13821727120622207 0.31807296434444965 0.31807296434444965 0.1128184000524391 
0.1463121882554405 0.2690579447148641 0.21915883938712738 0.21915883938712738 0.1463121882554405 
0.2813888131515894 0.04182665407226029 0.2255948442587168 0.2255948442587168 0.2255948442587168 
0.13147244818075196 0.10753222746992963 0.2999622042267599 0.2999622042267599 0.1610709158957985 
0.14795419183408973 0.08045665253167683 0.12051481698183128 0.12051481698183128 0.5305595216705709 
0.17643222088223307 0.21571185274517785 0.21571185274517785 0.21571185274517785 0.17643222088223307 
0.17643222088223307 0.21571185274517785 0.21571185274517785 0.21571185274517785 0.17643222088223307 
0.034262504910088025 0.014358604312045336 0.4646516393802545 0.4646516393802545 0.0220756120173577 
0.14974854996483358 0.14974854996483358 0.27537717505274945 0.27537717505274945 0.14974854996483358 
0.18853059752140414 0.15420048366210765 0.15420048366210765 0.15420048366210765 0.34886795149227273 
0.1608129911354928 0.1608129911354928 0.24087937523083602 0.24087937523083602 0.1966152672673423 
0.10736097116512125 0.29948448308318537 0.242896787293286 0.242896787293286 0.10736097116512125 
0.28261544419331086 0.1536846797760521 0.18789995867687903 0.18789995867687903 0.18789995867687903 
0.1442932745717498 0.3264535747129339 0.17641771690510538 0.17641771690510538 0.17641771690510538 
0.2 0.2 0.2 0.2 0.2 
0.1548110389594676 0.08418536720877082 0.1029278067454503 0.1029278067454503 0.555147980340861 
0.16678424679364126 0.16678424679364126 0.2498236298095381 0.2498236298095381 0.16678424679364126 
0.14974854996483358 0.14974854996483358 0.27537717505274945 0.27537717505274945 0.14974854996483358 
0.17164273380881 0.14038778277038017 0.258163374806 0.258163374806 0.17164273380881 
0.29368996666377695 0.19444297486455384 0.15871204180355789 0.15871204180355789 0.19444297486455384 
0.2 0.2 0.2 0.2 0.2 
0.0025291696033940027 0.9812116824558454 0.007288800980565403 0.007288800980565403 0.001681545979629801 
7.39247983872773E-13 0.999999999666535 1.6580225750993947E-10 1.6580225750993947E-10 1.1213797990981812E-12 
0.9999999998914653 1.570646313778417E-14 2.141070108655751E-13 2.141070108655751E-13 1.0809084803867198E-10 
5.67553657143225E-8 8.085775891740488E-10 5.307061388771039E-10 5.307061388771039E-10 0.9999999413746444 
0.11306233719886903 0.25795844186742056 0.25795844186742056 0.25795844186742056 0.11306233719886903 
0.00433711095117882 0.06266708185514414 0.4638241394730672 0.4638241394730672 0.0053475282475426685 
7.432181401207501E-22 8.296170909255201E-21 0.5 0.5 2.460995236571231E-22 
0.007015449737558293 0.05135214611065829 0.46850380217417176 0.46850380217417176 0.004624799803439901 
0.3285309569753688 0.08397054397003587 0.2600074476956974 0.2600074476956974 0.06748360366320075 
0.7801309043925934 0.002849557238139637 0.008502258872783252 0.008502258872783252 0.20001502062370058 
0.09622869027347285 0.1441395165196938 0.33170155146668034 0.33170155146668034 0.09622869027347285 
0.06059398610880681 4.5011439759953256E-4 0.46861082729528236 0.46861082729528236 0.0017342449030290843 
0.18981930412587236 0.1552545257344294 0.232553433006913 0.232553433006913 0.18981930412587236 
0.03473964136742532 0.03473964136742532 0.44789053794886197 0.44789053794886197 0.03473964136742532 
0.18188812442370433 0.27244750230518255 0.18188812442370433 0.18188812442370433 0.18188812442370433 
0.2 0.2 0.2 0.2 0.2 
0.2 0.2 0.2 0.2 0.2 
0.1608129911354928 0.19661526726734233 0.24087937523083602 0.24087937523083602 0.1608129911354928 
0.18364575867622646 0.18364575867622646 0.22453136198566015 0.22453136198566015 0.18364575867622646 
0.34605936215360744 0.4327137133419835 0.06302012756045391 0.06302012756045391 0.095186669383501 
0.5423647978493606 0.06593889769021574 0.12125704974297284 0.12125704974297284 0.14918220497447757 
0.18411015743996714 0.08137713769038649 0.22700232450870506 0.22700232450870506 0.2805080558522363 
0.715372975934265 0.04414866570243545 0.04414866570243545 0.04414866570243545 0.1521810269584285 
0.28123904121609233 0.1861996051254842 0.15198347758805578 0.15198347758805578 0.228594398482312 
0.19147430099047413 0.23410279603810327 0.19147430099047413 0.19147430099047413 0.19147430099047413 
0.18011357635854222 0.27954569456583134 0.18011357635854222 0.18011357635854222 0.18011357635854222 
0.2632258993307799 0.21395310502517179 0.17427366521468282 0.17427366521468282 0.17427366521468282 
0.18789995867687906 0.1536846797760521 0.18789995867687906 0.18789995867687906 0.28261544419331086 
0.2 0.2 0.2 0.2 0.2 
0.1490824656421867 0.3372887889636851 0.18227313987597063 0.18227313987597063 0.1490824656421867 
0.5080296215434387 0.09251618379838963 0.11358069943821485 0.11358069943821485 0.17229279578174198 
0.17052758180892091 0.2093540959014545 0.11384557301975466 0.11384557301975466 0.3924271762501153 
0.18834295114455202 0.04210802523731707 0.15099818025740974 0.15099818025740974 0.4675526631033112 
0.0818047599830594 0.29334954142872544 0.23575272056855961 0.23575272056855961 0.1533402574510961 
0.10107108969013305 0.10107108969013305 0.3483933654648006 0.3483933654648006 0.10107108969013305 
0.07353368955091884 0.07353368955091884 0.3896994656736218 0.3896994656736218 0.07353368955091884 
0.10305858859263015 0.0670322296566873 0.39707423920075424 0.39707423920075424 0.03576070334917407 
0.15871204180355789 0.15871204180355789 0.19444297486455384 0.19444297486455384 0.29368996666377695 
0.13507788216955005 0.251555403733305 0.251555403733305 0.251555403733305 0.11025590663053485 
0.21586713904286245 0.17619929143570645 0.21586713904286245 0.21586713904286245 0.17619929143570645 
0.43208396300361684 0.2683808232881443 0.10698671730852358 0.10698671730852358 0.08556177909119153 
