0.1981076688936606 0.2453575286775057 0.1981076688936606 0.1981076688936606 0.16031946464151192 
0.27244750230518255 0.18188812442370433 0.18188812442370433 0.18188812442370433 0.18188812442370433 
0.21586713904286245 0.21586713904286245 0.17619929143570645 0.17619929143570645 0.21586713904286245 
0.16998578634995867 0.39818117378576806 0.16998578634995867 0.16998578634995867 0.09186146716435582 
0.24106244780871766 0.3656723659599173 0.13108839541045503 0.13108839541045503 0.13108839541045503 
0.2901978891013846 0.236378199630766 0.1578079704226164 0.1578079704226164 0.1578079704226164 
0.2 0.2 0.2 0.2 0.2 
0.2 0.2 0.2 0.2 0.2 
0.24853194815263596 0.6674246552403983 0.03170936351275441 0.03170936351275441 0.02062466958145719 
0.1416965754677335 0.1732429069302145 0.2122451819968885 0.2122451819968885 0.2605701536082752 
0.20164804776098197 0.3045726309525541 0.16459310709548805 0.16459310709548805 0.16459310709548805 
0.17422304007529138 0.6516422230806909 0.06179577278463951 0.06179577278463951 0.050543191274738775 
0.22173958521349202 0.3378398064430497 0.14680686944781954 0.14680686944781954 0.14680686944781954 
0.21586713904286245 0.21586713904286245 0.17619929143570645 0.17619929143570645 0.21586713904286245 
0.16998578634995867 0.39818117378576806 0.16998578634995867 0.16998578634995867 0.09186146716435582 
0.24106244780871766 0.3656723659599173 0.13108839541045503 0.13108839541045503 0.13108839541045503 
0.2901978891013846 0.236378199630766 0.1578079704226164 0.1578079704226164 0.1578079704226164 
0.2 0.2 0.2 0.2 0.2 
0.2 0.2 0.2 0.2 0.2 
0.24853194815263596 0.6674246552403983 0.03170936351275441 0.03170936351275441 0.02062466958145719 
0.27537717505274945 0.27537717505274945 0.14974854996483358 0.14974854996483358 0.14974854996483358 
0.2 0.2 0.2 0.2 0.2 
0.2498236298095381 0.2498236298095381 0.16678424679364126 0.16678424679364126 0.16678424679364126 
0.1276730871475179 0.19283959595010008 0.19283959595010008 0.19283959595010008 0.29380812500218234 
0.2075590111955787 0.2075590111955787 0.2075590111955787 0.2075590111955787 0.16976395521768498 
0.14926771271570274 0.1218382072016671 0.2254564846170976 0.2254564846170976 0.2779811108484348 
0.2 0.2 0.2 0.2 0.2 
0.22453136198566015 0.22453136198566015 0.18364575867622646 0.18364575867622646 0.18364575867622646 
0.46872093297725276 0.20190107681473402 0.10979266340267105 0.10979266340267105 0.10979266340267105 
0.236378199630766 0.2901978891013846 0.1578079704226164 0.1578079704226164 0.1578079704226164 
0.22085919299300535 0.271145442749465 0.18027400319000134 0.18027400319000134 0.14744735787752716 
0.1552545257344294 0.18981930412587236 0.232553433006913 0.232553433006913 0.18981930412587236 
0.2 0.2 0.2 0.2 0.2 
0.08953549139899433 0.13702769621708807 0.05902454418654054 0.05902454418654054 0.6553877240108364 
9.68192355623339E-18 2.1214286773143376E-17 1.7067966068992687E-11 1.7067966068992687E-11 0.999999999965864 
1.6767700850434626E-4 4.1201811536490616E-4 0.4996946082702595 0.4996946082702595 3.10883356116936E-5 
0.12390852150174021 0.12390852150174021 0.23226233524059167 0.23226233524059167 0.2876582865153359 
0.19640331457088916 0.2421594200382119 0.15963892267634336 0.15963892267634336 0.2421594200382119 
0.22110803702414225 0.47488643620849574 0.06576968389289664 0.06576968389289664 0.17246615898156828 
4.508606145041513E-12 0.9999999999954905 2.7351112277790064E-16 2.7351112277790064E-16 4.598277750870104E-16 
0.9999981998594369 1.6496194589694586E-6 3.746697643506283E-8 3.746697643506283E-8 7.558715133253238E-8 
0.22203983119100112 0.22203983119100112 0.22203983119100112 0.22203983119100112 0.11184067523599557 
0.076210357109783 0.11886163781744226 0.3777949269112991 0.3777949269112991 0.04933815125017639 
0.2938949078800902 0.2938949078800902 0.1277107982827492 0.1277107982827492 0.15678858767432127 
0.04317189618811841 0.9028115860479848 0.02601916996427698 0.02601916996427698 0.001978177835342876 
0.19829319090211614 0.24293505077651895 0.19829319090211614 0.19829319090211614 0.1621853765171327 
0.2060143421011386 0.6146875186804643 0.059766046406132325 0.059766046406132325 0.059766046406132325 
0.20427787993367813 0.13637754109695352 0.20427787993367813 0.20427787993367813 0.2507888191020121 
0.2 0.2 0.2 0.2 0.2 
0.2 0.2 0.2 0.2 0.2 
0.19138277710975451 0.2344688915609822 0.19138277710975451 0.19138277710975451 0.19138277710975451 
0.22453136198566015 0.22453136198566015 0.18364575867622646 0.18364575867622646 0.18364575867622646 
0.02494929487869465 0.02494929487869465 0.34010323666253034 0.34010323666253034 0.2698949369175499 
0.15105989789767246 0.1854539190426661 0.28131869550533223 0.28131869550533223 0.10084879204899692 
0.5987536152786573 0.2006740471924782 0.07117777200260841 0.07117777200260841 0.05821679352364739 
0.10107108969013305 0.10107108969013305 0.3483933654648006 0.3483933654648006 0.10107108969013305 
0.13879269785081963 0.13879269785081963 0.2568300573905737 0.2568300573905737 0.2087544895172132 
0.2 0.2 0.2 0.2 0.2 
0.09536007497908872 0.17994188828107952 0.2233750680148067 0.2233750680148067 0.27794790071021847 
0.18956858111275077 0.1544114605683296 0.23322568860308432 0.23322568860308432 0.18956858111275077 
0.22453136198566015 0.22453136198566015 0.18364575867622646 0.18364575867622646 0.18364575867622646 
0.2 0.2 0.2 0.2 0.2 
0.13717971629795953 0.13717971629795953 0.20632844588608582 0.20632844588608582 0.3129836756319093 
0.1277107982827492 0.15678858767432127 0.2938949078800902 0.2938949078800902 0.1277107982827492 
0.19825833287944997 0.16182628782441608 0.19825833287944997 0.19825833287944997 0.24339871353723436 
0.1930068378571302 0.36668087105864117 0.1565381296503144 0.1565381296503144 0.12723603178359946 
0.601852359111372 0.09554852084901261 0.07678833799005454 0.07678833799005454 0.14902244405950657 
0.22193374646944838 0.41600730602667685 0.12068631583462498 0.12068631583462498 0.12068631583462498 
0.25155388964727954 0.47791052585573524 0.09017852816566173 0.09017852816566173 0.09017852816566173 
0.1582508196311793 0.48385748372566434 0.12748043709414938 0.12748043709414938 0.10293082245485723 
0.2 0.2 0.2 0.2 0.2 
0.1171472077533536 0.17694112921180627 0.21816312685177142 0.21816312685177142 0.2695854093312972 
0.20763086935860398 0.20763086935860398 0.20763086935860398 0.20763086935860398 0.16947652256558413 
0.09715907164696966 0.061347792270910875 0.3219229981673436 0.3219229981673436 0.19764713974743225 
