0.20592138139212354 0.16626595916107326 0.20592138139212354 0.2556253188936059 0.16626595916107326 
0.18188812442370433 0.27244750230518255 0.18188812442370433 0.18188812442370433 0.18188812442370433 
0.24087937523083602 0.24087937523083602 0.1608129911354928 0.1608129911354928 0.1966152672673423 
0.3009359319516811 0.10205919274867693 0.3009359319516811 0.24126614679567193 0.05480279655228894 
0.3924271762501154 0.2093540959014545 0.11384557301975466 0.17052758180892091 0.11384557301975466 
0.1408260538532228 0.17288998572000272 0.09401659618322368 0.498250768060327 0.09401659618322368 
0.2520355018974585 0.20572133881923121 0.16826091023203954 0.16826091023203954 0.20572133881923121 
0.2520355018974585 0.20572133881923121 0.16826091023203954 0.16826091023203954 0.20572133881923121 
0.6601737572114527 0.24281374243064904 0.0471791570916838 0.030249796958191914 0.01958354630802291 
0.20572133881923121 0.20572133881923121 0.1682609102320395 0.1682609102320395 0.2520355018974585 
0.28015450013549265 0.15043475909065152 0.10043144439797627 0.3461884997933072 0.12279079658257216 
0.704773919429035 0.14735330399879684 0.06347228949343678 0.04220024353936547 0.04220024353936547 
0.3472065002907035 0.22788737114336188 0.15087712693265506 0.12315187470062466 0.15087712693265506 
0.24087937523083602 0.24087937523083602 0.1608129911354928 0.1608129911354928 0.1966152672673423 
0.3009359319516811 0.10205919274867693 0.3009359319516811 0.24126614679567193 0.05480279655228894 
0.3924271762501154 0.2093540959014545 0.11384557301975466 0.17052758180892091 0.11384557301975466 
0.1408260538532228 0.17288998572000272 0.09401659618322368 0.498250768060327 0.09401659618322368 
0.2520355018974585 0.20572133881923121 0.16826091023203954 0.16826091023203954 0.20572133881923121 
0.2520355018974585 0.20572133881923121 0.16826091023203954 0.16826091023203954 0.20572133881923121 
0.6601737572114527 0.24281374243064904 0.0471791570916838 0.030249796958191914 0.01958354630802291 
0.236378199630766 0.2901978891013846 0.1578079704226164 0.1578079704226164 0.1578079704226164 
0.15968239858692226 0.15968239858692226 0.15968239858692226 0.3612704056523108 0.15968239858692226 
0.24087937523083602 0.24087937523083602 0.1608129911354928 0.19661526726734233 0.1608129911354928 
0.3073195009072185 0.16502156867184872 0.1101697147568572 0.1101697147568572 0.3073195009072185 
0.1745442993828464 0.1745442993828464 0.26252754417217034 0.2138395576792909 0.1745442993828464 
0.15811284242942708 0.1937088773914259 0.12932159074624627 0.15811284242942708 0.3607438470034735 
0.2 0.2 0.2 0.2 0.2 
0.12546426339036157 0.12546426339036157 0.10261809144750293 0.5438352903242709 0.10261809144750293 
0.1594119178805977 0.44943574140873904 0.13038411357022106 0.13038411357022106 0.13038411357022106 
0.2901978891013846 0.236378199630766 0.1578079704226164 0.1578079704226164 0.1578079704226164 
0.31398310102629096 0.20787842674463333 0.16967858868922567 0.16967858868922567 0.13878129485062451 
0.15811284242942708 0.12932159074624625 0.36074384700347356 0.19370887739142592 0.15811284242942708 
0.2 0.2 0.2 0.2 0.2 
0.395106349735987 0.20796892665726407 0.1370994999760169 0.09115209699047334 0.1686731266402583 
2.909505763327103E-11 1.01522326748445E-11 2.431624690000243E-13 1.9678025120732492E-13 0.9999999999603129 
1.94729192015819E-25 7.844222393007642E-26 1.0 2.145482074040655E-21 1.7765833322159874E-24 
4.0761709581583384E-8 3.3131596675275476E-8 4.0761709581583384E-8 0.9999998084287381 7.69162460629722E-8 
0.2779811108484348 0.22545648461709755 0.14926771271570274 0.1218382072016671 0.22545648461709755 
0.6846447857681569 0.18831756627674875 0.006056454613251394 0.006056454613251394 0.1149247387285918 
1.0 8.624813731972923E-34 2.5800105729339177E-39 5.299604413345863E-40 2.419514083456802E-38 
2.836749837214924E-7 0.999999369874071 3.790028544911552E-8 2.4875676029540003E-8 2.836749837214924E-7 
0.1727493133037478 0.1727493133037478 0.4478249714453185 0.06958812994426997 0.13708827200291598 
0.00805309971397292 0.004118970420431934 0.7828088363011416 0.19696599385048114 0.00805309971397292 
0.32116155700140175 0.32116155700140175 0.09317097209760444 0.09317097209760444 0.17133494180198777 
0.7043899981394209 0.012729450783486515 0.2778084548001165 0.0028383263052107885 0.0022337699717654372 
0.24293505077651895 0.19829319090211614 0.19829319090211614 0.19829319090211614 0.1621853765171327 
0.715372975934265 0.1521810269584285 0.04414866570243545 0.04414866570243545 0.04414866570243545 
0.16678424679364126 0.2498236298095381 0.16678424679364126 0.16678424679364126 0.2498236298095381 
0.2 0.2 0.2 0.2 0.2 
0.2 0.2 0.2 0.2 0.2 
0.2520355018974585 0.20572133881923121 0.16826091023203954 0.16826091023203954 0.20572133881923121 
0.22453136198566015 0.22453136198566015 0.18364575867622646 0.18364575867622646 0.18364575867622646 
0.038312122797873216 0.038312122797873216 0.32976479307891526 0.07134862764728404 0.5222623336780542 
0.085469879458203 0.0696187566751403 0.5992310843883445 0.1602104000201094 0.085469879458203 
0.09650188346254684 0.5397222747968649 0.11872599399085358 0.1808895186261407 0.06416032912359397 
0.024259168137058484 0.024259168137058484 0.7930310344261422 0.1035659357379016 0.05488469356183943 
0.13717971629795953 0.13717971629795953 0.3129836756319093 0.20632844588608582 0.20632844588608582 
0.2 0.2 0.2 0.2 0.2 
0.23626893296460763 0.1008645385672174 0.19032866253895953 0.23626893296460763 0.23626893296460763 
0.1515059553907434 0.18600153698336117 0.2821493879248124 0.1515059553907434 0.22883716431033943 
0.19455677292453688 0.19455677292453688 0.15912933433150755 0.292627785487911 0.15912933433150755 
0.2 0.2 0.2 0.2 0.2 
0.18227313987597063 0.18227313987597063 0.1490824656421867 0.1490824656421867 0.3372887889636851 
0.11452647289067486 0.07582440878922293 0.5206314674255617 0.17449117800386577 0.11452647289067486 
0.12305684986350422 0.18432501568247656 0.12305684986350422 0.3432682908068691 0.22629299378364578 
0.2011904279872426 0.10516666183967992 0.13024953749820492 0.49436772344739105 0.06902564922748153 
0.08629461630271824 0.6607800947711333 0.030277579928763083 0.05638590656527444 0.1662618024321113 
0.46872093297725276 0.20190107681473402 0.10979266340267105 0.10979266340267105 0.10979266340267105 
0.532495621763057 0.22525362145136824 0.0807502522618584 0.0807502522618584 0.0807502522618584 
0.5626263936076044 0.11556918990595515 0.1793694296445441 0.04933713826098946 0.09309784858090688 
0.22085919299300535 0.18027400319000136 0.14744735787752716 0.271145442749465 0.18027400319000136 
0.2583843282196633 0.13874481455670346 0.1703348801666645 0.11324900178723109 0.3192869752697374 
0.19825833287944997 0.19825833287944997 0.24339871353723436 0.16182628782441605 0.19825833287944997 
0.05612026869142624 0.11141684329376612 0.4732821603705921 0.07035037739658964 0.2888303502476259 
