0.15152231058992854 0.15152231058992854 0.18723697589356464 0.3581960923366498 0.15152231058992854 
0.2498236298095381 0.16678424679364126 0.16678424679364126 0.16678424679364126 0.2498236298095381 
0.21915883938712738 0.2690579447148641 0.1463121882554405 0.1463121882554405 0.21915883938712738 
0.093251534553176 0.061999299221284616 0.4171002823694133 0.33439734930294995 0.093251534553176 
0.21915883938712738 0.1463121882554405 0.1463121882554405 0.2690579447148641 0.21915883938712738 
0.11520131502880189 0.06264582341038448 0.06264582341038448 0.6443057231216269 0.11520131502880189 
0.19147430099047413 0.23410279603810327 0.19147430099047413 0.19147430099047413 0.19147430099047413 
0.19147430099047413 0.23410279603810327 0.19147430099047413 0.19147430099047413 0.19147430099047413 
0.3872693203612049 0.040835863419995816 0.12184246641667607 0.06278302944091818 0.3872693203612049 
0.18188812442370433 0.27244750230518255 0.18188812442370433 0.18188812442370433 0.18188812442370433 
0.10597032454936171 0.10597032454936171 0.08667386362835308 0.5715580027381099 0.12982748453481388 
0.263489271114926 0.11646289913390835 0.21416717670708965 0.14239138192914974 0.263489271114926 
0.26552384430727893 0.17579506297430414 0.17579506297430414 0.11736218543683415 0.26552384430727893 
0.21915883938712738 0.2690579447148641 0.1463121882554405 0.1463121882554405 0.21915883938712738 
0.093251534553176 0.061999299221284616 0.4171002823694133 0.33439734930294995 0.093251534553176 
0.21915883938712738 0.1463121882554405 0.1463121882554405 0.2690579447148641 0.21915883938712738 
0.11520131502880189 0.06264582341038448 0.06264582341038448 0.6443057231216269 0.11520131502880189 
0.19147430099047413 0.23410279603810327 0.19147430099047413 0.19147430099047413 0.19147430099047413 
0.19147430099047413 0.23410279603810327 0.19147430099047413 0.19147430099047413 0.19147430099047413 
0.3872693203612049 0.040835863419995816 0.12184246641667607 0.06278302944091818 0.3872693203612049 
0.27537717505274945 0.14974854996483358 0.14974854996483358 0.14974854996483358 0.27537717505274945 
0.14728603785505995 0.14728603785505995 0.14728603785505995 0.4108558485797606 0.14728603785505995 
0.24087937523083602 0.16081299113549283 0.16081299113549283 0.1966152672673423 0.24087937523083602 
0.16394876852584983 0.374058859234635 0.16394876852584983 0.1340948351878152 0.16394876852584983 
0.16497393840375685 0.16497393840375685 0.30337560614524467 0.20170257864348454 0.16497393840375685 
0.19444297486455384 0.29368996666377695 0.15871204180355789 0.15871204180355789 0.19444297486455384 
0.2 0.2 0.2 0.2 0.2 
0.07000401417035593 0.07000401417035593 0.07000401417035593 0.7199839433185761 0.07000401417035593 
0.3896994656736218 0.07353368955091884 0.07353368955091884 0.07353368955091884 0.3896994656736218 
0.2498236298095381 0.16678424679364126 0.16678424679364126 0.16678424679364126 0.2498236298095381 
0.2075590111955787 0.16976395521768495 0.2075590111955787 0.2075590111955787 0.2075590111955787 
0.1490824656421867 0.18227313987597063 0.3372887889636851 0.18227313987597063 0.1490824656421867 
0.2 0.2 0.2 0.2 0.2 
0.0031378448294841336 0.9894781206389204 0.002550477160728258 0.00169571254138314 0.0031378448294841336 
3.4867844007028936E-11 0.99999999991477 4.134516231993578E-12 1.3856953583002788E-12 4.484179701057008E-11 
5.299604413345655E-20 1.4978850497712196E-20 1.0 3.1533685520122855E-18 5.299604413345655E-20 
5.116243540701189E-14 9.590225579490627E-14 7.760930403560327E-14 0.9999999999997242 5.116243540701189E-14 
0.20511745833449246 0.311146704808936 0.16707666504426916 0.1115417134778098 0.20511745833449246 
0.3882940731366681 0.187618395646971 0.019783542813493572 0.016009915266199035 0.3882940731366681 
0.4156066505300144 0.002186832111089476 4.967315840607564E-4 5.2378182460164815E-5 0.5816574075923757 
0.6866307079943673 1.2751297281359577E-11 2.152614809525936E-12 1.1483881712237849E-12 0.3133692919895806 
0.19669126608247528 0.06352230581652614 0.5098906556117526 0.033204506406770806 0.19669126608247528 
0.005799762239457631 0.003772329892137761 0.7807586570131125 0.20386948861583462 0.005799762239457631 
0.33170155146668034 0.14413951651969384 0.09622869027347285 0.09622869027347285 0.33170155146668034 
0.022455767852897837 0.0022482697164130836 0.9493507623420174 0.0034894322357738932 0.022455767852897837 
0.21571185274517785 0.17643222088223307 0.21571185274517785 0.17643222088223307 0.21571185274517785 
0.3006607951544335 0.1328928032303776 0.1328928032303776 0.1328928032303776 0.3006607951544335 
0.23066901696027353 0.23066901696027353 0.1539964745595897 0.1539964745595897 0.23066901696027353 
0.2 0.2 0.2 0.2 0.2 
0.2 0.2 0.2 0.2 0.2 
0.21571185274517785 0.21571185274517785 0.17643222088223307 0.17643222088223307 0.21571185274517785 
0.2 0.2 0.2 0.2 0.2 
0.06408659024468466 0.3584278257559606 0.44931240350998514 0.06408659024468466 0.06408659024468466 
0.0799832672570321 0.05339746682781273 0.6884417685739648 0.09819423008415842 0.0799832672570321 
0.4100597135403296 0.02530650418753303 0.046536902262225115 0.10803716646958249 0.4100597135403296 
0.03219312090739496 0.03219312090739496 0.8305859231681225 0.07283471410969261 0.03219312090739496 
0.12844753312066143 0.19239963954142386 0.3583056546758295 0.19239963954142386 0.12844753312066143 
0.19147430099047413 0.23410279603810327 0.19147430099047413 0.19147430099047413 0.19147430099047413 
0.08564368498652775 0.3830714997045719 0.1988250313658837 0.24681609895648887 0.08564368498652775 
0.21804598087222613 0.1772303362415252 0.26884418109259123 0.11783352092143091 0.21804598087222613 
0.18227313987597063 0.1490824656421867 0.1490824656421867 0.33728878896368514 0.18227313987597063 
0.2 0.2 0.2 0.2 0.2 
0.15420048366210765 0.34886795149227273 0.18853059752140414 0.15420048366210765 0.15420048366210765 
0.0741417592648444 0.09083333608039294 0.623686934192301 0.13719621119761707 0.0741417592648444 
0.14824898661237979 0.18200300638355704 0.098972205267039 0.4225268151246444 0.14824898661237979 
0.061212755339519 0.04975444705605695 0.11550681755541994 0.6980524812216276 0.07547349882737647 
0.4596430497231278 0.04480156950964537 0.01249356526262496 0.023418765781474227 0.4596430497231278 
0.2498236298095381 0.16678424679364126 0.16678424679364126 0.16678424679364126 0.2498236298095381 
0.3006607951544335 0.1328928032303776 0.1328928032303776 0.1328928032303776 0.3006607951544335 
0.18699947501018774 0.18699947501018774 0.35774173823300054 0.08125983673643616 0.18699947501018774 
0.17641771690510538 0.17641771690510538 0.1442932745717498 0.3264535747129339 0.17641771690510538 
0.16931293826834254 0.3153113141787637 0.20786289666211227 0.1381999126224388 0.16931293826834254 
0.20575438593822215 0.16794486262638186 0.2526015028707924 0.16794486262638186 0.20575438593822215 
0.17012970162652388 0.17012970162652388 0.4461267628408932 0.043484132279534946 0.17012970162652388 
