0.14697810215968493 0.22393409610280707 0.22393409610280707 0.22393409610280707 0.18121960953189387 
0.18188812442370433 0.18188812442370433 0.18188812442370433 0.18188812442370433 0.27244750230518255 
0.19138277710975451 0.19138277710975451 0.19138277710975451 0.19138277710975451 0.2344688915609822 
0.14146763990361028 0.3284224393837967 0.21459504398365276 0.17404723682532972 0.14146763990361028 
0.19661526726734233 0.16081299113549277 0.24087937523083602 0.16081299113549277 0.24087937523083602 
0.2338614485206705 0.0838360370887304 0.4442978321528262 0.0838360370887304 0.15416864514904224 
0.19147430099047413 0.19147430099047413 0.19147430099047413 0.23410279603810322 0.19147430099047413 
0.19147430099047413 0.19147430099047413 0.19147430099047413 0.23410279603810322 0.19147430099047413 
0.037771804377577066 0.13544861564769983 0.046470543979552345 0.1088543703892204 0.6714546656059501 
0.20572133881923121 0.20572133881923121 0.16826091023203954 0.2520355018974585 0.16826091023203954 
0.22181835112602352 0.11987213528820849 0.4185652430093507 0.11987213528820849 0.11987213528820849 
0.14320597184207143 0.21450608426018808 0.14320597184207143 0.1750883447238734 0.32399362733179565 
0.1377751854667747 0.20637139054013018 0.1377751854667747 0.20637139054013018 0.3117068479861904 
0.19138277710975451 0.19138277710975451 0.19138277710975451 0.19138277710975451 0.2344688915609822 
0.14146763990361028 0.3284224393837967 0.21459504398365276 0.17404723682532972 0.14146763990361028 
0.19661526726734233 0.16081299113549277 0.24087937523083602 0.16081299113549277 0.24087937523083602 
0.2338614485206705 0.0838360370887304 0.4442978321528262 0.0838360370887304 0.15416864514904224 
0.19147430099047413 0.19147430099047413 0.19147430099047413 0.23410279603810322 0.19147430099047413 
0.19147430099047413 0.19147430099047413 0.19147430099047413 0.23410279603810322 0.19147430099047413 
0.037771804377577066 0.13544861564769983 0.046470543979552345 0.1088543703892204 0.6714546656059501 
0.17126424110108873 0.17126424110108873 0.17126424110108873 0.17126424110108873 0.3149430355956448 
0.25895463862393014 0.14081806755833332 0.3185911587010696 0.14081806755833332 0.14081806755833332 
0.20572133881923121 0.1682609102320395 0.20572133881923121 0.1682609102320395 0.2520355018974585 
0.13653751453534568 0.25108299913619786 0.13653751453534568 0.3089067029268837 0.16693526886622678 
0.19829319090211614 0.24293505077651895 0.19829319090211614 0.19829319090211614 0.1621853765171327 
0.18147447054584712 0.18147447054584712 0.18147447054584712 0.2741021178166118 0.18147447054584712 
0.2 0.2 0.2 0.2 0.2 
0.26431381431407275 0.07667908714977488 0.5056489242366028 0.07667908714977488 0.07667908714977488 
0.10753145569987334 0.10753145569987334 0.10753145569987334 0.10753145569987334 0.5698741772005067 
0.18188812442370433 0.18188812442370433 0.18188812442370433 0.18188812442370433 0.27244750230518255 
0.2075590111955787 0.2075590111955787 0.2075590111955787 0.16976395521768498 0.2075590111955787 
0.2794114137658944 0.22710888140821997 0.18498958994383707 0.18498958994383707 0.12350052493821152 
0.2 0.2 0.2 0.2 0.2 
0.23322568860308432 0.18956858111275077 0.1544114605683296 0.18956858111275077 0.23322568860308432 
4.60767119302157E-9 2.626889785005604E-5 5.7066282349985535E-9 0.999973604846378 1.1594147258386243E-7 
7.248023387783092E-9 0.9999593349470942 7.248023387783092E-9 4.0629668817360706E-5 2.088804163435312E-8 
1.8121260292806044E-4 2.283790879703903E-8 0.9998187240905904 2.828488616264304E-8 1.2183686650275839E-8 
0.9997839070862571 2.0214885377223545E-8 2.160276136556549E-4 2.4870316243656583E-8 2.0214885377223545E-8 
0.01398888855361948 0.09605159725767212 0.017173943855550513 0.24094960008742658 0.6318359702457311 
1.403988509318671E-4 0.0034051424249033754 1.1387043989703842E-4 0.007243418956912388 0.9890971693273553 
6.021481000635931E-13 3.3065465827583313E-12 6.021481000635931E-13 6.513880423148401E-12 0.9999999999889753 
0.03549917660202627 0.41601085640485763 0.02879159500826001 0.2598491859924283 0.2598491859924283 
0.058444662740711854 0.6523884236086445 0.11695526722258393 0.14818784370263097 0.02402380272542877 
0.12243602005451319 0.14969431658593582 0.12243602005451319 0.1833950839931366 0.4220385593119011 
0.0035006264313279193 0.7851381101812007 0.0035006264313279193 0.12878938677740437 0.07907125017873913 
0.17643222088223307 0.21571185274517785 0.17643222088223307 0.21571185274517785 0.21571185274517785 
0.15968239858692226 0.15968239858692226 0.15968239858692226 0.15968239858692226 0.3612704056523108 
0.18347744683615302 0.18347744683615302 0.18347744683615302 0.22478382974577063 0.22478382974577063 
0.2 0.2 0.2 0.2 0.2 
0.23410279603810327 0.19147430099047413 0.19147430099047413 0.19147430099047413 0.19147430099047413 
0.17643222088223307 0.21571185274517785 0.17643222088223307 0.21571185274517785 0.21571185274517785 
0.2 0.2 0.2 0.2 0.2 
0.029888286803510845 0.39611369852930783 0.029888286803510845 0.49915553250018474 0.04495419536348559 
0.10352845515239562 0.44875270410228707 0.08467664170786815 0.23620632335840472 0.1268358756790444 
0.0943615840679724 0.06247386428462297 0.11634501445004679 0.05099363742443129 0.6758258997729266 
0.06815574987834319 0.5605989908824971 0.06815574987834319 0.23493375948247341 0.06815574987834319 
0.15340192717241763 0.2838638225900296 0.15340192717241763 0.2838638225900296 0.1254685004751054 
0.2 0.2 0.2 0.2 0.2 
0.13192759964103462 0.3090322291515452 0.16266278950488544 0.3090322291515452 0.0873451525509896 
0.14926771271570274 0.2779811108484348 0.1218382072016671 0.2254564846170976 0.2254564846170976 
0.25108299913619786 0.13653751453534568 0.3089067029268837 0.13653751453534568 0.16693526886622678 
0.2 0.2 0.2 0.2 0.2 
0.18027400319000136 0.22085919299300535 0.18027400319000136 0.271145442749465 0.14744735787752716 
0.1155327941013962 0.4087617441668372 0.1155327941013962 0.26587023443690844 0.09430243319346214 
0.2888260962274269 0.10244472722454681 0.3577128416263981 0.12550816746081392 0.12550816746081392 
0.23143518046628764 0.1218186599746265 0.44914419477220774 0.09880098239343897 0.09880098239343897 
0.02250397384429279 0.0342867880826754 0.02774672752644456 0.05271416459324992 0.8627483459533375 
0.18188812442370433 0.18188812442370433 0.18188812442370433 0.18188812442370433 0.27244750230518255 
0.18227313987597063 0.1490824656421867 0.18227313987597063 0.1490824656421867 0.3372887889636851 
0.06659667942726398 0.35293605620687846 0.06659667942726398 0.2843109616518761 0.22955962328671722 
0.22085919299300535 0.18027400319000136 0.271145442749465 0.18027400319000136 0.14744735787752716 
0.14388645796694616 0.2662558465222524 0.11768573219745768 0.3282855053463973 0.14388645796694616 
0.17619929143570645 0.21586713904286245 0.17619929143570645 0.21586713904286245 0.21586713904286245 
0.009108628007721139 0.4114092976583789 0.011182522857773627 0.4114092976583789 0.15689025381774735 
