0.18078133312886302 0.2244171324932867 0.2244171324932867 0.14596726939127674 0.2244171324932867 
0.1328928032303776 0.3006607951544335 0.1328928032303776 0.1328928032303776 0.3006607951544335 
0.17643222088223307 0.21571185274517785 0.17643222088223307 0.21571185274517785 0.21571185274517785 
0.3716123596733788 0.10221524595930899 0.29792880344524314 0.12602834496275975 0.10221524595930899 
0.16525687322312066 0.24855856787208955 0.20246124793788436 0.1351647430948161 0.24855856787208955 
0.15481103895946757 0.1029278067454503 0.555147980340861 0.08418536720877082 0.1029278067454503 
0.17643222088223307 0.21571185274517785 0.17643222088223307 0.21571185274517785 0.21571185274517785 
0.17643222088223307 0.21571185274517785 0.17643222088223307 0.21571185274517785 0.21571185274517785 
0.17918098001645227 0.2808591992995727 0.11544777026995717 0.1436528511144453 0.2808591992995727 
0.19147430099047413 0.19147430099047413 0.19147430099047413 0.23410279603810322 0.19147430099047413 
0.15000700000156245 0.15000700000156245 0.42753735728922604 0.12244164270608666 0.15000700000156245 
0.050385134214154685 0.433681094781478 0.04112633811144467 0.04112633811144467 0.433681094781478 
0.16042921636779897 0.2412974146702102 0.16042921636779897 0.19654673792398214 0.2412974146702102 
0.17643222088223307 0.21571185274517785 0.17643222088223307 0.21571185274517785 0.21571185274517785 
0.3716123596733788 0.10221524595930899 0.29792880344524314 0.12602834496275975 0.10221524595930899 
0.16525687322312066 0.24855856787208955 0.20246124793788436 0.1351647430948161 0.24855856787208955 
0.15481103895946757 0.1029278067454503 0.555147980340861 0.08418536720877082 0.1029278067454503 
0.17643222088223307 0.21571185274517785 0.17643222088223307 0.21571185274517785 0.21571185274517785 
0.17643222088223307 0.21571185274517785 0.17643222088223307 0.21571185274517785 0.21571185274517785 
0.17918098001645227 0.2808591992995727 0.11544777026995717 0.1436528511144453 0.2808591992995727 
0.18364575867622646 0.22453136198566015 0.18364575867622646 0.18364575867622646 0.22453136198566015 
0.18853059752140414 0.15420048366210765 0.34886795149227273 0.15420048366210765 0.15420048366210765 
0.17643222088223307 0.21571185274517785 0.21571185274517785 0.17643222088223307 0.21571185274517785 
0.06728732582360274 0.3565962088969767 0.06728732582360274 0.15223293055884118 0.3565962088969767 
0.26252754417217034 0.1745442993828464 0.1745442993828464 0.2138395576792909 0.1745442993828464 
0.16497393840375685 0.16497393840375685 0.20170257864348456 0.30337560614524467 0.16497393840375685 
0.2 0.2 0.2 0.2 0.2 
0.15481103895946757 0.1029278067454503 0.555147980340861 0.08418536720877082 0.1029278067454503 
0.18364575867622646 0.22453136198566015 0.18364575867622646 0.18364575867622646 0.22453136198566015 
0.18364575867622646 0.22453136198566015 0.18364575867622646 0.18364575867622646 0.22453136198566015 
0.18347744683615302 0.22478382974577063 0.18347744683615302 0.18347744683615302 0.22478382974577063 
0.3117068479861904 0.1377751854667747 0.20637139054013018 0.20637139054013018 0.1377751854667747 
0.2 0.2 0.2 0.2 0.2 
0.19510462069126047 0.24003666242191515 0.12971743377364847 0.19510462069126047 0.24003666242191515 
1.1704472726916047E-6 1.5399786280850025E-4 1.7754744769541563E-6 0.9996890583526333 1.5399786280850025E-4 
0.9999999887179484 6.91467960961533E-14 2.8679719584358975E-10 1.099511615371271E-8 6.91467960961533E-14 
2.399581540426083E-7 1.721615322942086E-9 0.9999997539755826 2.62303272062201E-9 1.721615322942086E-9 
0.16794486262638186 0.20575438593822215 0.16794486262638186 0.2526015028707924 0.20575438593822215 
2.653530843334437E-10 0.4999999987534962 3.2717242653430073E-10 1.9004819466361466E-9 0.4999999987534962 
3.010816983221625E-7 0.49999848511426426 1.2376027143519089E-7 2.6049295017185114E-6 0.49999848511426426 
0.033648637175397976 0.3943245930778754 0.02218221445756709 0.1555199622112842 0.3943245930778754 
0.23498482190125128 0.23498482190125128 0.060060712394995004 0.23498482190125128 0.23498482190125128 
0.7478729532873103 0.003383263555995764 0.19174451791797184 0.05361600168272651 0.003383263555995764 
0.09622869027347285 0.33170155146668034 0.09622869027347285 0.14413951651969384 0.33170155146668034 
0.25362607130322773 0.3354878904082938 0.009172026668744017 0.06622612121144082 0.3354878904082938 
0.2 0.2 0.2 0.2 0.2 
0.10107108969013305 0.3483933654648006 0.10107108969013305 0.10107108969013305 0.3483933654648006 
0.18188812442370433 0.18188812442370433 0.18188812442370433 0.27244750230518255 0.18188812442370433 
0.2 0.2 0.2 0.2 0.2 
0.2 0.2 0.2 0.2 0.2 
0.17643222088223307 0.21571185274517785 0.17643222088223307 0.21571185274517785 0.21571185274517785 
0.18364575867622646 0.22453136198566015 0.18364575867622646 0.18364575867622646 0.22453136198566015 
0.2822991832221967 0.041961974782399915 0.07764887172356334 0.5561279954894398 0.041961974782399915 
0.48649896225148953 0.0723149707790425 0.16499090367323846 0.20388019251718703 0.0723149707790425 
0.27402742444410905 0.12010531944583923 0.33861723771936475 0.14714469894484727 0.12010531944583923 
0.6012437973471139 0.03710527558030049 0.1279023692685265 0.1966432822237585 0.03710527558030049 
0.2568300573905737 0.13879269785081963 0.2087544895172132 0.2568300573905737 0.13879269785081963 
0.2 0.2 0.2 0.2 0.2 
0.25948338685479233 0.11077491971781149 0.25948338685479233 0.25948338685479233 0.11077491971781149 
0.26717377336923315 0.14438251183547152 0.17688742959059084 0.26717377336923315 0.14438251183547152 
0.18789995867687906 0.18789995867687906 0.28261544419331086 0.1536846797760521 0.18789995867687906 
0.2 0.2 0.2 0.2 0.2 
0.15912933433150755 0.19455677292453688 0.15912933433150755 0.292627785487911 0.19455677292453688 
0.4499673451395287 0.081942587284042 0.15260159765693615 0.23354588263545112 0.081942587284042 
0.17741602770900594 0.11844435441565516 0.4082792357506779 0.17741602770900594 0.11844435441565516 
0.1843307227322148 0.14778149927541206 0.45759249168321225 0.06251378703374863 0.14778149927541206 
0.12702773526430877 0.19269086877226177 0.19269086877226177 0.2948996584189058 0.19269086877226177 
0.14974854996483358 0.27537717505274945 0.14974854996483358 0.14974854996483358 0.27537717505274945 
0.1328928032303776 0.3006607951544335 0.1328928032303776 0.1328928032303776 0.3006607951544335 
0.15852161895675193 0.3076414949398258 0.06767377220684447 0.15852161895675193 0.3076414949398258 
0.18168360351104154 0.18168360351104154 0.27326558595583417 0.18168360351104154 0.18168360351104154 
0.09298299352633181 0.32897923838247917 0.07589639464141601 0.17316213506729383 0.32897923838247917 
0.22478382974577063 0.18347744683615302 0.18347744683615302 0.22478382974577063 0.18347744683615302 
0.24279829377815304 0.15080959155290832 0.06011839050647124 0.39546413260955876 0.15080959155290832 
