0.059238193978447866 0.2607927278068394 0.20958817520393688 0.20958817520393688 0.2607927278068394 
0.1743593961020298 0.3978113247766285 0.14260975970711393 0.14260975970711393 0.14260975970711393 
0.27244750230518255 0.18188812442370433 0.18188812442370433 0.18188812442370433 0.18188812442370433 
0.04124048722585308 0.061773509260883756 0.3392138677013082 0.3392138677013082 0.21855826811064707 
0.13367493401903027 0.16343538350674464 0.20022968519625128 0.20022968519625128 0.3024303120817228 
0.03739433220432947 0.03739433220432947 0.1596418716484857 0.1596418716484857 0.6059275922943694 
0.2 0.2 0.2 0.2 0.2 
0.2 0.2 0.2 0.2 0.2 
0.050985340879063486 0.2210002028464268 0.274992831490151 0.274992831490151 0.17802879329420798 
0.23410279603810327 0.19147430099047413 0.19147430099047413 0.19147430099047413 0.19147430099047413 
0.0515422625133147 0.06301727023459491 0.1776668516757567 0.1776668516757567 0.5301067639005769 
0.09836357446810123 0.6753916441196156 0.08028823748352641 0.08028823748352641 0.06566830644523025 
0.16826091023203954 0.2520355018974585 0.20572133881923121 0.20572133881923121 0.16826091023203954 
0.27244750230518255 0.18188812442370433 0.18188812442370433 0.18188812442370433 0.18188812442370433 
0.04124048722585308 0.061773509260883756 0.3392138677013082 0.3392138677013082 0.21855826811064707 
0.13367493401903027 0.16343538350674464 0.20022968519625128 0.20022968519625128 0.3024303120817228 
0.03739433220432947 0.03739433220432947 0.1596418716484857 0.1596418716484857 0.6059275922943694 
0.2 0.2 0.2 0.2 0.2 
0.2 0.2 0.2 0.2 0.2 
0.050985340879063486 0.2210002028464268 0.274992831490151 0.274992831490151 0.17802879329420798 
0.19147430099047413 0.23410279603810327 0.19147430099047413 0.19147430099047413 0.19147430099047413 
0.10959055383680151 0.10959055383680151 0.20152941137080593 0.20152941137080593 0.3777600695847852 
0.19829319090211614 0.16218537651713266 0.19829319090211614 0.19829319090211614 0.24293505077651895 
0.13503903547658308 0.5945015547765592 0.09015313658228598 0.09015313658228598 0.09015313658228598 
0.19661526726734233 0.1608129911354928 0.24087937523083602 0.24087937523083602 0.1608129911354928 
0.24293505077651895 0.1621853765171327 0.19829319090211614 0.19829319090211614 0.19829319090211614 
0.2 0.2 0.2 0.2 0.2 
0.032302738007580864 0.032302738007580864 0.13790511157473845 0.13790511157473845 0.659584300835361 
0.2 0.2 0.2 0.2 0.2 
0.19147430099047413 0.23410279603810327 0.19147430099047413 0.19147430099047413 0.19147430099047413 
0.16218537651713266 0.19829319090211614 0.19829319090211614 0.19829319090211614 0.24293505077651895 
0.3583056546758295 0.12844753312066143 0.19239963954142386 0.19239963954142386 0.12844753312066143 
0.2 0.2 0.2 0.2 0.2 
0.3607438470034735 0.1937088773914259 0.15811284242942708 0.15811284242942708 0.12932159074624627 
0.026175217133542334 0.9200942919899289 0.013777636871493212 0.013777636871493212 0.026175217133542334 
1.06132691284875E-6 3.0249048613368775E-6 0.4999967356930332 0.4999967356930332 2.442382159351646E-6 
1.2820236041529118E-34 2.925013046412128E-34 9.043772683817129E-28 9.043772683817129E-28 1.0 
0.999999999999994 1.5586414089904826E-15 1.5586414089904826E-15 1.5586414089904826E-15 1.27482362163964E-15 
1.989733772187115E-13 0.9999999999997697 1.0485759999997884E-14 1.0485759999997884E-14 1.0485759999997884E-14 
8.640597944514075E-5 0.9997111373668949 8.640597944514075E-5 8.640597944514075E-5 2.9644694770048743E-5 
0.05503012935482089 0.8194279851663921 0.04463216754006987 0.04463216754006987 0.03627755039864725 
0.09416661921970151 0.5808550965232436 0.14615152009577656 0.14615152009577656 0.03267524406550222 
0.0037302895917626813 0.0037302895917626813 0.42168619786526884 0.42168619786526884 0.1491670250859368 
0.1594119178805977 0.44943574140873904 0.13038411357022106 0.13038411357022106 0.13038411357022106 
0.008140734846977382 0.7864809106691101 0.10093587051290973 0.10093587051290973 0.003506613458093048 
0.18364575867622646 0.18364575867622646 0.22453136198566015 0.22453136198566015 0.18364575867622646 
0.17126424110108873 0.3149430355956448 0.17126424110108873 0.17126424110108873 0.17126424110108873 
0.27244750230518255 0.18188812442370433 0.18188812442370433 0.18188812442370433 0.18188812442370433 
0.2 0.2 0.2 0.2 0.2 
0.23410279603810327 0.19147430099047413 0.19147430099047413 0.19147430099047413 0.19147430099047413 
0.2 0.2 0.2 0.2 0.2 
0.2 0.2 0.2 0.2 0.2 
0.11825113126048395 0.11825113126048395 0.33338965842118046 0.33338965842118046 0.09671842063667077 
0.11825113126048395 0.11825113126048395 0.33338965842118046 0.33338965842118046 0.09671842063667077 
0.10788810552750759 0.08806253620896391 0.24827786891726972 0.24827786891726972 0.30749362042898853 
0.07353368955091884 0.07353368955091884 0.3896994656736218 0.3896994656736218 0.07353368955091884 
0.17164273380881 0.14038778277038017 0.258163374806 0.258163374806 0.17164273380881 
0.2 0.2 0.2 0.2 0.2 
0.05078347139808832 0.0760678025826776 0.2691323091463099 0.2691323091463099 0.33488410772661464 
0.22302275006234462 0.18203998398860094 0.22302275006234462 0.22302275006234462 0.14889176582436528 
0.140694183076139 0.11507474841754894 0.2116144640236728 0.2116144640236728 0.32100214045896636 
0.2 0.2 0.2 0.2 0.2 
0.27244750230518255 0.18188812442370433 0.18188812442370433 0.18188812442370433 0.18188812442370433 
0.13821727120622207 0.1128184000524391 0.31807296434444965 0.31807296434444965 0.1128184000524391 
0.12249489963311118 0.06661203345786568 0.18581492129543764 0.18581492129543764 0.43926322431814796 
0.022323069955445266 0.08004989362559496 0.19669963461880272 0.19669963461880272 0.504227767181354 
0.09876586981069588 0.18393157973942023 0.18393157973942023 0.18393157973942023 0.3494393909710432 
0.18188812442370433 0.27244750230518255 0.18188812442370433 0.18188812442370433 0.18188812442370433 
0.2137276688970563 0.26184430166078543 0.17480934314738608 0.17480934314738608 0.17480934314738608 
0.08492862989445843 0.4580682213080306 0.193769716603103 0.193769716603103 0.06946371559130526 
0.11810041426393629 0.11810041426393629 0.21717845321506993 0.21717845321506993 0.3294422650419875 
0.15481103895946757 0.5551479803408611 0.1029278067454503 0.1029278067454503 0.08418536720877082 
0.2075590111955787 0.2075590111955787 0.2075590111955787 0.2075590111955787 0.16976395521768498 
0.028840786545144975 0.5126914375575595 0.20220334819252317 0.20220334819252317 0.0540610795122492 
