0.16958546358701032 0.16958546358701032 0.26195081114937313 0.26195081114937313 0.13692745052723315 
0.1328928032303776 0.1328928032303776 0.3006607951544335 0.3006607951544335 0.1328928032303776 
0.17643222088223307 0.21571185274517785 0.21571185274517785 0.21571185274517785 0.17643222088223307 
0.39832281785083323 0.1669276588208543 0.08905343770359249 0.08905343770359249 0.2566426479211277 
0.1732429069302145 0.26057015360827523 0.2122451819968885 0.2122451819968885 0.1416965754677335 
0.16237977671751552 0.5903457103968042 0.08775112818187175 0.08775112818187175 0.07177225652193663 
0.2 0.2 0.2 0.2 0.2 
0.2 0.2 0.2 0.2 0.2 
0.25364115283455585 0.08601967581024839 0.20334900926031993 0.20334900926031993 0.25364115283455585 
0.19147430099047413 0.19147430099047413 0.19147430099047413 0.19147430099047413 0.23410279603810327 
0.1651589832831883 0.4759708315678954 0.13452883217799266 0.13452883217799266 0.08981252079293107 
0.06097500035695442 0.04070739631607248 0.4186713014850093 0.4186713014850093 0.06097500035695442 
0.18203998398860094 0.14889176582436528 0.22302275006234462 0.22302275006234462 0.22302275006234462 
0.17643222088223307 0.21571185274517785 0.21571185274517785 0.21571185274517785 0.17643222088223307 
0.39832281785083323 0.1669276588208543 0.08905343770359249 0.08905343770359249 0.2566426479211277 
0.1732429069302145 0.26057015360827523 0.2122451819968885 0.2122451819968885 0.1416965754677335 
0.16237977671751552 0.5903457103968042 0.08775112818187175 0.08775112818187175 0.07177225652193663 
0.2 0.2 0.2 0.2 0.2 
0.2 0.2 0.2 0.2 0.2 
0.25364115283455585 0.08601967581024839 0.20334900926031993 0.20334900926031993 0.25364115283455585 
0.18364575867622646 0.18364575867622646 0.22453136198566015 0.22453136198566015 0.18364575867622646 
0.20554465306869155 0.3827856001104269 0.1372232489402939 0.1372232489402939 0.1372232489402939 
0.19829319090211614 0.24293505077651895 0.19829319090211614 0.19829319090211614 0.1621853765171327 
0.07093660642139196 0.07093660642139196 0.37593595245855627 0.37593595245855627 0.10625488224010371 
0.236378199630766 0.1578079704226164 0.1578079704226164 0.1578079704226164 0.2901978891013846 
0.17480934314738605 0.2137276688970563 0.17480934314738605 0.17480934314738605 0.26184430166078543 
0.2 0.2 0.2 0.2 0.2 
0.14551897650906234 0.661521798113 0.06431974179264585 0.06431974179264585 0.06431974179264585 
0.2 0.2 0.2 0.2 0.2 
0.18364575867622646 0.18364575867622646 0.22453136198566015 0.22453136198566015 0.18364575867622646 
0.2 0.2 0.2 0.2 0.2 
0.2419885298508336 0.19710967986211678 0.1315919935860436 0.1315919935860436 0.2977178031149623 
0.2 0.2 0.2 0.2 0.2 
0.18184154019211066 0.1484262527288394 0.22324406902635005 0.22324406902635005 0.22324406902635005 
0.00168382884985438 0.003909071917441913 0.17057607937549576 0.17057607937549576 0.6532549404817124 
0.19322659417440946 7.737527333696459E-12 1.460050528858249E-11 1.460050528858249E-11 0.8067734057886521 
1.6343539713976703E-9 0.9999999983627057 9.094947002838402E-13 9.094947002838402E-13 1.1213797976360936E-12 
0.004936586408673616 0.9769195247709713 0.006047962940118283 0.006047962940118283 0.006047962940118283 
4.54747350885459E-13 4.54747350885459E-13 0.49999999999888256 0.49999999999888256 1.32546111734773E-12 
1.0745015179031422E-5 2.3636463921327943E-6 0.4999657953516915 0.4999657953516915 5.530063504578031E-5 
0.02987315998528423 0.019778088308999856 0.4316384300846158 0.4316384300846158 0.08707189153648434 
0.16909851788347097 0.018736314392532954 0.2707217225746655 0.2707217225746655 0.2707217225746655 
0.7107196064016948 0.041379608504656336 0.0034339277471661404 0.0034339277471661404 0.2410329295993166 
0.09884686150145375 0.09884686150145375 0.34072642186508884 0.34072642186508884 0.12085343326691476 
0.14920373721292451 8.701022343053991E-4 0.2561815015151783 0.2561815015151783 0.33756315752241367 
0.2075590111955787 0.16976395521768495 0.2075590111955787 0.2075590111955787 0.2075590111955787 
0.1328928032303776 0.1328928032303776 0.3006607951544335 0.3006607951544335 0.1328928032303776 
0.19147430099047413 0.19147430099047413 0.19147430099047413 0.19147430099047413 0.23410279603810327 
0.2 0.2 0.2 0.2 0.2 
0.2 0.2 0.2 0.2 0.2 
0.18364575867622646 0.18364575867622646 0.22453136198566015 0.22453136198566015 0.18364575867622646 
0.2 0.2 0.2 0.2 0.2 
0.21242092668166804 0.04008241183941038 0.0490060788054453 0.0490060788054453 0.6494845038680309 
0.3964388597741506 0.06011793642016212 0.07350217201576847 0.07350217201576847 0.3964388597741506 
0.26514440020414215 0.3276404344419787 0.11621191911866152 0.11621191911866152 0.1747913271165558 
0.39288803319761684 0.038200490022816364 0.038200490022816364 0.038200490022816364 0.49251049673393377 
0.29202096891941826 0.157810104148752 0.12907397900620568 0.12907397900620568 0.29202096891941826 
0.2 0.2 0.2 0.2 0.2 
0.2857512500457362 0.23018960875481567 0.09915394557685578 0.09915394557685578 0.2857512500457362 
0.25945786222534833 0.14021278133384094 0.14021278133384094 0.14021278133384094 0.3199037937731285 
0.22157027023535322 0.33466349362549014 0.14792207871305224 0.14792207871305224 0.14792207871305224 
0.2 0.2 0.2 0.2 0.2 
0.19147430099047413 0.19147430099047413 0.19147430099047413 0.19147430099047413 0.23410279603810327 
0.3912029078892742 0.07253139474048391 0.07253139474048391 0.07253139474048391 0.3912029078892742 
0.1774829356810832 0.5114871671278655 0.09651421638940486 0.09651421638940486 0.1180014644122414 
0.21725844697900068 0.43132812628540407 0.13929930744195768 0.13929930744195768 0.07281481185167982 
0.16695805253186002 0.2543753119099823 0.20585429151314877 0.20585429151314877 0.16695805253186002 
0.16678424679364126 0.16678424679364126 0.2498236298095381 0.2498236298095381 0.16678424679364126 
0.14974854996483358 0.14974854996483358 0.27537717505274945 0.27537717505274945 0.14974854996483358 
0.15077849806230706 0.035318185558652154 0.2905013769098374 0.2905013769098374 0.232900562559366 
0.20787842674463333 0.31398310102629096 0.16967858868922567 0.16967858868922567 0.13878129485062451 
0.0834521871616219 0.05571334540949698 0.36739343436507177 0.36739343436507177 0.1260475986987375 
0.232553433006913 0.15525452573442944 0.18981930412587236 0.18981930412587236 0.232553433006913 
0.16015221967357807 0.014043870487793783 0.20292042129621063 0.20292042129621063 0.41996306724620663 
