0.34743401606081953 0.06441637640462396 0.18161140191514022 0.18161140191514022 0.22492680370427573 
0.19147430099047413 0.23410279603810327 0.19147430099047413 0.19147430099047413 0.19147430099047413 
0.15525452573442944 0.232553433006913 0.18981930412587236 0.18981930412587236 0.232553433006913 
0.3076836380679031 0.04665865854176909 0.19919263533079573 0.19919263533079573 0.24727243272873653 
0.24106244780871772 0.13108839541045503 0.13108839541045503 0.13108839541045503 0.3656723659599173 
0.6957348347289714 0.06764627417201532 0.06764627417201532 0.06764627417201532 0.10132634275498247 
0.19147430099047413 0.19147430099047413 0.19147430099047413 0.19147430099047413 0.23410279603810327 
0.19147430099047413 0.19147430099047413 0.19147430099047413 0.19147430099047413 0.23410279603810327 
0.03946176315793416 0.00744617146490441 0.061246721173408354 0.061246721173408354 0.8305986230303445 
0.16976395521768495 0.2075590111955787 0.2075590111955787 0.2075590111955787 0.2075590111955787 
0.5561670647914132 0.08433990618166563 0.08433990618166563 0.08433990618166563 0.19081321666358989 
0.06668731754907582 0.06668731754907582 0.08170067162281824 0.08170067162281824 0.703224021656212 
0.11844435441565519 0.11844435441565519 0.17741602770900594 0.17741602770900594 0.40827923575067787 
0.15525452573442944 0.232553433006913 0.18981930412587236 0.18981930412587236 0.232553433006913 
0.3076836380679031 0.04665865854176909 0.19919263533079573 0.19919263533079573 0.24727243272873653 
0.24106244780871772 0.13108839541045503 0.13108839541045503 0.13108839541045503 0.3656723659599173 
0.6957348347289714 0.06764627417201532 0.06764627417201532 0.06764627417201532 0.10132634275498247 
0.19147430099047413 0.19147430099047413 0.19147430099047413 0.19147430099047413 0.23410279603810327 
0.19147430099047413 0.19147430099047413 0.19147430099047413 0.19147430099047413 0.23410279603810327 
0.03946176315793416 0.00744617146490441 0.061246721173408354 0.061246721173408354 0.8305986230303445 
0.17126424110108873 0.17126424110108873 0.17126424110108873 0.17126424110108873 0.3149430355956448 
0.41085584857976054 0.14728603785505995 0.14728603785505995 0.14728603785505995 0.14728603785505995 
0.20572133881923121 0.20572133881923121 0.1682609102320395 0.1682609102320395 0.2520355018974585 
0.13367493401903027 0.16343538350674464 0.20022968519625128 0.20022968519625128 0.3024303120817228 
0.18347744683615302 0.18347744683615302 0.22478382974577063 0.22478382974577063 0.18347744683615302 
0.17619929143570645 0.21586713904286245 0.21586713904286245 0.21586713904286245 0.17619929143570645 
0.2 0.2 0.2 0.2 0.2 
0.7089350469893548 0.06892973035836907 0.06892973035836907 0.06892973035836907 0.0842757619355379 
0.17126424110108873 0.17126424110108873 0.17126424110108873 0.17126424110108873 0.3149430355956448 
0.17126424110108873 0.17126424110108873 0.17126424110108873 0.17126424110108873 0.3149430355956448 
0.18789995867687906 0.1536846797760521 0.18789995867687906 0.18789995867687906 0.28261544419331086 
0.12775497358421925 0.36018418217942905 0.19215293532606614 0.19215293532606614 0.12775497358421925 
0.2 0.2 0.2 0.2 0.2 
0.10223410393588535 0.23325318413174165 0.15376765859342678 0.15376765859342678 0.3569773947455193 
3.035146645670903E-4 3.035146645670903E-4 0.48581354402444726 0.48581354402444726 0.02776588262197115 
3.969481871304041E-8 3.1917349002088515E-10 0.4999999782666363 0.4999999782666363 3.4527352125090574E-9 
0.9999999999999685 3.758997345754583E-15 1.0485759999999968E-14 1.0485759999999968E-14 6.912534848235733E-15 
1.2157665459057457E-21 1.0 2.2357101755828936E-21 2.2357101755828936E-21 3.391392715611904E-21 
0.013150456934332906 0.031087450210995776 0.0387759780039532 0.0387759780039532 0.878210136846765 
2.884055685908991E-17 3.571920156421483E-17 5.660572224054616E-16 5.660572224054616E-16 0.9999999999999989 
0.001907109925108604 0.0023463119411158222 0.008530219819800454 0.008530219819800454 0.9786861384941746 
0.03686057637206753 0.04565204353160888 0.3495694510708682 0.3495694510708682 0.2183484779545876 
0.3257134062656979 0.004877283855332348 0.3257134062656979 0.3257134062656979 0.017982497347573925 
0.1232299252590187 0.1506649712753773 0.1506649712753773 0.1506649712753773 0.4247751609148488 
0.0016076682949784553 6.800677615666492E-4 0.1319979210220065 0.1319979210220065 0.7337164218994421 
0.1682609102320395 0.1682609102320395 0.20572133881923121 0.20572133881923121 0.2520355018974585 
0.07000401417035593 0.07000401417035593 0.07000401417035593 0.07000401417035593 0.719983943318576 
0.1621853765171327 0.24293505077651895 0.19829319090211614 0.19829319090211614 0.19829319090211614 
0.2 0.2 0.2 0.2 0.2 
0.19147430099047413 0.23410279603810327 0.19147430099047413 0.19147430099047413 0.19147430099047413 
0.1682609102320395 0.1682609102320395 0.20572133881923121 0.20572133881923121 0.2520355018974585 
0.19147430099047413 0.19147430099047413 0.19147430099047413 0.19147430099047413 0.23410279603810327 
0.04059186819363681 0.04059186819363681 0.4391121977095449 0.4391121977095449 0.04059186819363681 
0.10165903491320395 0.06758911748027732 0.3645464063466573 0.3645464063466573 0.10165903491320395 
0.3496487388346002 0.12267877291346561 0.12267877291346561 0.12267877291346561 0.28231494242500266 
0.07533907718733654 0.04096896397579513 0.4213614974305365 0.4213614974305365 0.04096896397579513 
0.17688742959059084 0.14438251183547152 0.26717377336923315 0.26717377336923315 0.14438251183547152 
0.2 0.2 0.2 0.2 0.2 
0.25035972057520056 0.047241209163602214 0.25035972057520056 0.25035972057520056 0.2016796291107959 
0.12479128638093949 0.15288562030546832 0.2847187365040618 0.2847187365040618 0.15288562030546832 
0.33728878896368514 0.18227313987597063 0.1490824656421867 0.1490824656421867 0.18227313987597063 
0.2 0.2 0.2 0.2 0.2 
0.14889176582436528 0.22302275006234462 0.22302275006234462 0.22302275006234462 0.1820399839886009 
0.10013533788004211 0.08156437995051526 0.3590824721447002 0.3590824721447002 0.10013533788004211 
0.4366977128631376 0.18810710652403895 0.12506506020427452 0.12506506020427452 0.12506506020427452 
0.7048063293663712 0.032294904372202164 0.0743187582654609 0.0743187582654609 0.11426124973050447 
0.18384872591922286 0.07989069194757868 0.14878035504125306 0.14878035504125306 0.4386998720506922 
0.13428202594165645 0.13428202594165645 0.13428202594165645 0.13428202594165645 0.46287189623337455 
0.10206696355883603 0.15288457879031797 0.10206696355883603 0.10206696355883603 0.5409145305331741 
0.05073542546802026 0.04141225967876106 0.17950488574831333 0.17950488574831333 0.548842543356592 
0.3264535747129339 0.1442932745717498 0.17641771690510538 0.17641771690510538 0.17641771690510538 
0.10769852778713866 0.16132001465471868 0.2436604858527143 0.2436604858527143 0.2436604858527143 
0.16947652256558415 0.20763086935860398 0.20763086935860398 0.20763086935860398 0.20763086935860398 
0.034190955838653586 0.009663763102607813 0.43648307817716236 0.43648307817716236 0.08317912470441396 
