0.30964410871796916 0.16298485959249034 0.20140131250455964 0.16298485959249034 0.16298485959249034 
0.20170257864348456 0.16497393840375685 0.16497393840375685 0.30337560614524467 0.16497393840375685 
0.17619929143570645 0.21586713904286245 0.17619929143570645 0.21586713904286245 0.21586713904286245 
0.40722281053126524 0.09394739706684638 0.3280421675048664 0.09394739706684638 0.07684022783017536 
0.41085584857976054 0.14728603785505995 0.14728603785505995 0.14728603785505995 0.14728603785505995 
0.236378199630766 0.1578079704226164 0.1578079704226164 0.2901978891013846 0.1578079704226164 
0.21571185274517785 0.21571185274517785 0.17643222088223307 0.17643222088223307 0.21571185274517785 
0.21571185274517785 0.21571185274517785 0.17643222088223307 0.17643222088223307 0.21571185274517785 
0.5983062359515947 0.038962203025726026 0.09297161781642735 0.23079774018052607 0.038962203025726026 
0.17164273380881 0.258163374806 0.17164273380881 0.14038778277038017 0.258163374806 
0.32645357471293396 0.17641771690510538 0.17641771690510538 0.1442932745717498 0.17641771690510538 
0.7743996128147913 0.0477914469464069 0.0715860938879542 0.05843139940444079 0.0477914469464069 
0.30579704293935017 0.16420405334544438 0.16420405334544438 0.2015907970243165 0.16420405334544438 
0.17619929143570645 0.21586713904286245 0.17619929143570645 0.21586713904286245 0.21586713904286245 
0.40722281053126524 0.09394739706684638 0.3280421675048664 0.09394739706684638 0.07684022783017536 
0.41085584857976054 0.14728603785505995 0.14728603785505995 0.14728603785505995 0.14728603785505995 
0.236378199630766 0.1578079704226164 0.1578079704226164 0.2901978891013846 0.1578079704226164 
0.21571185274517785 0.21571185274517785 0.17643222088223307 0.17643222088223307 0.21571185274517785 
0.21571185274517785 0.21571185274517785 0.17643222088223307 0.17643222088223307 0.21571185274517785 
0.5983062359515947 0.038962203025726026 0.09297161781642735 0.23079774018052607 0.038962203025726026 
0.236378199630766 0.1578079704226164 0.1578079704226164 0.2901978891013846 0.1578079704226164 
0.2 0.2 0.2 0.2 0.2 
0.2137276688970563 0.17480934314738605 0.17480934314738605 0.26184430166078543 0.17480934314738605 
0.24617824190078508 0.24617824190078508 0.13133245193727405 0.07141784440618859 0.30489321985496676 
0.2137276688970563 0.17480934314738605 0.26184430166078543 0.17480934314738605 0.17480934314738605 
0.11324900178723109 0.25838432821966323 0.13874481455670348 0.1703348801666645 0.3192869752697374 
0.2 0.2 0.2 0.2 0.2 
0.23410279603810327 0.19147430099047413 0.19147430099047413 0.19147430099047413 0.19147430099047413 
0.09822004879030265 0.08033485931672686 0.08033485931672686 0.6607753732595165 0.08033485931672686 
0.26184430166078543 0.17480934314738608 0.17480934314738608 0.21372766889705624 0.17480934314738608 
0.30337560614524467 0.16497393840375685 0.20170257864348454 0.16497393840375685 0.16497393840375685 
0.19455677292453688 0.19455677292453688 0.292627785487911 0.15912933433150755 0.15912933433150755 
0.2 0.2 0.2 0.2 0.2 
0.10835283243888334 0.6418422708937033 0.057804633946009834 0.057804633946009834 0.1341956287753936 
3.467165351478846E-26 1.0995116156867598E-8 2.160743034062228E-24 7.43874110933244E-27 0.9999999890048837 
2.98113071715547E-8 2.827030998202173E-9 0.9999999565642809 7.970349955981093E-9 2.827030998202173E-9 
0.1406401330808844 0.2653841360781874 0.2142776414613753 0.1143139533013651 0.2653841360781874 
0.19640331457088916 0.2421594200382119 0.15963892267634336 0.15963892267634336 0.2421594200382119 
0.9937068792727743 0.0017562977770882928 2.6699209081721174E-4 0.001374109941064171 0.0028957209182560793 
0.9999999999996414 1.2816019505818426E-13 2.749654011028766E-14 3.5251588164557236E-14 1.676270233045356E-13 
2.4604898194635813E-25 3.117556733076992E-25 7.844222393007642E-26 1.0 3.961304608498247E-25 
0.2708286511538988 0.10796251380800828 0.34315268376077573 0.17009363746930894 0.10796251380800828 
0.04986569747210061 0.025881718873939343 0.8724891459060815 0.025881718873939343 0.025881718873939343 
0.2732113650289971 0.14575422340065616 0.09690628419878865 0.3383739039709016 0.14575422340065616 
0.9028341853931944 0.00146439709773641 0.09159089678238562 0.0022839498993728565 0.0018265708273107351 
0.22453136198566015 0.18364575867622646 0.22453136198566015 0.18364575867622646 0.18364575867622646 
0.6607753732595165 0.08033485931672686 0.08033485931672686 0.09822004879030265 0.08033485931672686 
0.12920857411556824 0.23760558710514884 0.15797466456898535 0.23760558710514884 0.23760558710514884 
0.2 0.2 0.2 0.2 0.2 
0.2 0.2 0.2 0.2 0.2 
0.19829319090211614 0.19829319090211614 0.19829319090211614 0.16218537651713272 0.24293505077651895 
0.23410279603810327 0.19147430099047413 0.19147430099047413 0.19147430099047413 0.19147430099047413 
0.026670266588987968 0.2885119580977013 0.2885119580977013 0.03274267710806324 0.36356314010754615 
0.14948769914047125 0.09979917962550572 0.5288961727915829 0.12201776881693452 0.09979917962550572 
0.04835884374013629 0.026297265656364723 0.039390281076529116 0.859656343870605 0.026297265656364723 
0.08179782898668078 0.08179782898668078 0.6728086840532765 0.08179782898668078 0.08179782898668078 
0.14977878531894168 0.22527837814184604 0.2771593507801175 0.1225051076172484 0.22527837814184604 
0.2 0.2 0.2 0.2 0.2 
0.17802879329420798 0.274992831490151 0.2210002028464268 0.050985340879063486 0.274992831490151 
0.14645394150209734 0.17979925704178423 0.27274102755513 0.22120651685920398 0.17979925704178423 
0.22453136198566015 0.18364575867622646 0.18364575867622646 0.22453136198566015 0.18364575867622646 
0.2 0.2 0.2 0.2 0.2 
0.13147244818075196 0.29996220422675984 0.1610709158957985 0.10753222746992966 0.29996220422675984 
0.1651589832831883 0.13452883217799266 0.4759708315678954 0.08981252079293107 0.13452883217799266 
0.12920857411556824 0.23760558710514884 0.15797466456898535 0.23760558710514884 0.23760558710514884 
0.43335112692928546 0.12084622581710026 0.22652216549042925 0.12084622581710026 0.09843425594608458 
0.012671765514184695 0.03780890214619584 0.012671765514184695 0.8894516687487395 0.0473958980766954 
0.41085584857976054 0.14728603785505995 0.14728603785505995 0.14728603785505995 0.14728603785505995 
0.48695460117475475 0.11406369730399138 0.11406369730399138 0.1708543069132711 0.11406369730399138 
0.5359033328565035 0.11400251657261541 0.17527297710601497 0.06081865689225044 0.11400251657261541 
0.2075590111955787 0.2075590111955787 0.2075590111955787 0.16976395521768498 0.2075590111955787 
0.2389510498741423 0.2389510498741423 0.15683440990353686 0.06932119089340398 0.2959422994547742 
0.22478382974577063 0.18347744683615302 0.22478382974577063 0.18347744683615302 0.18347744683615302 
0.05953585270431522 0.19180952669770165 0.31241483175769286 0.19180952669770165 0.2444302621425887 
