0.2674777521731275 0.2674777521731275 0.17397511800395188 0.07560015708297133 0.2154692205668217 
0.19147430099047413 0.19147430099047413 0.19147430099047413 0.23410279603810322 0.19147430099047413 
0.19147430099047413 0.19147430099047413 0.19147430099047413 0.23410279603810322 0.19147430099047413 
0.15077849806230703 0.2905013769098374 0.23290056255936606 0.035318185558652154 0.2905013769098374 
0.292627785487911 0.19455677292453688 0.15912933433150755 0.15912933433150755 0.19455677292453688 
0.6049900564435375 0.13089696405877235 0.04692471890108683 0.13089696405877235 0.08629129653783084 
0.19147430099047413 0.19147430099047413 0.19147430099047413 0.23410279603810322 0.19147430099047413 
0.19147430099047413 0.19147430099047413 0.19147430099047413 0.23410279603810322 0.19147430099047413 
0.10005384215484565 0.2387485011497788 0.2387485011497788 0.12391727984533207 0.29853187570026446 
0.19147430099047413 0.19147430099047413 0.23410279603810327 0.19147430099047413 0.19147430099047413 
0.5548421779061499 0.15261421803387493 0.06745585581557528 0.1240466302987306 0.10104111794566908 
0.1539964745595897 0.23066901696027353 0.23066901696027353 0.1539964745595897 0.23066901696027353 
0.1552545257344294 0.18981930412587236 0.232553433006913 0.232553433006913 0.18981930412587236 
0.19147430099047413 0.19147430099047413 0.19147430099047413 0.23410279603810322 0.19147430099047413 
0.15077849806230703 0.2905013769098374 0.23290056255936606 0.035318185558652154 0.2905013769098374 
0.292627785487911 0.19455677292453688 0.15912933433150755 0.15912933433150755 0.19455677292453688 
0.6049900564435375 0.13089696405877235 0.04692471890108683 0.13089696405877235 0.08629129653783084 
0.19147430099047413 0.19147430099047413 0.19147430099047413 0.23410279603810322 0.19147430099047413 
0.19147430099047413 0.19147430099047413 0.19147430099047413 0.23410279603810322 0.19147430099047413 
0.10005384215484565 0.2387485011497788 0.2387485011497788 0.12391727984533207 0.29853187570026446 
0.17126424110108873 0.17126424110108873 0.17126424110108873 0.3149430355956448 0.17126424110108873 
0.4220385593119011 0.1833950839931366 0.12243602005451319 0.12243602005451319 0.14969431658593582 
0.2520355018974585 0.20572133881923121 0.16826091023203954 0.20572133881923121 0.16826091023203954 
0.15420048366210765 0.15420048366210765 0.18853059752140414 0.34886795149227273 0.15420048366210765 
0.13935833216065807 0.20874276230449285 0.25627028668709545 0.13935833216065807 0.25627028668709545 
0.19829319090211614 0.19829319090211614 0.19829319090211614 0.24293505077651895 0.16218537651713272 
0.2 0.2 0.2 0.2 0.2 
0.6898235253930091 0.14674590185251563 0.04257190198787982 0.04257190198787982 0.07828676877871538 
0.14728603785505995 0.14728603785505995 0.14728603785505995 0.4108558485797606 0.14728603785505995 
0.19147430099047413 0.19147430099047413 0.19147430099047413 0.23410279603810322 0.19147430099047413 
0.2075590111955787 0.2075590111955787 0.2075590111955787 0.16976395521768498 0.2075590111955787 
0.14239138192914974 0.21416717670708965 0.263489271114926 0.11646289913390835 0.263489271114926 
0.2 0.2 0.2 0.2 0.2 
0.1484262527288394 0.18184154019211066 0.22324406902635005 0.22324406902635005 0.22324406902635005 
0.030494910069320705 0.016160755777712754 0.7967911509222482 0.14585365043709206 0.01069953279362593 
6.260253375668375E-15 7.020121675051392E-7 0.263886187433922 4.483648099177671E-14 0.7361131105538598 
0.9999999999999996 5.388155598576535E-16 2.789509817516378E-20 1.8389304946019785E-20 1.8628826441616873E-18 
0.549893370447618 0.08173814560975864 0.10013990124293931 0.18649043708992535 0.08173814560975864 
0.04219049494624556 0.04219049494624556 0.098828620680747 0.7745998944805164 0.04219049494624556 
0.024939198917947436 0.09066861280118242 0.45787329290361295 0.28439938028918854 0.14211951508806842 
9.536671216534073E-7 1.44043499314815E-6 3.3741297354887E-6 0.9999924557548308 1.7760133188465176E-6 
7.248315796315925E-9 5.081809126383042E-8 1.6372309440844576E-7 0.9999996765169793 1.0169351938723406E-7 
0.03352307741654431 0.2682792324570154 0.20436657327808197 0.026228122892409483 0.4676029939559491 
0.16497393840375685 0.16497393840375685 0.20170257864348456 0.30337560614524467 0.16497393840375685 
7.629271707543181E-4 0.0597070636711128 0.519944474285123 0.02806838273228609 0.391517152140724 
0.17643222088223307 0.21571185274517785 0.21571185274517785 0.17643222088223307 0.21571185274517785 
0.2 0.2 0.2 0.2 0.2 
0.17480934314738605 0.17480934314738605 0.2137276688970563 0.26184430166078543 0.17480934314738605 
0.2 0.2 0.2 0.2 0.2 
0.2 0.2 0.2 0.2 0.2 
0.2 0.2 0.2 0.2 0.2 
0.2 0.2 0.2 0.2 0.2 
0.03205536836937058 0.13684905442102005 0.519416473866406 0.04801525704538739 0.26366384629781564 
0.04066848978460439 0.21552690794658325 0.33450903811724875 0.07478652603431503 0.33450903811724875 
0.13519003303309599 0.08833474088835373 0.05823297259336656 0.6465983921830063 0.07164386130217724 
0.02318539256641064 0.1907059594993087 0.37568979751798937 0.03472905289830178 0.37568979751798937 
0.1218382072016671 0.2254564846170976 0.2779811108484348 0.14926771271570274 0.2254564846170976 
0.2 0.2 0.2 0.2 0.2 
0.24775398013532968 0.24775398013532968 0.1995805503761465 0.057157509217864284 0.24775398013532968 
0.10277701661735116 0.1889997900018535 0.2866974968691327 0.1889997900018535 0.23252590650980884 
0.36074384700347356 0.19370887739142587 0.12932159074624627 0.15811284242942708 0.15811284242942708 
0.2 0.2 0.2 0.2 0.2 
0.19147430099047413 0.19147430099047413 0.23410279603810327 0.19147430099047413 0.19147430099047413 
0.04745827131894809 0.2057118263287944 0.3192755178933027 0.10827886656565205 0.3192755178933027 
0.4498647841710222 0.19204981079695363 0.1037850150136944 0.12715019500916502 0.12715019500916502 
0.5959323052545479 0.18749190310729133 0.06283846652825587 0.03352339273127222 0.12021393237863247 
0.11717786097321478 0.06209832360345381 0.06209832360345381 0.7081512444696159 0.0504742473502617 
0.19147430099047413 0.19147430099047413 0.19147430099047413 0.23410279603810322 0.19147430099047413 
0.18188812442370433 0.18188812442370433 0.18188812442370433 0.27244750230518255 0.18188812442370433 
0.046209494533013346 0.15928473083787767 0.3047216922978719 0.24489204116561872 0.24489204116561872 
0.3341147125002827 0.17940981229754863 0.11977542090092876 0.22025867399849586 0.14644138030274395 
0.11103139572703344 0.13575064670952777 0.20417901946065323 0.38272667038803715 0.16631226771474833 
0.1416965754677335 0.2122451819968885 0.2605701536082752 0.17324290693021446 0.2122451819968885 
0.018253633452727243 0.1336141355409521 0.4427117548752607 0.1336141355409521 0.2718063405901079 
