0.18078133312886302 0.14596726939127674 0.2244171324932867 0.2244171324932867 0.2244171324932867 
0.1743593961020298 0.14260975970711393 0.14260975970711393 0.14260975970711393 0.3978113247766285 
0.27244750230518255 0.18188812442370433 0.18188812442370433 0.18188812442370433 0.18188812442370433 
0.21522577738733378 0.21522577738733378 0.2684552754636368 0.2684552754636368 0.03263789429805879 
0.3583056546758295 0.12844753312066143 0.19239963954142386 0.19239963954142386 0.12844753312066143 
0.12444856793177093 0.08308285602475572 0.35469286000935885 0.35469286000935885 0.08308285602475572 
0.23410279603810327 0.19147430099047413 0.19147430099047413 0.19147430099047413 0.19147430099047413 
0.23410279603810327 0.19147430099047413 0.19147430099047413 0.19147430099047413 0.19147430099047413 
0.7740935013447292 0.09178950513101242 0.058852554057085484 0.058852554057085484 0.01641188541008734 
0.23410279603810327 0.19147430099047413 0.19147430099047413 0.19147430099047413 0.19147430099047413 
0.20279116955441542 0.08963419051230322 0.3089702247104893 0.3089702247104893 0.08963419051230322 
0.6883931349811728 0.05049914692272176 0.041219399790740865 0.041219399790740865 0.17866891851462333 
0.4108397671130334 0.178528695861963 0.14572217824025804 0.14572217824025804 0.11918718054448732 
0.27244750230518255 0.18188812442370433 0.18188812442370433 0.18188812442370433 0.18188812442370433 
0.21522577738733378 0.21522577738733378 0.2684552754636368 0.2684552754636368 0.03263789429805879 
0.3583056546758295 0.12844753312066143 0.19239963954142386 0.19239963954142386 0.12844753312066143 
0.12444856793177093 0.08308285602475572 0.35469286000935885 0.35469286000935885 0.08308285602475572 
0.23410279603810327 0.19147430099047413 0.19147430099047413 0.19147430099047413 0.19147430099047413 
0.23410279603810327 0.19147430099047413 0.19147430099047413 0.19147430099047413 0.19147430099047413 
0.7740935013447292 0.09178950513101242 0.058852554057085484 0.058852554057085484 0.01641188541008734 
0.27244750230518255 0.18188812442370433 0.18188812442370433 0.18188812442370433 0.18188812442370433 
0.14974854996483358 0.14974854996483358 0.27537717505274945 0.27537717505274945 0.14974854996483358 
0.21571185274517785 0.17643222088223307 0.21571185274517785 0.21571185274517785 0.17643222088223307 
0.24660291327723324 0.10808524634174961 0.08840367283482278 0.08840367283482278 0.46850449471137146 
0.1732429069302145 0.26057015360827523 0.2122451819968885 0.2122451819968885 0.1416965754677335 
0.2075590111955787 0.2075590111955787 0.2075590111955787 0.2075590111955787 0.16976395521768498 
0.2 0.2 0.2 0.2 0.2 
0.08845658929002344 0.07234925805649903 0.3834224472984893 0.3834224472984893 0.07234925805649903 
0.23410279603810327 0.19147430099047413 0.19147430099047413 0.19147430099047413 0.19147430099047413 
0.3149430355956448 0.17126424110108873 0.17126424110108873 0.17126424110108873 0.17126424110108873 
0.28261544419331086 0.18789995867687906 0.18789995867687906 0.18789995867687906 0.1536846797760521 
0.15871204180355789 0.29368996666377695 0.19444297486455384 0.19444297486455384 0.15871204180355789 
0.2 0.2 0.2 0.2 0.2 
0.4366977128631376 0.18810710652403895 0.12506506020427452 0.12506506020427452 0.12506506020427452 
0.8302755375990025 0.05193715100049556 0.005615449569455285 0.005615449569455285 0.10655641226159125 
1.355737663229263E-16 0.9999999999881914 5.90414740368558E-12 5.90414740368558E-12 1.8929365318184498E-17 
1.3115819609404357E-7 1.6171413791455043E-7 0.4999997879847349 0.4999997879847349 1.3115819609404357E-7 
0.0374996524720739 0.020136214777529155 0.016435974422644026 0.016435974422644026 0.9094921839051089 
1.5282461423852228E-11 1.604770927609453E-14 1.0485759999839662E-14 1.0485759999839662E-14 0.9999999999846805 
1.0 3.9743349651280956E-20 8.017193069334746E-21 8.017193069334746E-21 1.356151981881112E-19 
0.4689824105843472 0.07760256885165104 0.04112542585250543 0.04112542585250543 0.3711641688589911 
0.20661507706956878 0.42030948134084267 0.08323018226000996 0.08323018226000996 0.20661507706956878 
0.008684893388720171 0.45720126371972675 0.2662804956719853 0.2662804956719853 0.0015528515475822402 
0.3731937983003813 0.10826585003849666 0.10826585003849666 0.10826585003849666 0.3020086515841289 
0.7572775833542127 0.22525597869129027 0.005328163378191492 0.005328163378191492 0.006810111198114066 
0.24293505077651895 0.19829319090211614 0.19829319090211614 0.19829319090211614 0.1621853765171327 
0.7199839433185762 0.07000401417035593 0.07000401417035593 0.07000401417035593 0.07000401417035593 
0.2 0.2 0.2 0.2 0.2 
0.2 0.2 0.2 0.2 0.2 
0.2 0.2 0.2 0.2 0.2 
0.27244750230518255 0.18188812442370433 0.18188812442370433 0.18188812442370433 0.18188812442370433 
0.23410279603810327 0.19147430099047413 0.19147430099047413 0.19147430099047413 0.19147430099047413 
0.06721587789678318 0.5785487320342579 0.1546807670782748 0.1546807670782748 0.04487385591240945 
0.07612439890817929 0.522691282969651 0.17518153128300215 0.17518153128300215 0.050821255556165325 
0.15891362224705513 0.15891362224705513 0.29787821335697157 0.29787821335697157 0.08641632879194668 
0.030286469522537652 0.6184144458623402 0.1605063075462922 0.1605063075462922 0.030286469522537652 
0.140694183076139 0.32100214045896636 0.21161446402367276 0.21161446402367276 0.11507474841754897 
0.2 0.2 0.2 0.2 0.2 
0.21199979870204694 0.21199979870204694 0.26317090426562106 0.26317090426562106 0.04965859406466379 
0.18083486876930466 0.3367685937304116 0.18083486876930466 0.18083486876930466 0.12072679996167429 
0.17718050171487273 0.14491716155955217 0.2664925875830114 0.2664925875830114 0.14491716155955217 
0.2 0.2 0.2 0.2 0.2 
0.22453136198566015 0.22453136198566015 0.18364575867622646 0.18364575867622646 0.18364575867622646 
0.09186452776036873 0.5137861575023958 0.1721969521127549 0.1721969521127549 0.049955410511725626 
0.11361502700103475 0.11361502700103475 0.31693023323676084 0.31693023323676084 0.13890947952440888 
0.13871136731625114 0.08980094937633389 0.3408433669655406 0.3408433669655406 0.08980094937633389 
0.2625816677890641 0.14008343709926582 0.21249531953866316 0.21249531953866316 0.1723442560343435 
0.46287189623337455 0.13428202594165645 0.13428202594165645 0.13428202594165645 0.13428202594165645 
0.5698741772005067 0.10753145569987334 0.10753145569987334 0.10753145569987334 0.10753145569987334 
0.5665726186738723 0.18297710857980168 0.07740205677905167 0.07740205677905167 0.09564615918822265 
0.20874276230449285 0.13935833216065807 0.25627028668709545 0.25627028668709545 0.13935833216065807 
0.24061974444607204 0.12836707573595726 0.08534624954806014 0.08534624954806014 0.46032068072185023 
0.22085919299300535 0.271145442749465 0.18027400319000134 0.18027400319000134 0.14744735787752716 
0.07940439347631091 0.5223291795896849 0.09953852998674588 0.09953852998674588 0.19918936696051226 
