0.06913577957716678 0.24460640863142727 0.24460640863142727 0.24460640863142727 0.19704499452855131 
0.2 0.2 0.2 0.2 0.2 
0.2498236298095381 0.16678424679364126 0.16678424679364126 0.16678424679364126 0.2498236298095381 
0.04810609376777752 0.2641626535745908 0.2117842995415205 0.2117842995415205 0.2641626535745908 
0.13755920648176087 0.13755920648176087 0.16852798958649273 0.16852798958649273 0.38782560786349257 
0.10994748950126101 0.16678150820563176 0.31685710923145766 0.31685710923145766 0.08955678383019183 
0.18188812442370433 0.18188812442370433 0.18188812442370433 0.18188812442370433 0.27244750230518255 
0.18188812442370433 0.18188812442370433 0.18188812442370433 0.18188812442370433 0.27244750230518255 
0.00897864711044975 0.04930400829582513 0.03952797535996959 0.03952797535996959 0.8626613938737859 
0.22453136198566015 0.18364575867622646 0.18364575867622646 0.18364575867622646 0.22453136198566015 
0.13340182674754855 0.16412388973677702 0.2500572150343293 0.2500572150343293 0.20235985344701576 
0.039429087718136725 0.05906024101911252 0.048207303185332756 0.048207303185332756 0.8050960648920851 
0.1232299252590187 0.1506649712753773 0.1506649712753773 0.1506649712753773 0.4247751609148488 
0.2498236298095381 0.16678424679364126 0.16678424679364126 0.16678424679364126 0.2498236298095381 
0.04810609376777752 0.2641626535745908 0.2117842995415205 0.2117842995415205 0.2641626535745908 
0.13755920648176087 0.13755920648176087 0.16852798958649273 0.16852798958649273 0.38782560786349257 
0.10994748950126101 0.16678150820563176 0.31685710923145766 0.31685710923145766 0.08955678383019183 
0.18188812442370433 0.18188812442370433 0.18188812442370433 0.18188812442370433 0.27244750230518255 
0.18188812442370433 0.18188812442370433 0.18188812442370433 0.18188812442370433 0.27244750230518255 
0.00897864711044975 0.04930400829582513 0.03952797535996959 0.03952797535996959 0.8626613938737859 
0.17126424110108873 0.17126424110108873 0.17126424110108873 0.17126424110108873 0.3149430355956448 
0.17579506297430417 0.17579506297430417 0.26552384430727893 0.26552384430727893 0.11736218543683415 
0.19138277710975451 0.19138277710975451 0.19138277710975451 0.19138277710975451 0.2344688915609822 
0.15968239858692226 0.15968239858692226 0.15968239858692226 0.15968239858692226 0.3612704056523108 
0.17619929143570645 0.21586713904286245 0.21586713904286245 0.21586713904286245 0.17619929143570645 
0.24293505077651895 0.1621853765171327 0.19829319090211614 0.19829319090211614 0.19829319090211614 
0.2 0.2 0.2 0.2 0.2 
0.13407965677805445 0.1653162116700278 0.314073289673561 0.314073289673561 0.0724575522047955 
0.18188812442370433 0.18188812442370433 0.18188812442370433 0.18188812442370433 0.27244750230518255 
0.17126424110108873 0.17126424110108873 0.17126424110108873 0.17126424110108873 0.3149430355956448 
0.1442932745717498 0.17641771690510538 0.17641771690510538 0.17641771690510538 0.3264535747129339 
0.3153113141787637 0.20786289666211225 0.1693129382683426 0.1693129382683426 0.1381999126224388 
0.2 0.2 0.2 0.2 0.2 
0.19664444361717817 0.1301921582199735 0.10626798562559242 0.10626798562559242 0.4606274269116637 
0.006593408321963454 0.005347581558250201 0.006593408321963454 0.006593408321963454 0.9748721934758594 
2.001093391369302E-9 0.9993988749518634 3.0054788429160746E-4 3.0054788429160746E-4 2.727845987542828E-8 
6.013752624583608E-6 3.987998133678542E-4 0.4997975767230301 0.4997975767230301 3.2987947390765796E-8 
0.9999999999871316 2.4364812155153593E-12 2.4364812155153593E-12 2.4364812155153593E-12 5.5589766987398375E-12 
0.004870747119349474 0.0090131129487956 0.011112899032217972 0.011112899032217972 0.963890341867419 
9.726419318152634E-31 2.8679719907926075E-30 1.8478577999924736E-30 1.8478577999924736E-30 1.0 
0.024468151524136034 0.036957111001070915 0.036957111001070915 0.036957111001070915 0.8646605154726514 
0.06098738032963739 0.2866896395223146 0.1455281009620603 0.1455281009620603 0.36126677822392717 
0.0055340716511513175 0.4543760395228704 0.2646350450592666 0.2646350450592666 0.01081979870744472 
0.13428202594165645 0.13428202594165645 0.13428202594165645 0.13428202594165645 0.46287189623337455 
1.7381937642054078E-4 0.01760833813476551 0.003926187403449189 0.003926187403449189 0.9743654676819156 
0.16218537651713266 0.19829319090211614 0.19829319090211614 0.19829319090211614 0.24293505077651895 
0.049495815526000304 0.049495815526000304 0.049495815526000304 0.049495815526000304 0.802016737895999 
0.23410279603810327 0.19147430099047413 0.19147430099047413 0.19147430099047413 0.19147430099047413 
0.2 0.2 0.2 0.2 0.2 
0.23410279603810327 0.19147430099047413 0.19147430099047413 0.19147430099047413 0.19147430099047413 
0.18188812442370433 0.18188812442370433 0.18188812442370433 0.18188812442370433 0.27244750230518255 
0.19147430099047413 0.19147430099047413 0.19147430099047413 0.19147430099047413 0.23410279603810327 
0.08990515555274599 0.3897013783084346 0.20512395565856376 0.20512395565856376 0.11014555482169168 
0.08014535799493351 0.34739672362086876 0.2259566842292274 0.2259566842292274 0.12054454992574283 
0.15923195556792136 0.19632824474538346 0.24260392205938702 0.24260392205938702 0.15923195556792136 
0.053294802577405605 0.43836378585087027 0.2275233044971592 0.2275233044971592 0.053294802577405605 
0.14580222249443783 0.26980088830875404 0.2192973333511851 0.2192973333511851 0.14580222249443783 
0.2 0.2 0.2 0.2 0.2 
0.06599687488143519 0.23350078127964122 0.23350078127964122 0.23350078127964122 0.23350078127964122 
0.1912892734505546 0.23484290619778161 0.1912892734505546 0.1912892734505546 0.1912892734505546 
0.189695409868932 0.189695409868932 0.2328861443321571 0.2328861443321571 0.15483689159782224 
0.2 0.2 0.2 0.2 0.2 
0.22453136198566015 0.18364575867622646 0.18364575867622646 0.18364575867622646 0.22453136198566015 
0.09388805741847511 0.3321814070655135 0.2160602107031897 0.2160602107031897 0.1418101141096323 
0.24889759416231041 0.1640809338845258 0.24889759416231041 0.24889759416231041 0.08922628362854294 
0.05356591089896409 0.1974969838197714 0.3111541143517755 0.3111541143517755 0.12662887657771402 
0.1318274413324538 0.16218692781826294 0.19997163726111175 0.19997163726111175 0.3060423563270595 
0.12093146915844531 0.12093146915844531 0.12093146915844531 0.12093146915844531 0.5162741233662188 
0.11302899450508057 0.09244719875534471 0.09244719875534471 0.09244719875534471 0.6096294092288856 
0.028758787351158267 0.09913191539414752 0.06506477147364438 0.06506477147364438 0.7419797543074055 
0.15483689159782227 0.189695409868932 0.2328861443321571 0.2328861443321571 0.189695409868932 
0.1591961376449256 0.1591961376449256 0.1591961376449256 0.1591961376449256 0.3632154494202971 
0.18347744683615302 0.22478382974577063 0.18347744683615302 0.18347744683615302 0.22478382974577063 
0.021185102179777805 0.35380619267798424 0.22339889054763165 0.22339889054763165 0.17821092404697436 
