0.11282219440580356 0.2143433931086451 0.26670969448436344 0.26670969448436344 0.1394150235168247 
0.27244750230518255 0.18188812442370433 0.18188812442370433 0.18188812442370433 0.18188812442370433 
0.26184430166078543 0.17480934314738605 0.17480934314738605 0.17480934314738605 0.2137276688970563 
0.08597615079304048 0.2505963908827786 0.2505963908827786 0.2505963908827786 0.16223467655862372 
0.19519899151366593 0.19519899151366593 0.239642807079795 0.239642807079795 0.13031640281307827 
0.05420721018208806 0.15621948255218213 0.3800478665114347 0.3800478665114347 0.02947757424286065 
0.22453136198566015 0.18364575867622646 0.18364575867622646 0.18364575867622646 0.22453136198566015 
0.22453136198566015 0.18364575867622646 0.18364575867622646 0.18364575867622646 0.22453136198566015 
0.6565677349704521 0.10423499212703817 0.0674811403877358 0.0674811403877358 0.10423499212703817 
0.19147430099047413 0.19147430099047413 0.19147430099047413 0.19147430099047413 0.23410279603810327 
0.07738514113679808 0.1780828186144001 0.34068361463087987 0.34068361463087987 0.0631648109870421 
0.3714380123003122 0.16280005992887628 0.13315529845707297 0.13315529845707297 0.19945133085666558 
0.32399362733179565 0.17508834472387344 0.14320597184207143 0.14320597184207143 0.21450608426018808 
0.26184430166078543 0.17480934314738605 0.17480934314738605 0.17480934314738605 0.2137276688970563 
0.08597615079304048 0.2505963908827786 0.2505963908827786 0.2505963908827786 0.16223467655862372 
0.19519899151366593 0.19519899151366593 0.239642807079795 0.239642807079795 0.13031640281307827 
0.05420721018208806 0.15621948255218213 0.3800478665114347 0.3800478665114347 0.02947757424286065 
0.22453136198566015 0.18364575867622646 0.18364575867622646 0.18364575867622646 0.22453136198566015 
0.22453136198566015 0.18364575867622646 0.18364575867622646 0.18364575867622646 0.22453136198566015 
0.6565677349704521 0.10423499212703817 0.0674811403877358 0.0674811403877358 0.10423499212703817 
0.3149430355956448 0.17126424110108873 0.17126424110108873 0.17126424110108873 0.17126424110108873 
0.10161103672976128 0.22988795748912974 0.28344498452567385 0.28344498452567385 0.10161103672976128 
0.24293505077651895 0.19829319090211614 0.19829319090211614 0.19829319090211614 0.1621853765171327 
0.236378199630766 0.1578079704226164 0.1578079704226164 0.1578079704226164 0.2901978891013846 
0.15525452573442944 0.232553433006913 0.18981930412587236 0.18981930412587236 0.232553433006913 
0.22478382974577063 0.18347744683615302 0.18347744683615302 0.18347744683615302 0.22478382974577063 
0.2 0.2 0.2 0.2 0.2 
0.03670711102341559 0.1591100273571452 0.387079930427118 0.387079930427118 0.030023000765203357 
0.5162741233662188 0.12093146915844531 0.12093146915844531 0.12093146915844531 0.12093146915844531 
0.27244750230518255 0.18188812442370433 0.18188812442370433 0.18188812442370433 0.18188812442370433 
0.2 0.2 0.2 0.2 0.2 
0.14744735787752716 0.22085919299300535 0.18027400319000136 0.18027400319000136 0.271145442749465 
0.2 0.2 0.2 0.2 0.2 
0.30890670292688366 0.16693526886622678 0.13653751453534568 0.13653751453534568 0.25108299913619786 
0.0040600976910631185 1.0153276268523198E-4 1.553886659237115E-4 1.553886659237115E-4 0.9955275922144042 
2.598111917714847E-8 4.2827740381244894E-4 2.0854926030277652E-7 2.0854926030277652E-7 0.9995712795165477 
7.693005313658115E-18 3.804791749346454E-10 0.4999999998097604 0.4999999998097604 1.4420278424058357E-17 
0.30890670292688366 0.16693526886622678 0.13653751453534568 0.13653751453534568 0.25108299913619786 
0.8230050701770159 0.02646854965552045 0.02646854965552045 0.02646854965552045 0.09758928085642275 
0.9996510372917294 2.3548707239314132E-5 1.239514214843367E-5 1.239514214843367E-5 3.0062371673413377E-4 
0.9999999990483714 1.519879703565358E-10 1.2353760882545556E-10 1.2353760882545556E-10 5.525654003576361E-10 
0.3127781906942495 0.10101308653780657 0.04273004814816295 0.04273004814816295 0.5007486264716184 
0.00874956110947338 0.4183972749923814 0.19095105463271517 0.19095105463271517 0.19095105463271517 
0.44943574140873904 0.13038411357022106 0.13038411357022106 0.13038411357022106 0.1594119178805977 
0.1956596541895555 0.07374206588661192 0.00963034953899301 0.00963034953899301 0.7113375808458468 
0.21571185274517785 0.21571185274517785 0.17643222088223307 0.17643222088223307 0.21571185274517785 
0.41085584857976054 0.14728603785505995 0.14728603785505995 0.14728603785505995 0.14728603785505995 
0.26184430166078543 0.17480934314738605 0.17480934314738605 0.17480934314738605 0.2137276688970563 
0.2 0.2 0.2 0.2 0.2 
0.2 0.2 0.2 0.2 0.2 
0.22453136198566015 0.18364575867622646 0.18364575867622646 0.18364575867622646 0.22453136198566015 
0.2 0.2 0.2 0.2 0.2 
0.06377535948192214 0.11876878764337094 0.06377535948192214 0.06377535948192214 0.6899051339108628 
0.11904255768457118 0.22169283511714716 0.11904255768457118 0.11904255768457118 0.4211794918291394 
0.48880778661207747 0.1306876313100496 0.16185741029622944 0.16185741029622944 0.056789761485414064 
0.060642153159321095 0.2588902183959127 0.09083497460327983 0.09083497460327983 0.49879767923820667 
0.14695523840838146 0.22103155461965002 0.1800393555734274 0.1800393555734274 0.271934495825114 
0.2 0.2 0.2 0.2 0.2 
0.07175797700316332 0.2067989479401344 0.2573220635582841 0.2573220635582841 0.2067989479401344 
0.25151838657199616 0.16652248585046306 0.1359222350611597 0.1359222350611597 0.31011465745522115 
0.14239138192914974 0.2141671767070896 0.263489271114926 0.263489271114926 0.11646289913390835 
0.2 0.2 0.2 0.2 0.2 
0.18188812442370433 0.18188812442370433 0.18188812442370433 0.18188812442370433 0.27244750230518255 
0.08958914050609587 0.2525818792023299 0.13474869775020729 0.13474869775020729 0.38833158479115953 
0.09298299352633181 0.1731621350672938 0.32897923838247917 0.32897923838247917 0.07589639464141601 
0.03200349898959296 0.18590219445810469 0.37504540378135465 0.37504540378135465 0.03200349898959296 
0.7817842768727039 0.04119949318671046 0.06305289163521538 0.06305289163521538 0.05091044667015479 
0.3149430355956448 0.17126424110108873 0.17126424110108873 0.17126424110108873 0.17126424110108873 
0.41085584857976054 0.14728603785505995 0.14728603785505995 0.14728603785505995 0.14728603785505995 
0.2990342092488263 0.15847296528719923 0.08563986089517941 0.08563986089517941 0.37121310367361543 
0.12395885602914182 0.1864432935752495 0.2828194971832333 0.2828194971832333 0.12395885602914182 
0.21450608426018808 0.17508834472387344 0.14320597184207143 0.14320597184207143 0.32399362733179565 
0.24087937523083602 0.19661526726734233 0.16081299113549283 0.16081299113549283 0.24087937523083602 
0.22978720870264036 0.0916018470969125 0.03802291361494092 0.03802291361494092 0.6025651169705651 
