0.1408649832333505 0.32996749653934604 0.17368231650270016 0.21462022049125284 0.1408649832333505 
0.27537717505274945 0.14974854996483358 0.14974854996483358 0.14974854996483358 0.27537717505274945 
0.18705061708597023 0.12487648308830357 0.34834417555172564 0.1526781071880302 0.18705061708597023 
0.06446951595927829 0.530278746165459 0.11855495886974095 0.22222726304624366 0.06446951595927829 
0.19147430099047413 0.23410279603810327 0.19147430099047413 0.19147430099047413 0.19147430099047413 
0.2068335525299554 0.31374988182953506 0.11247491579323203 0.11247491579323203 0.2544667340540453 
0.18364575867622646 0.18364575867622646 0.22453136198566015 0.22453136198566015 0.18364575867622646 
0.18364575867622646 0.18364575867622646 0.22453136198566015 0.22453136198566015 0.18364575867622646 
0.3765111494845793 0.15166894903790587 0.051436896895164695 0.12159592470599381 0.29878707987635617 
0.18364575867622646 0.18364575867622646 0.22453136198566015 0.22453136198566015 0.18364575867622646 
0.1490824656421867 0.3372887889636851 0.18227313987597063 0.18227313987597063 0.1490824656421867 
0.17480934314738608 0.26184430166078543 0.17480934314738608 0.21372766889705624 0.17480934314738608 
0.19825833287944997 0.16182628782441608 0.24339871353723436 0.19825833287944997 0.19825833287944997 
0.18705061708597023 0.12487648308830357 0.34834417555172564 0.1526781071880302 0.18705061708597023 
0.06446951595927829 0.530278746165459 0.11855495886974095 0.22222726304624366 0.06446951595927829 
0.19147430099047413 0.23410279603810327 0.19147430099047413 0.19147430099047413 0.19147430099047413 
0.2068335525299554 0.31374988182953506 0.11247491579323203 0.11247491579323203 0.2544667340540453 
0.18364575867622646 0.18364575867622646 0.22453136198566015 0.22453136198566015 0.18364575867622646 
0.18364575867622646 0.18364575867622646 0.22453136198566015 0.22453136198566015 0.18364575867622646 
0.3765111494845793 0.15166894903790587 0.051436896895164695 0.12159592470599381 0.29878707987635617 
0.27537717505274945 0.14974854996483358 0.14974854996483358 0.14974854996483358 0.27537717505274945 
0.18188812442370433 0.27244750230518255 0.18188812442370433 0.18188812442370433 0.18188812442370433 
0.24087937523083602 0.19661526726734233 0.16081299113549283 0.16081299113549283 0.24087937523083602 
0.14974854996483358 0.14974854996483358 0.27537717505274945 0.27537717505274945 0.14974854996483358 
0.16678424679364126 0.2498236298095381 0.16678424679364126 0.2498236298095381 0.16678424679364126 
0.22008038316185774 0.11967846735256901 0.22008038316185774 0.22008038316185774 0.22008038316185774 
0.2 0.2 0.2 0.2 0.2 
0.14728603785505995 0.41085584857976054 0.14728603785505995 0.14728603785505995 0.14728603785505995 
0.47814129943018724 0.046489662181164425 0.046489662181164425 0.046489662181164425 0.3823897140263191 
0.22453136198566015 0.18364575867622646 0.18364575867622646 0.18364575867622646 0.22453136198566015 
0.18364575867622646 0.22453136198566015 0.18364575867622646 0.22453136198566015 0.18364575867622646 
0.13303548490794434 0.24464301006137035 0.24464301006137035 0.24464301006137035 0.13303548490794434 
0.2 0.2 0.2 0.2 0.2 
1.1079797228637235E-7 1.1079797228637235E-7 0.9999995315811125 1.3602497068022323E-7 1.1079797228637235E-7 
5.1255453802868265E-5 2.1907482320589146E-6 0.31659185583444815 0.6833034425097136 5.1255453802868265E-5 
6.4148512635111735E-9 0.9945444898849957 3.4445871972856018E-9 0.005455492328697809 7.926867975485326E-9 
4.802850370283162E-5 0.9997548258537281 5.908933211884046E-5 9.002780674753206E-5 4.802850370283162E-5 
0.16302820764655698 0.13307006707330668 0.303607266680196 0.20014722929997017 0.20014722929997017 
0.378416713126324 0.020611400203505464 0.07493452658565407 0.14762064695819216 0.378416713126324 
0.14393235925392692 0.04588669404794444 0.18236909258887388 0.48387949485532783 0.14393235925392692 
0.9999999999999896 2.262430980805192E-40 6.594352424266236E-40 1.0284895114250648E-39 1.0485760000000189E-14 
0.17555010681461367 0.1108451460418523 0.03670381031896245 0.22181535606023192 0.4550855807643396 
0.0068697219076514805 0.8712462572939621 0.004488756242399039 0.10886737472987076 0.008527889826116764 
0.36451263310240306 0.08538302861369268 0.12789396206463297 0.12789396206463297 0.294316414154638 
0.02095746954705533 0.4746511408946274 0.008782779116634453 0.4746511408946274 0.02095746954705533 
0.18364575867622646 0.22453136198566015 0.18364575867622646 0.22453136198566015 0.18364575867622646 
0.2 0.2 0.2 0.2 0.2 
0.24855856787208955 0.1351647430948161 0.16525687322312063 0.20246124793788436 0.24855856787208955 
0.2 0.2 0.2 0.2 0.2 
0.2 0.2 0.2 0.2 0.2 
0.18364575867622646 0.18364575867622646 0.22453136198566015 0.22453136198566015 0.18364575867622646 
0.2 0.2 0.2 0.2 0.2 
0.06470577621930028 0.1502168897611073 0.1502168897611073 0.5701546680391845 0.06470577621930028 
0.09394739706684638 0.4072228105312652 0.07684022783017536 0.3280421675048665 0.09394739706684638 
0.4700810504425383 0.03156912075421748 0.011317085373202303 0.016951692987503566 0.4700810504425383 
0.060514856453200386 0.4977506303080527 0.060514856453200386 0.3207048003323462 0.060514856453200386 
0.12907397900620568 0.29202096891941826 0.157810104148752 0.29202096891941826 0.12907397900620568 
0.19147430099047413 0.19147430099047413 0.23410279603810327 0.19147430099047413 0.19147430099047413 
0.04369845559960735 0.23158452815205824 0.4494340324966686 0.23158452815205824 0.04369845559960735 
0.22346965006918665 0.18163875831651588 0.14795229147592406 0.22346965006918665 0.22346965006918665 
0.20572133881923121 0.2520355018974585 0.16826091023203954 0.16826091023203954 0.20572133881923121 
0.2 0.2 0.2 0.2 0.2 
0.1578079704226164 0.1578079704226164 0.236378199630766 0.2901978891013846 0.1578079704226164 
0.07817762570360812 0.41431049020370825 0.09558254382004745 0.33375171456902797 0.07817762570360812 
0.21602551436446055 0.21602551436446055 0.17596172845330926 0.17596172845330926 0.21602551436446055 
0.08207521418165704 0.5635512347672512 0.10076248122824288 0.15284858859460587 0.10076248122824288 
0.5565330944355078 0.003992929129361504 0.00492316234240978 0.007534549521562275 0.4270162645711583 
0.2 0.2 0.2 0.2 0.2 
0.2498236298095381 0.16678424679364126 0.16678424679364126 0.16678424679364126 0.2498236298095381 
0.09355037878377527 0.21528312659931875 0.2666294354143789 0.33098668041875173 0.09355037878377527 
0.16826091023203954 0.2520355018974585 0.20572133881923121 0.20572133881923121 0.16826091023203954 
0.12385885307550296 0.1514339191685593 0.227767821946959 0.3455054866404193 0.1514339191685593 
0.18347744683615302 0.22478382974577063 0.18347744683615302 0.22478382974577063 0.18347744683615302 
0.22569566186768944 0.11094712025600133 0.07005378675551832 0.3676077692531014 0.22569566186768944 
