0.18699947501018774 0.18699947501018774 0.18699947501018774 0.3577417382330006 0.08125983673643616 
0.30066079515443356 0.30066079515443356 0.13289280323037758 0.13289280323037758 0.13289280323037758 
0.19829319090211614 0.19829319090211614 0.19829319090211614 0.16218537651713272 0.24293505077651895 
0.07653079376580672 0.07653079376580672 0.3267211482413672 0.4055829323980978 0.11463433182892149 
0.15420048366210765 0.15420048366210765 0.15420048366210765 0.3488679514922727 0.1885305975214041 
0.04752251216357526 0.04752251216357526 0.04752251216357526 0.7700418667115859 0.08739059679768818 
0.2 0.2 0.2 0.2 0.2 
0.2 0.2 0.2 0.2 0.2 
0.1040698529917323 0.1040698529917323 0.4654890161002344 0.2416020724537834 0.08476920546251765 
0.18364575867622646 0.18364575867622646 0.22453136198566015 0.18364575867622646 0.22453136198566015 
0.07526251479240481 0.07526251479240481 0.0920184330670969 0.6190540037959132 0.13840253355218016 
0.3546928600093588 0.3546928600093588 0.12444856793177093 0.08308285602475572 0.08308285602475572 
0.18188812442370433 0.18188812442370433 0.27244750230518255 0.18188812442370433 0.18188812442370433 
0.19829319090211614 0.19829319090211614 0.19829319090211614 0.16218537651713272 0.24293505077651895 
0.07653079376580672 0.07653079376580672 0.3267211482413672 0.4055829323980978 0.11463433182892149 
0.15420048366210765 0.15420048366210765 0.15420048366210765 0.3488679514922727 0.1885305975214041 
0.04752251216357526 0.04752251216357526 0.04752251216357526 0.7700418667115859 0.08739059679768818 
0.2 0.2 0.2 0.2 0.2 
0.2 0.2 0.2 0.2 0.2 
0.1040698529917323 0.1040698529917323 0.4654890161002344 0.2416020724537834 0.08476920546251765 
0.2 0.2 0.2 0.2 0.2 
0.12586693838450025 0.12586693838450025 0.12586693838450025 0.4338649795798895 0.18853420526661 
0.17480934314738605 0.17480934314738605 0.17480934314738605 0.26184430166078543 0.21372766889705624 
0.3449195542337108 0.3449195542337108 0.14857375575676263 0.08079356788790781 0.08079356788790781 
0.17480934314738605 0.17480934314738605 0.26184430166078543 0.17480934314738605 0.2137276688970563 
0.18347744683615302 0.18347744683615302 0.22478382974577063 0.18347744683615302 0.22478382974577063 
0.2 0.2 0.2 0.2 0.2 
0.046584952402106326 0.046584952402106326 0.046584952402106326 0.754849903239828 0.10539523955385306 
0.2 0.2 0.2 0.2 0.2 
0.2 0.2 0.2 0.2 0.2 
0.18364575867622646 0.18364575867622646 0.22453136198566015 0.22453136198566015 0.18364575867622646 
0.17368373199080592 0.17368373199080592 0.21322885305715095 0.11595264404123742 0.3234510389199997 
0.2 0.2 0.2 0.2 0.2 
0.18498958994383707 0.18498958994383707 0.22710888140822 0.12350052493821152 0.2794114137658944 
0.003149082781867733 0.003149082781867733 0.9930218612024656 4.1125465569736186E-4 2.6871857810155316E-4 
2.458189295714108E-9 2.458189295714108E-9 0.9999999842663276 8.814996863166217E-9 2.0022969907597084E-9 
1.7537407823581718E-26 1.7537407823581718E-26 3.2873278171707604E-26 1.0 3.933378069953254E-24 
1.0995116120188207E-8 3.3303136578388145E-9 3.664648017918482E-12 1.992814860961788E-12 0.9999999856689128 
0.08112066015192183 0.9188793390926699 5.07740930369282E-10 1.7219488926723248E-10 7.547245398644446E-11 
0.2964213728543071 0.2964213728543071 0.37886648125280276 0.012669570754804448 0.015621202283778973 
0.31709856749552917 0.3985315155266811 0.20230076930846155 0.045228588847115725 0.03684055882221222 
0.22884406905630955 0.22884406905630955 0.46167780069715064 0.03195214753972783 0.04868191365050227 
0.008486813587943481 0.008486813587943481 0.539855176481936 0.41843451255700675 0.024736683785170233 
0.29202096891941826 0.29202096891941826 0.157810104148752 0.12907397900620568 0.12907397900620568 
0.06783191178945724 0.06783191178945724 0.8558258184842015 0.004694562420211066 0.003815795516673139 
0.19147430099047413 0.19147430099047413 0.23410279603810327 0.19147430099047413 0.19147430099047413 
0.2 0.2 0.2 0.2 0.2 
0.2075590111955787 0.2075590111955787 0.2075590111955787 0.16976395521768498 0.2075590111955787 
0.2 0.2 0.2 0.2 0.2 
0.19147430099047413 0.19147430099047413 0.19147430099047413 0.19147430099047413 0.23410279603810327 
0.19147430099047413 0.19147430099047413 0.23410279603810327 0.19147430099047413 0.19147430099047413 
0.2 0.2 0.2 0.2 0.2 
0.05796045848250309 0.05796045848250309 0.7681581660699873 0.05796045848250309 0.05796045848250309 
0.10261809144750293 0.10261809144750293 0.5438352903242708 0.12546426339036157 0.12546426339036157 
0.11672216784589332 0.11672216784589332 0.14299989648350991 0.407566299136413 0.21598946868829036 
0.06892973035836907 0.06892973035836907 0.7089350469893547 0.0842757619355379 0.06892973035836907 
0.1490824656421867 0.1490824656421867 0.33728878896368514 0.18227313987597063 0.18227313987597063 
0.2 0.2 0.2 0.2 0.2 
0.064969482360637 0.064969482360637 0.3443125554511995 0.42843166350815803 0.09731681631936893 
0.15811284242942708 0.15811284242942708 0.3607438470034735 0.12932159074624627 0.1937088773914259 
0.16280005992887628 0.13315529845707294 0.13315529845707294 0.3714380123003122 0.19945133085666558 
0.2 0.2 0.2 0.2 0.2 
0.19829319090211614 0.19829319090211614 0.24293505077651895 0.1621853765171327 0.19829319090211614 
0.1138324093812465 0.1138324093812465 0.49341605116311693 0.13945956503719517 0.13945956503719517 
0.10399180176080355 0.10399180176080355 0.10399180176080355 0.4507611185343736 0.2372634761832154 
0.06305376533646447 0.06305376533646447 0.06305376533646447 0.7598121790770269 0.05102652491357944 
0.16855575816546411 0.16855575816546411 0.20782421483379482 0.31806016733516235 0.13700410150011416 
0.2 0.2 0.2 0.2 0.2 
0.21571185274517785 0.21571185274517785 0.17643222088223307 0.17643222088223307 0.21571185274517785 
0.21291924969924478 0.21291924969924478 0.4045111396657551 0.09332180730878654 0.07632855362696857 
0.13822128419198015 0.13822128419198015 0.16899390118640314 0.3855696292432333 0.16899390118640314 
0.3278069096899901 0.3278069096899901 0.17372103730439578 0.07678512130459839 0.09388002201102535 
0.19829319090211614 0.19829319090211614 0.24293505077651895 0.1621853765171327 0.19829319090211614 
0.13141125517260824 0.13141125517260824 0.6895815430697937 0.035134108204413705 0.012461838380575954 
