0.13692745052723315 0.26195081114937313 0.16958546358701035 0.16958546358701035 0.26195081114937313 
0.2 0.2 0.2 0.2 0.2 
0.2137276688970563 0.17480934314738605 0.17480934314738605 0.26184430166078543 0.17480934314738605 
0.08744852707225285 0.16613764794895453 0.322421854616227 0.257854322413611 0.16613764794895453 
0.1521407210736211 0.1867808290734646 0.12418327018438248 0.3501143505950671 0.1867808290734646 
0.15701744286569133 0.38582529272200117 0.03566598584515336 0.03566598584515336 0.38582529272200117 
0.18188812442370433 0.18188812442370433 0.18188812442370433 0.27244750230518255 0.18188812442370433 
0.18188812442370433 0.18188812442370433 0.18188812442370433 0.27244750230518255 0.18188812442370433 
0.01727199176608435 0.02631540213950409 0.07851758804379351 0.851579615911114 0.02631540213950409 
0.19147430099047413 0.19147430099047413 0.19147430099047413 0.23410279603810322 0.19147430099047413 
0.17071758482029026 0.32891754520941324 0.05989846807487247 0.11154885668601068 0.32891754520941324 
0.04013369211184041 0.04013369211184041 0.06011565740644434 0.8194832662580342 0.04013369211184041 
0.13038411357022106 0.13038411357022106 0.1594119178805977 0.44943574140873904 0.13038411357022106 
0.2137276688970563 0.17480934314738605 0.17480934314738605 0.26184430166078543 0.17480934314738605 
0.08744852707225285 0.16613764794895453 0.322421854616227 0.257854322413611 0.16613764794895453 
0.1521407210736211 0.1867808290734646 0.12418327018438248 0.3501143505950671 0.1867808290734646 
0.15701744286569133 0.38582529272200117 0.03566598584515336 0.03566598584515336 0.38582529272200117 
0.18188812442370433 0.18188812442370433 0.18188812442370433 0.27244750230518255 0.18188812442370433 
0.18188812442370433 0.18188812442370433 0.18188812442370433 0.27244750230518255 0.18188812442370433 
0.01727199176608435 0.02631540213950409 0.07851758804379351 0.851579615911114 0.02631540213950409 
0.18188812442370433 0.18188812442370433 0.18188812442370433 0.27244750230518255 0.18188812442370433 
0.1988235409492142 0.3029251927477547 0.10744558454320186 0.08788048901207472 0.3029251927477547 
0.18203998398860094 0.22302275006234462 0.14889176582436528 0.22302275006234462 0.22302275006234462 
0.14728603785505995 0.14728603785505995 0.14728603785505995 0.4108558485797606 0.14728603785505995 
0.19455677292453688 0.15912933433150755 0.292627785487911 0.19455677292453688 0.15912933433150755 
0.24293505077651895 0.19829319090211614 0.1621853765171327 0.19829319090211614 0.19829319090211614 
0.2 0.2 0.2 0.2 0.2 
0.15805332410437864 0.3883706735080303 0.0359012827963837 0.02930404608317741 0.3883706735080303 
0.19147430099047413 0.19147430099047413 0.19147430099047413 0.23410279603810322 0.19147430099047413 
0.17126424110108873 0.17126424110108873 0.17126424110108873 0.3149430355956448 0.17126424110108873 
0.1709267891246451 0.1709267891246451 0.1709267891246451 0.31629284350141945 0.1709267891246451 
0.21450608426018808 0.14320597184207143 0.32399362733179565 0.1750883447238734 0.14320597184207143 
0.2 0.2 0.2 0.2 0.2 
0.1408260538532228 0.09401659618322368 0.17288998572000272 0.4982507680603271 0.09401659618322368 
0.009955779957665757 0.012358840103479533 0.0034931138967461547 0.9618334259386293 0.012358840103479533 
6.114916003323872E-17 7.523163845262873E-17 0.9999999999999991 6.78978709140077E-16 7.523163845262873E-17 
1.72542594143253E-15 0.4999999999999991 2.699171173121778E-22 9.02622476501857E-24 0.4999999999999991 
0.998783978250439 4.136410054397358E-4 1.1846189188650548E-4 2.7027784679490414E-4 4.136410054397358E-4 
0.0043672713965863105 0.005373041633832659 0.005373041633832659 0.9795136037019156 0.005373041633832659 
2.3723308281287812E-34 2.3723308281287812E-34 1.699084041790012E-33 1.0 2.3723308281287812E-34 
0.0452762081333364 0.0452762081333364 0.08431783674397894 0.779853538856012 0.0452762081333364 
0.0383144158114037 0.031142407532528036 0.5536064580576753 0.3457943110658654 0.031142407532528036 
0.022321071760859245 0.0750401715379331 0.816444341818322 0.011154243344952476 0.0750401715379331 
0.13428202594165645 0.13428202594165645 0.13428202594165645 0.46287189623337466 0.13428202594165645 
1.589791468631544E-4 1.589791468631544E-4 0.10834629058542082 0.8911767719739898 1.589791468631544E-4 
0.17480934314738605 0.17480934314738605 0.2137276688970563 0.26184430166078543 0.17480934314738605 
0.049495815526000304 0.049495815526000304 0.049495815526000304 0.8020167378959989 0.049495815526000304 
0.23410279603810327 0.19147430099047413 0.19147430099047413 0.19147430099047413 0.19147430099047413 
0.2 0.2 0.2 0.2 0.2 
0.2 0.2 0.2 0.2 0.2 
0.18188812442370433 0.18188812442370433 0.18188812442370433 0.27244750230518255 0.18188812442370433 
0.19147430099047413 0.19147430099047413 0.19147430099047413 0.23410279603810322 0.19147430099047413 
0.09444257932225517 0.0772452408322491 0.6353624476046481 0.11570449140859852 0.0772452408322491 
0.0661208364776905 0.0661208364776905 0.6800458680395172 0.12159162252741101 0.0661208364776905 
0.2142776414613753 0.2653841360781874 0.1406401330808844 0.1143139533013651 0.2653841360781874 
0.04095199342316699 0.04095199342316699 0.836192026307332 0.04095199342316699 0.04095199342316699 
0.1709267891246451 0.1709267891246451 0.3162928435014195 0.1709267891246451 0.1709267891246451 
0.2 0.2 0.2 0.2 0.2 
0.13986418392332958 0.21503395401916764 0.21503395401916764 0.21503395401916764 0.21503395401916764 
0.17508834472387344 0.14320597184207143 0.32399362733179565 0.21450608426018808 0.14320597184207143 
0.2199371356477985 0.27117591843956873 0.11885551373653183 0.11885551373653183 0.27117591843956873 
0.2 0.2 0.2 0.2 0.2 
0.22453136198566015 0.18364575867622646 0.18364575867622646 0.22453136198566015 0.18364575867622646 
0.10379745708357152 0.08472358725855893 0.569977928988636 0.15677743941067462 0.08472358725855893 
0.21692282576005376 0.335070642039467 0.06212413178327067 0.05081175837774175 0.335070642039467 
0.14096418026319063 0.35741805894552703 0.07209985092287753 0.07209985092287753 0.35741805894552703 
0.19051236627210452 0.23595070111151667 0.10163553039334518 0.23595070111151667 0.23595070111151667 
0.12093146915844531 0.12093146915844531 0.12093146915844531 0.5162741233662188 0.12093146915844531 
0.11302899450508054 0.09244719875534471 0.09244719875534471 0.6096294092288855 0.09244719875534471 
0.02932576247175494 0.02932576247175494 0.15541494022003197 0.7566077723647033 0.02932576247175494 
0.18138149323028374 0.275141152733545 0.12059346289443724 0.14774273840818877 0.275141152733545 
0.1372232489402939 0.1372232489402939 0.20554465306869155 0.3827856001104269 0.1372232489402939 
0.19661526726734233 0.1608129911354928 0.24087937523083602 0.24087937523083602 0.1608129911354928 
0.031041970199700127 0.04708817482841098 0.7011680451633789 0.17361363498009905 0.04708817482841098 
