0.3108337871841615 0.10664276713792799 0.13148734632006276 0.24980407542617367 0.20123202393167414 
0.31859115870106947 0.14081806755833332 0.14081806755833332 0.25895463862393014 0.14081806755833332 
0.11672216784589332 0.40756629913641296 0.21598946868829036 0.11672216784589332 0.14299989648350991 
0.12720854228130674 0.15650430939347665 0.1036166262105524 0.15650430939347665 0.4561662127211872 
0.17052758180892091 0.11384557301975466 0.11384557301975466 0.2093540959014545 0.3924271762501153 
0.20572133881923121 0.1682609102320395 0.1682609102320395 0.20572133881923121 0.2520355018974585 
0.17643222088223307 0.17643222088223307 0.21571185274517785 0.21571185274517785 0.21571185274517785 
0.17643222088223307 0.17643222088223307 0.21571185274517785 0.21571185274517785 0.21571185274517785 
0.048608461588410944 0.013555172147258536 0.020562107101870796 0.09503559097500085 0.8222386681874588 
0.16826091023203954 0.16826091023203954 0.2520355018974585 0.20572133881923121 0.20572133881923121 
0.18705061708597026 0.12487648308830357 0.15267810718803018 0.18705061708597026 0.3483441755517256 
0.225563207041999 0.021931502901714275 0.021931502901714275 0.28275803220831697 0.4478157549462552 
0.14800293625189564 0.18170093413096924 0.14800293625189564 0.18170093413096924 0.3405922592342703 
0.11672216784589332 0.40756629913641296 0.21598946868829036 0.11672216784589332 0.14299989648350991 
0.12720854228130674 0.15650430939347665 0.1036166262105524 0.15650430939347665 0.4561662127211872 
0.17052758180892091 0.11384557301975466 0.11384557301975466 0.2093540959014545 0.3924271762501153 
0.20572133881923121 0.1682609102320395 0.1682609102320395 0.20572133881923121 0.2520355018974585 
0.17643222088223307 0.17643222088223307 0.21571185274517785 0.21571185274517785 0.21571185274517785 
0.17643222088223307 0.17643222088223307 0.21571185274517785 0.21571185274517785 0.21571185274517785 
0.048608461588410944 0.013555172147258536 0.020562107101870796 0.09503559097500085 0.8222386681874588 
0.20572133881923121 0.1682609102320395 0.1682609102320395 0.20572133881923121 0.2520355018974585 
0.2 0.2 0.2 0.2 0.2 
0.20572133881923121 0.1682609102320395 0.1682609102320395 0.20572133881923121 0.2520355018974585 
0.30850703989378386 0.05821322042771796 0.16238634989235706 0.30850703989378386 0.16238634989235706 
0.18364575867622646 0.18364575867622646 0.18364575867622646 0.22453136198566015 0.22453136198566015 
0.15420048366210765 0.15420048366210765 0.3488679514922727 0.15420048366210765 0.18853059752140414 
0.2 0.2 0.2 0.2 0.2 
0.12670611330818268 0.4367576264957555 0.12670611330818268 0.15491507344393937 0.15491507344393937 
0.18364575867622646 0.18364575867622646 0.18364575867622646 0.22453136198566015 0.22453136198566015 
0.19455677292453688 0.15912933433150755 0.15912933433150755 0.19455677292453688 0.292627785487911 
0.18639264855290003 0.1524518403685391 0.1524518403685391 0.22835533249813364 0.2803483382118881 
0.13315529845707294 0.3714380123003122 0.19945133085666555 0.13315529845707294 0.16280005992887628 
0.005255184827441569 0.9789792606902337 0.005255184827441569 0.005255184827441569 0.005255184827441569 
2.5706041603957193E-13 0.9999999990515767 9.468683216693514E-10 3.8826841170182575E-13 9.094947009103647E-13 
1.2514668458163357E-8 1.2353760195080035E-10 0.9999999434000933 1.625406553612698E-8 2.770763497182851E-8 
0.12454440752899998 0.043698012868051424 0.043698012868051424 0.19237797796036216 0.5956815887745348 
0.21390499871813018 0.09454653005238516 0.26373847379322407 0.21390499871813018 0.21390499871813018 
0.13180619209351413 0.24546253860432385 0.24546253860432385 0.13180619209351413 0.24546253860432385 
0.999597464893733 1.7154650183646966E-13 4.425917884878839E-12 4.025348866779266E-4 2.1499138926149619E-10 
3.118047268860979E-21 3.2873278171707604E-26 1.0637957744593087E-24 3.2689951689429004E-19 1.0 
0.30023387790605416 0.013757005254178516 0.14881967940591248 0.30023387790605416 0.23695555952780067 
0.37427452764735175 0.021054324239519542 0.07550020759224484 0.29539114884107887 0.23377979167980528 
0.15022314092130679 0.06527883516590081 0.15022314092130679 0.18605225538446554 0.4482226276070198 
0.2684814550651693 0.07788814574246183 0.11666748906203028 0.2684814550651693 0.2684814550651693 
0.06005825850281745 1.6615309040472265E-4 5.878592962353011E-4 0.10467981897256023 0.8345079101379823 
0.20572133881923121 0.1682609102320395 0.1682609102320395 0.20572133881923121 0.2520355018974585 
0.1098148930913101 0.048538450022565946 0.048538450022565946 0.16731267081072812 0.6257955360528299 
0.17480934314738605 0.2137276688970563 0.26184430166078543 0.17480934314738605 0.17480934314738605 
0.2 0.2 0.2 0.2 0.2 
0.2 0.2 0.2 0.2 0.2 
0.19829319090211614 0.16218537651713266 0.19829319090211614 0.19829319090211614 0.24293505077651895 
0.18364575867622646 0.18364575867622646 0.18364575867622646 0.22453136198566015 0.22453136198566015 
0.09284587734219978 0.07593928720548655 0.6246206351147374 0.09284587734219978 0.11374832299537649 
0.19455677292453688 0.15912933433150755 0.15912933433150755 0.19455677292453688 0.292627785487911 
0.18639264855290003 0.1524518403685391 0.1524518403685391 0.22835533249813364 0.2803483382118881 
0.13428202594165645 0.46287189623337455 0.13428202594165645 0.13428202594165645 0.13428202594165645 
0.16826091023203954 0.16826091023203954 0.2520355018974585 0.20572133881923121 0.20572133881923121 
0.17480934314738608 0.26184430166078543 0.21372766889705624 0.17480934314738608 0.17480934314738608 
0.0711344031574007 0.3181736341959319 0.3181736341959319 0.08751645479630737 0.20500187365442804 
0.18981930412587236 0.15525452573442944 0.232553433006913 0.18981930412587236 0.232553433006913 
0.18364575867622646 0.18364575867622646 0.18364575867622646 0.22453136198566015 0.22453136198566015 
0.2 0.2 0.2 0.2 0.2 
0.1490824656421867 0.1490824656421867 0.33728878896368514 0.18227313987597063 0.18227313987597063 
0.18027400319000136 0.14744735787752714 0.18027400319000136 0.22085919299300535 0.271145442749465 
0.18188812442370433 0.18188812442370433 0.27244750230518255 0.18188812442370433 0.18188812442370433 
0.28107818929433914 0.07838271605849115 0.07838271605849115 0.28107818929433914 0.28107818929433914 
0.18201591222761426 0.06525014218794865 0.3457999415106688 0.18201591222761426 0.22491809184615394 
0.15593285585489605 0.10410201762726663 0.10410201762726663 0.1914363747643654 0.4444267341262053 
0.16129602636703794 0.08771186667495875 0.08771186667495875 0.19844204454966716 0.4648381957333772 
0.16063621414117352 0.0673188327324828 0.0673188327324828 0.2008600266892117 0.503866093704649 
0.18347744683615302 0.22478382974577063 0.18347744683615302 0.18347744683615302 0.22478382974577063 
0.34470397631426053 0.05227260451622608 0.1458149434851572 0.2770241255912515 0.18018435009310496 
0.19829319090211614 0.16218537651713266 0.19829319090211614 0.19829319090211614 0.24293505077651895 
0.33349582650816034 0.03516568265651365 0.2632071061452788 0.2632071061452788 0.10492427854476824 
