0.07887291803327696 0.2790569707378059 0.1815065702455558 0.1815065702455558 0.2790569707378059 
0.1372232489402939 0.3827856001104269 0.1372232489402939 0.1372232489402939 0.20554465306869155 
0.24293505077651895 0.1621853765171327 0.19829319090211614 0.19829319090211614 0.19829319090211614 
0.14340837740606308 0.09574057597275083 0.17606026472704175 0.17606026472704175 0.40873051716710257 
0.18853059752140414 0.15420048366210765 0.15420048366210765 0.15420048366210765 0.34886795149227273 
0.30337560614524467 0.16497393840375685 0.16497393840375685 0.16497393840375685 0.20170257864348454 
0.17643222088223307 0.17643222088223307 0.21571185274517785 0.21571185274517785 0.21571185274517785 
0.17643222088223307 0.17643222088223307 0.21571185274517785 0.21571185274517785 0.21571185274517785 
0.022149926034921816 0.033315128056910386 0.09601069763095768 0.09601069763095768 0.7525135506462527 
0.18981930412587236 0.1552545257344294 0.232553433006913 0.232553433006913 0.18981930412587236 
0.20787842674463333 0.13878129485062451 0.16967858868922567 0.16967858868922567 0.31398310102629096 
0.04008241183941038 0.21242092668166804 0.0490060788054453 0.0490060788054453 0.6494845038680309 
0.12844753312066143 0.12844753312066143 0.19239963954142386 0.19239963954142386 0.3583056546758295 
0.24293505077651895 0.1621853765171327 0.19829319090211614 0.19829319090211614 0.19829319090211614 
0.14340837740606308 0.09574057597275083 0.17606026472704175 0.17606026472704175 0.40873051716710257 
0.18853059752140414 0.15420048366210765 0.15420048366210765 0.15420048366210765 0.34886795149227273 
0.30337560614524467 0.16497393840375685 0.16497393840375685 0.16497393840375685 0.20170257864348454 
0.17643222088223307 0.17643222088223307 0.21571185274517785 0.21571185274517785 0.21571185274517785 
0.17643222088223307 0.17643222088223307 0.21571185274517785 0.21571185274517785 0.21571185274517785 
0.022149926034921816 0.033315128056910386 0.09601069763095768 0.09601069763095768 0.7525135506462527 
0.18188812442370433 0.18188812442370433 0.18188812442370433 0.18188812442370433 0.27244750230518255 
0.23410279603810327 0.19147430099047413 0.19147430099047413 0.19147430099047413 0.19147430099047413 
0.22453136198566015 0.18364575867622646 0.18364575867622646 0.18364575867622646 0.22453136198566015 
0.0601670775514682 0.39676291371250966 0.16783665352108232 0.16783665352108232 0.20739670169385763 
0.2075590111955787 0.16976395521768495 0.2075590111955787 0.2075590111955787 0.2075590111955787 
0.1816635559009322 0.12128003809683939 0.2743877155435042 0.2743877155435042 0.1482809749152202 
0.2 0.2 0.2 0.2 0.2 
0.30337560614524467 0.16497393840375685 0.16497393840375685 0.16497393840375685 0.20170257864348454 
0.19147430099047413 0.19147430099047413 0.19147430099047413 0.19147430099047413 0.23410279603810327 
0.18188812442370433 0.18188812442370433 0.18188812442370433 0.18188812442370433 0.27244750230518255 
0.17126424110108873 0.17126424110108873 0.17126424110108873 0.17126424110108873 0.3149430355956448 
0.33892160450402836 0.14854822526843564 0.1819909724795501 0.1819909724795501 0.14854822526843564 
0.2 0.2 0.2 0.2 0.2 
0.25047190432847494 0.10978101240270181 0.16511876746888646 0.16511876746888646 0.30950954833105015 
4.8632096263677274E-11 1.1794912358634234E-9 0.4999999966371592 0.4999999966371592 5.4975581019052645E-9 
3.3363068605384233E-4 5.039214460353742E-4 0.4984358234195824 0.4984358234195824 0.002290801028745988 
0.916783946928374 0.01441233648754411 0.027195690048268956 0.027195690048268956 0.01441233648754411 
0.9999999999972149 2.306045623229208E-12 1.595985552597483E-13 1.595985552597483E-13 1.595985552597483E-13 
1.4780725825829792E-16 0.9999999999604658 3.9519726637742755E-15 3.9519726637742755E-15 3.9525944917552656E-11 
1.967802512083755E-13 7.868859493706613E-12 1.3141323697374266E-11 1.3141323697374266E-11 0.9999999999656517 
0.014856195678509002 0.2558884069907846 0.20251635404203322 0.20251635404203322 0.32422268924664044 
0.03594948942331636 0.2690737208469562 0.21295153444138576 0.21295153444138576 0.2690737208469562 
0.11804020782972119 0.03291721821970862 0.3655011830604244 0.3655011830604244 0.11804020782972119 
0.09772980532368641 0.2726182514143755 0.14638801431139514 0.14638801431139514 0.3368759146391477 
5.77385711175787E-4 0.02124224139168069 0.01661971873310975 0.01661971873310975 0.9449409354309241 
0.19147430099047413 0.19147430099047413 0.19147430099047413 0.19147430099047413 0.23410279603810327 
0.09438991265851776 0.09438991265851776 0.09438991265851776 0.09438991265851776 0.6224403493659294 
0.23066901696027353 0.1539964745595897 0.23066901696027353 0.23066901696027353 0.1539964745595897 
0.2 0.2 0.2 0.2 0.2 
0.23410279603810327 0.19147430099047413 0.19147430099047413 0.19147430099047413 0.19147430099047413 
0.17643222088223307 0.17643222088223307 0.21571185274517785 0.21571185274517785 0.21571185274517785 
0.19147430099047413 0.19147430099047413 0.19147430099047413 0.19147430099047413 0.23410279603810327 
0.02743901847177914 0.022442563568926713 0.4582510187554299 0.4582510187554299 0.033616380448434124 
0.1482809749152202 0.12128003809683939 0.27438771554350416 0.27438771554350416 0.1816635559009322 
0.271145442749465 0.14744735787752714 0.18027400319000134 0.18027400319000134 0.22085919299300535 
0.11656343528070397 0.11656343528070397 0.3251548470789442 0.3251548470789442 0.11656343528070397 
0.15340192717241763 0.1254685004751054 0.28386382259002957 0.28386382259002957 0.15340192717241763 
0.2 0.2 0.2 0.2 0.2 
0.09053888832669545 0.060444483600746106 0.32033185205289916 0.32033185205289916 0.20835292396676033 
0.1816635559009322 0.12128003809683939 0.2743877155435042 0.2743877155435042 0.1482809749152202 
0.26184430166078543 0.17480934314738605 0.17480934314738605 0.17480934314738605 0.2137276688970563 
0.2 0.2 0.2 0.2 0.2 
0.15340192717241763 0.1254685004751054 0.28386382259002957 0.28386382259002957 0.15340192717241763 
0.15105989789767246 0.10084879204899692 0.28131869550533223 0.28131869550533223 0.1854539190426661 
0.3483441755517256 0.1526781071880302 0.18705061708597026 0.18705061708597026 0.12487648308830357 
0.15345635951311107 0.2348540348121555 0.12446072775364728 0.12446072775364728 0.3627681501674387 
0.08867837467158839 0.10910075327663246 0.3179981281033305 0.3179981281033305 0.16622461584511786 
0.14728603785505995 0.14728603785505995 0.14728603785505995 0.14728603785505995 0.4108558485797606 
0.1594119178805977 0.13038411357022106 0.13038411357022106 0.13038411357022106 0.44943574140873904 
0.03425944187921103 0.11809274335358495 0.14625856649464486 0.14625856649464486 0.5551306817779139 
0.2075590111955787 0.16976395521768495 0.2075590111955787 0.2075590111955787 0.2075590111955787 
0.06441637640462396 0.34743401606081953 0.18161140191514022 0.18161140191514022 0.22492680370427573 
0.18203998398860094 0.14889176582436528 0.22302275006234462 0.22302275006234462 0.22302275006234462 
0.006848088767292467 0.14450895445141157 0.37894213317587655 0.37894213317587655 0.09075869042954272 
