0.20429906496396036 0.1334913866239409 0.20429906496396036 0.20429906496396036 0.2536114184841778 
0.2 0.2 0.2 0.2 0.2 
0.18203998398860094 0.22302275006234462 0.22302275006234462 0.22302275006234462 0.14889176582436528 
0.13696730117131597 0.0397350689007313 0.3268314055403651 0.3268314055403651 0.16963481884722253 
0.15891362224705513 0.08641632879194668 0.29787821335697157 0.29787821335697157 0.15891362224705513 
0.32751949462896496 0.0398187244701835 0.059643872084844896 0.059643872084844896 0.513374036731162 
0.1608129911354928 0.19661526726734233 0.24087937523083602 0.24087937523083602 0.1608129911354928 
0.1608129911354928 0.19661526726734233 0.24087937523083602 0.24087937523083602 0.1608129911354928 
0.011983579453246969 0.014808176884779901 0.4792000333885966 0.4792000333885966 0.014808176884779901 
0.15912933433150755 0.292627785487911 0.19455677292453685 0.19455677292453685 0.15912933433150755 
0.2607236416359248 0.060149644990488034 0.13723498987406355 0.13723498987406355 0.4046567336254599 
0.022811430601497366 0.022811430601497366 0.4657828540977539 0.4657828540977539 0.022811430601497366 
0.09622869027347285 0.1441395165196938 0.33170155146668034 0.33170155146668034 0.09622869027347285 
0.18203998398860094 0.22302275006234462 0.22302275006234462 0.22302275006234462 0.14889176582436528 
0.13696730117131597 0.0397350689007313 0.3268314055403651 0.3268314055403651 0.16963481884722253 
0.15891362224705513 0.08641632879194668 0.29787821335697157 0.29787821335697157 0.15891362224705513 
0.32751949462896496 0.0398187244701835 0.059643872084844896 0.059643872084844896 0.513374036731162 
0.1608129911354928 0.19661526726734233 0.24087937523083602 0.24087937523083602 0.1608129911354928 
0.1608129911354928 0.19661526726734233 0.24087937523083602 0.24087937523083602 0.1608129911354928 
0.011983579453246969 0.014808176884779901 0.4792000333885966 0.4792000333885966 0.014808176884779901 
0.16678424679364126 0.16678424679364126 0.2498236298095381 0.2498236298095381 0.16678424679364126 
0.3251548470789442 0.11656343528070397 0.11656343528070397 0.11656343528070397 0.3251548470789442 
0.21424249980959395 0.14303000076162423 0.21424249980959395 0.21424249980959395 0.21424249980959395 
0.08440124935645237 0.36032127390617286 0.23543811369046122 0.23543811369046122 0.08440124935645237 
0.18364575867622646 0.18364575867622646 0.22453136198566015 0.22453136198566015 0.18364575867622646 
0.14664184549626355 0.413432618014945 0.14664184549626355 0.14664184549626355 0.14664184549626355 
0.2 0.2 0.2 0.2 0.2 
0.386317020887509 0.03756159072077063 0.04592403975825849 0.04592403975825849 0.484273308875203 
0.18364575867622646 0.18364575867622646 0.22453136198566015 0.22453136198566015 0.18364575867622646 
0.14974854996483358 0.14974854996483358 0.27537717505274945 0.27537717505274945 0.14974854996483358 
0.15340192717241763 0.1254685004751054 0.28386382259002957 0.28386382259002957 0.15340192717241763 
0.24293505077651895 0.1621853765171327 0.19829319090211614 0.19829319090211614 0.19829319090211614 
0.2 0.2 0.2 0.2 0.2 
0.07721574917517039 0.17617232084825257 0.3346980904007032 0.3346980904007032 0.07721574917517039 
4.476524257500008E-34 1.0 4.3247949243527877E-32 4.3247949243527877E-32 4.476524257500008E-34 
0.048565480299128425 0.0262451136039977 0.4383119628988727 0.4383119628988727 0.048565480299128425 
9.536734069124272E-7 2.0317391999507605E-18 8.673609108086118E-19 8.673609108086118E-19 0.9999990463265931 
0.9192238535402554 0.010597929482941396 0.010597929482941396 0.010597929482941396 0.04898235801092018 
0.0018870368287379328 0.09303860953559741 0.4515936584034633 0.4515936584034633 0.0018870368287379328 
3.9443045261053025E-31 7.190526714209153E-29 0.5 0.5 3.9443045261053025E-31 
0.013930115080379253 0.492265240147493 0.2399372648458741 0.2399372648458741 0.013930115080379253 
0.04096830959223978 0.18623983261331375 0.3697461671010304 0.3697461671010304 0.03329952359238564 
0.29829945209968506 0.03065881268994953 0.09258931267775024 0.09258931267775024 0.48586310985486475 
0.09317097209760444 0.17133494180198777 0.32116155700140175 0.32116155700140175 0.09317097209760444 
8.914472281046754E-5 3.987311225938714E-4 0.49971148971589263 0.49971148971589263 8.914472281046754E-5 
0.16678424679364126 0.16678424679364126 0.2498236298095381 0.2498236298095381 0.16678424679364126 
0.03473964136742532 0.03473964136742532 0.44789053794886197 0.44789053794886197 0.03473964136742532 
0.17126424110108873 0.3149430355956448 0.17126424110108873 0.17126424110108873 0.17126424110108873 
0.2 0.2 0.2 0.2 0.2 
0.2 0.2 0.2 0.2 0.2 
0.1539964745595897 0.23066901696027353 0.23066901696027353 0.23066901696027353 0.1539964745595897 
0.18364575867622646 0.18364575867622646 0.22453136198566015 0.22453136198566015 0.18364575867622646 
0.039347452677997594 0.8034291724181035 0.058937961112950625 0.058937961112950625 0.039347452677997594 
0.14974854996483358 0.14974854996483358 0.27537717505274945 0.27537717505274945 0.14974854996483358 
0.27811904311073304 0.08068407018393381 0.14837239708983602 0.14837239708983602 0.34445209252566084 
0.2 0.2 0.2 0.2 0.2 
0.18168360351104154 0.27326558595583417 0.18168360351104154 0.18168360351104154 0.18168360351104154 
0.2 0.2 0.2 0.2 0.2 
0.16763072564993503 0.20809231858751623 0.20809231858751623 0.20809231858751623 0.20809231858751623 
0.1732429069302145 0.26057015360827523 0.2122451819968885 0.2122451819968885 0.1416965754677335 
0.2662558465222524 0.11768573219745768 0.14388645796694616 0.14388645796694616 0.3282855053463972 
0.2 0.2 0.2 0.2 0.2 
0.13822128419198018 0.38556962924323324 0.16899390118640314 0.16899390118640314 0.13822128419198018 
0.14438251183547152 0.17688742959059084 0.26717377336923315 0.26717377336923315 0.14438251183547152 
0.36705591319026787 0.12736616912193968 0.06926100224876225 0.06926100224876225 0.36705591319026787 
0.3011833038499515 0.022094206259342494 0.09726846705011326 0.09726846705011326 0.4821855557904797 
0.1253324164355867 0.4687778059369515 0.1253324164355867 0.1253324164355867 0.1552249447562884 
0.08666793693560952 0.08666793693560952 0.3699980945965857 0.3699980945965857 0.08666793693560952 
0.07353368955091884 0.07353368955091884 0.3896994656736218 0.3896994656736218 0.07353368955091884 
0.01752933659010085 0.06042385204031992 0.45225873738973915 0.45225873738973915 0.01752933659010085 
0.23701306793376536 0.1569189663996104 0.1569189663996104 0.1569189663996104 0.29223003286740334 
0.08440124935645237 0.36032127390617286 0.23543811369046122 0.23543811369046122 0.08440124935645237 
0.1608129911354928 0.19661526726734233 0.24087937523083602 0.24087937523083602 0.1608129911354928 
0.02880085558888699 0.6738341273163589 0.13092721123672027 0.13092721123672027 0.035510594621313514 
