0.20430099850338257 0.13288316517609083 0.20430099850338257 0.2542138393137618 0.20430099850338257 
0.19147430099047413 0.23410279603810327 0.19147430099047413 0.19147430099047413 0.19147430099047413 
0.18188812442370433 0.27244750230518255 0.18188812442370433 0.18188812442370433 0.18188812442370433 
0.142531686226325 0.142531686226325 0.27461243900252935 0.22016209427241043 0.22016209427241043 
0.2057875695456388 0.2531798641500116 0.16762249837935542 0.2057875695456388 0.16762249837935542 
0.3422661364351843 0.04984740467589952 0.11471150914623905 0.27372462949407417 0.21945032024860284 
0.19147430099047413 0.23410279603810327 0.19147430099047413 0.19147430099047413 0.19147430099047413 
0.19147430099047413 0.23410279603810327 0.19147430099047413 0.19147430099047413 0.19147430099047413 
0.03903949613123573 0.7662330811477048 0.07468500756468925 0.0600212075781851 0.0600212075781851 
0.19147430099047413 0.23410279603810327 0.19147430099047413 0.19147430099047413 0.19147430099047413 
0.3171651238105977 0.08844607938351672 0.1341655965167696 0.2548923050761946 0.20533089521292147 
0.07756049115672367 0.6379554645414625 0.09482801476727129 0.09482801476727129 0.09482801476727129 
0.13822128419198018 0.3855696292432333 0.16899390118640314 0.13822128419198018 0.16899390118640314 
0.18188812442370433 0.27244750230518255 0.18188812442370433 0.18188812442370433 0.18188812442370433 
0.142531686226325 0.142531686226325 0.27461243900252935 0.22016209427241043 0.22016209427241043 
0.2057875695456388 0.2531798641500116 0.16762249837935542 0.2057875695456388 0.16762249837935542 
0.3422661364351843 0.04984740467589952 0.11471150914623905 0.27372462949407417 0.21945032024860284 
0.19147430099047413 0.23410279603810327 0.19147430099047413 0.19147430099047413 0.19147430099047413 
0.19147430099047413 0.23410279603810327 0.19147430099047413 0.19147430099047413 0.19147430099047413 
0.03903949613123573 0.7662330811477048 0.07468500756468925 0.0600212075781851 0.0600212075781851 
0.17126424110108873 0.3149430355956448 0.17126424110108873 0.17126424110108873 0.17126424110108873 
0.26118073771634176 0.09362961767558639 0.1721783591415529 0.26118073771634176 0.2118305477501769 
0.22478382974577063 0.22478382974577063 0.18347744683615302 0.18347744683615302 0.18347744683615302 
0.17126424110108873 0.3149430355956448 0.17126424110108873 0.17126424110108873 0.17126424110108873 
0.1621853765171327 0.19829319090211614 0.24293505077651895 0.19829319090211614 0.19829319090211614 
0.19138277710975451 0.2344688915609822 0.19138277710975451 0.19138277710975451 0.19138277710975451 
0.2 0.2 0.2 0.2 0.2 
0.3656094140537292 0.03467104413826758 0.12106311429449794 0.2916558419742731 0.18700058553923193 
0.15968239858692226 0.3612704056523108 0.15968239858692226 0.15968239858692226 0.15968239858692226 
0.18188812442370433 0.27244750230518255 0.18188812442370433 0.18188812442370433 0.18188812442370433 
0.18168360351104154 0.27326558595583417 0.18168360351104154 0.18168360351104154 0.18168360351104154 
0.1745442993828464 0.1745442993828464 0.26252754417217034 0.1745442993828464 0.2138395576792909 
0.2 0.2 0.2 0.2 0.2 
0.14195539223441558 0.4002199321360029 0.17391389116074993 0.14195539223441558 0.14195539223441558 
0.016760185499035483 0.9498738822853842 0.008882048316370347 0.013532583643697532 0.010951300255512166 
2.617033176506294E-7 1.4913529790517974E-6 0.9976624201692491 6.262917439359871E-5 0.0022731976000608047 
0.9976364274491737 7.456174109926212E-16 4.251582779469016E-10 0.002362620705429484 9.514202379695757E-7 
0.8694890882291996 0.05839207088850174 0.025593052744244664 0.020932735393809524 0.025593052744244664 
0.014689249693444683 0.9343986884438472 0.014689249693444683 0.01811140608463173 0.01811140608463173 
1.9848878165049328E-11 0.9999999998455609 5.785391861990601E-11 3.024151574440625E-11 4.6494767449666514E-11 
1.9630585903583883E-5 0.9999025187059747 2.9650369850749215E-5 2.410016913548724E-5 2.410016913548724E-5 
0.04366822220146166 0.48487653999946706 0.24423059299205332 0.1013774179644859 0.1258472268425318 
0.05869383047069775 0.00912051395557472 0.4573357024086758 0.20656417249415387 0.26828578067089787 
0.13428202594165645 0.46287189623337455 0.13428202594165645 0.13428202594165645 0.13428202594165645 
0.0022138529734970777 0.8588820607047847 0.10442000762834203 0.009902235977075931 0.0245818427163006 
0.17643222088223307 0.21571185274517785 0.21571185274517785 0.17643222088223307 0.21571185274517785 
0.09438991265851776 0.6224403493659293 0.09438991265851776 0.09438991265851776 0.09438991265851776 
0.19147430099047413 0.23410279603810327 0.19147430099047413 0.19147430099047413 0.19147430099047413 
0.2 0.2 0.2 0.2 0.2 
0.2 0.2 0.2 0.2 0.2 
0.19147430099047413 0.23410279603810327 0.19147430099047413 0.19147430099047413 0.19147430099047413 
0.19147430099047413 0.23410279603810327 0.19147430099047413 0.19147430099047413 0.19147430099047413 
0.09953953431090883 0.14909878030549337 0.3431140740808896 0.1830462850628026 0.22520132623990574 
0.08775415686755555 0.13144563962718417 0.3746353263035257 0.16137379509182675 0.24479108210990774 
0.2059213813921236 0.2556253188936059 0.16626595916107326 0.2059213813921236 0.16626595916107326 
0.06991150936159728 0.06991150936159728 0.4610211312427269 0.15816996469451852 0.24098588533956009 
0.16042921636779897 0.16042921636779897 0.2412974146702102 0.19654673792398214 0.2412974146702102 
0.2 0.2 0.2 0.2 0.2 
0.18078133312886302 0.14596726939127674 0.2244171324932867 0.2244171324932867 0.2244171324932867 
0.1351647430948161 0.24855856787208955 0.24855856787208955 0.16525687322312063 0.20246124793788436 
0.2490481785297001 0.1345873179493294 0.16488703808309613 0.2490481785297001 0.2024292869081743 
0.2 0.2 0.2 0.2 0.2 
0.19147430099047413 0.23410279603810327 0.19147430099047413 0.19147430099047413 0.19147430099047413 
0.10153405462856979 0.12439247462064137 0.3545329875633951 0.1878845031557922 0.2316559800316013 
0.32117203621909124 0.07409525211536722 0.13711015167104068 0.258723156411134 0.20889940358336664 
0.2893005635194357 0.04787059470176166 0.1445687250101582 0.2893005635194357 0.22895955324920875 
0.1590267383189879 0.4802591850912209 0.10390992152719429 0.12840207753129843 0.12840207753129843 
0.14728603785505995 0.41085584857976054 0.14728603785505995 0.14728603785505995 0.14728603785505995 
0.12093146915844531 0.5162741233662188 0.12093146915844531 0.12093146915844531 0.12093146915844531 
0.05607040346252002 0.576678218625694 0.15640894093079724 0.08398701908114559 0.12685541789984311 
0.24003666242191515 0.12971743377364847 0.19510462069126047 0.24003666242191515 0.19510462069126047 
0.1442932745717498 0.3264535747129339 0.17641771690510538 0.17641771690510538 0.17641771690510538 
0.1621853765171327 0.24293505077651895 0.19829319090211614 0.19829319090211614 0.19829319090211614 
0.05356591089896409 0.3111541143517755 0.3111541143517755 0.12662887657771402 0.1974969838197714 
