0.20440944803957822 0.20440944803957822 0.20440944803957822 0.07250269425116516 0.31426896163010015 
0.19147430099047413 0.19147430099047413 0.23410279603810327 0.19147430099047413 0.19147430099047413 
0.16678424679364126 0.16678424679364126 0.2498236298095381 0.2498236298095381 0.16678424679364126 
0.31534216342468474 0.25281590070773113 0.13215243191942527 0.04687360324042773 0.25281590070773113 
0.14792207871305224 0.14792207871305224 0.33466349362549 0.14792207871305224 0.22157027023535322 
0.09651421638940486 0.09651421638940486 0.17748293568108323 0.11800146441224137 0.5114871671278655 
0.19147430099047413 0.19147430099047413 0.23410279603810327 0.19147430099047413 0.19147430099047413 
0.19147430099047413 0.19147430099047413 0.23410279603810327 0.19147430099047413 0.19147430099047413 
0.10733658686262504 0.10733658686262504 0.7060696379809012 0.010436332667496847 0.0688208556263519 
0.18364575867622646 0.18364575867622646 0.22453136198566015 0.22453136198566015 0.18364575867622646 
0.11752847215092019 0.11752847215092019 0.21612669142229768 0.14369418664693578 0.4051221776289261 
0.12680234080372949 0.12680234080372949 0.5582399821731295 0.08465425355777617 0.10350108266163556 
0.18705061708597023 0.18705061708597023 0.34834417555172564 0.12487648308830357 0.1526781071880302 
0.16678424679364126 0.16678424679364126 0.2498236298095381 0.2498236298095381 0.16678424679364126 
0.31534216342468474 0.25281590070773113 0.13215243191942527 0.04687360324042773 0.25281590070773113 
0.14792207871305224 0.14792207871305224 0.33466349362549 0.14792207871305224 0.22157027023535322 
0.09651421638940486 0.09651421638940486 0.17748293568108323 0.11800146441224137 0.5114871671278655 
0.19147430099047413 0.19147430099047413 0.23410279603810327 0.19147430099047413 0.19147430099047413 
0.19147430099047413 0.19147430099047413 0.23410279603810327 0.19147430099047413 0.19147430099047413 
0.10733658686262504 0.10733658686262504 0.7060696379809012 0.010436332667496847 0.0688208556263519 
0.17126424110108873 0.17126424110108873 0.3149430355956448 0.17126424110108873 0.17126424110108873 
0.15968239858692226 0.15968239858692226 0.15968239858692226 0.15968239858692226 0.3612704056523108 
0.16826091023203954 0.16826091023203954 0.2520355018974585 0.20572133881923121 0.20572133881923121 
0.19455677292453688 0.19455677292453688 0.292627785487911 0.15912933433150755 0.15912933433150755 
0.24129741467021015 0.24129741467021015 0.16042921636779897 0.16042921636779897 0.19654673792398214 
0.18347744683615302 0.18347744683615302 0.22478382974577063 0.22478382974577063 0.18347744683615302 
0.2 0.2 0.2 0.2 0.2 
0.10261809144750293 0.10261809144750293 0.12546426339036157 0.12546426339036157 0.543835290324271 
0.14728603785505995 0.14728603785505995 0.4108558485797606 0.14728603785505995 0.14728603785505995 
0.18188812442370433 0.18188812442370433 0.27244750230518255 0.18188812442370433 0.18188812442370433 
0.19829319090211614 0.19829319090211614 0.24293505077651895 0.1621853765171327 0.19829319090211614 
0.21159257525017366 0.21159257525017366 0.11434605693177713 0.32237994221230076 0.14008885035557517 
0.2 0.2 0.2 0.2 0.2 
0.16511876746888646 0.16511876746888646 0.30950954833105015 0.25047190432847494 0.10978101240270181 
0.0804450455932227 0.16364640891304913 0.733928619950647 0.010989962771540423 0.010989962771540423 
0.984522772755212 0.015477227244366846 1.9243881741428648E-17 2.8026656995375978E-18 4.2093749847241884E-13 
5.025796935319807E-8 5.025796935319807E-8 3.3131596046022925E-8 7.691624460213879E-8 0.9999997894362206 
1.1951964277455776E-23 1.1951964277455776E-23 1.8052449530037172E-23 1.0 9.755665666808273E-24 
0.022178512201641305 0.027468219549136072 0.9259710891195048 0.006434124808706432 0.017948054321011493 
2.1960799824122014E-9 2.1960799824122014E-9 0.9999999950644212 1.873966266206198E-10 3.5602240338015753E-10 
1.8975467486205888E-5 1.8975467486205888E-5 0.9999453352419239 6.657787682649978E-6 1.005603542084268E-5 
0.3606741649545904 0.3606741649545904 0.17729964156736164 0.029930902381161407 0.07142112614229629 
0.45100352857935555 0.3422730193310014 0.005199716667527094 0.002179078101840293 0.19934465732027593 
0.13038411357022106 0.1594119178805977 0.44943574140873904 0.13038411357022106 0.13038411357022106 
0.49797887341987745 0.371883883660707 0.120484719267021 4.0921777260987226E-4 0.009243305879784258 
0.2075590111955787 0.2075590111955787 0.2075590111955787 0.16976395521768498 0.2075590111955787 
0.10753145569987334 0.10753145569987334 0.5698741772005067 0.10753145569987334 0.10753145569987334 
0.1682609102320395 0.20572133881923121 0.20572133881923121 0.2520355018974585 0.1682609102320395 
0.2 0.2 0.2 0.2 0.2 
0.19147430099047413 0.19147430099047413 0.19147430099047413 0.23410279603810322 0.19147430099047413 
0.19147430099047413 0.19147430099047413 0.23410279603810327 0.19147430099047413 0.19147430099047413 
0.19147430099047413 0.19147430099047413 0.23410279603810327 0.19147430099047413 0.19147430099047413 
0.3696134987442748 0.46453261828674697 0.042941751359895704 0.042941751359895704 0.07997038024918658 
0.38466437953056737 0.38466437953056737 0.0560222556358423 0.04572757943350243 0.1289214058695204 
0.13208464883641616 0.13208464883641616 0.380654075813882 0.10758841695056655 0.2475882095627192 
0.4334581858583807 0.4334581858583807 0.02122834973071861 0.02122834973071861 0.09062692882180108 
0.28281949718323335 0.28281949718323335 0.12395885602914182 0.12395885602914182 0.1864432935752495 
0.2 0.2 0.2 0.2 0.2 
0.23916732387457162 0.23916732387457162 0.15627471278336894 0.06849469296085567 0.2968959465066318 
0.2678687112892399 0.2678687112892399 0.17658727660549803 0.14383765040801103 0.14383765040801103 
0.1524518403685391 0.1524518403685391 0.18639264855290003 0.22835533249813364 0.2803483382118881 
0.2 0.2 0.2 0.2 0.2 
0.19829319090211614 0.19829319090211614 0.19829319090211614 0.24293505077651895 0.16218537651713272 
0.4121716499898796 0.3296310098232763 0.060028395584117426 0.060028395584117426 0.13814054901860912 
0.11768573219745768 0.14388645796694616 0.14388645796694616 0.2662558465222524 0.3282855053463973 
0.13993047829164365 0.13993047829164365 0.13993047829164365 0.04909641438213149 0.5311121507429372 
0.07608637981376339 0.07608637981376339 0.6704348075200124 0.061975507583780926 0.11541692526867985 
0.15968239858692226 0.15968239858692226 0.3612704056523108 0.15968239858692226 0.15968239858692226 
0.12586693838450025 0.12586693838450025 0.4338649795798895 0.18853420526661 0.12586693838450025 
0.2672331720289274 0.2672331720289274 0.3333251048313747 0.04052455113644947 0.09168399997432093 
0.16497393840375685 0.16497393840375685 0.20170257864348456 0.16497393840375685 0.30337560614524467 
0.23096172133786688 0.23096172133786688 0.23096172133786688 0.15355741799319983 0.15355741799319983 
0.23288614433215704 0.23288614433215704 0.189695409868932 0.189695409868932 0.15483689159782224 
0.4090225537618384 0.4090225537618384 0.09796311385185101 0.0060457144875604 0.07794606413691187 
