0.12921251563433347 0.24719165624377765 0.24719165624377765 0.24719165624377765 0.12921251563433347 
0.19147430099047413 0.19147430099047413 0.19147430099047413 0.19147430099047413 0.23410279603810327 
0.2137276688970563 0.17480934314738605 0.17480934314738605 0.17480934314738605 0.26184430166078543 
0.10170285102099862 0.2964353157621731 0.23823262795354416 0.23823262795354416 0.1253965773097401 
0.11967846735256901 0.22008038316185774 0.22008038316185774 0.22008038316185774 0.22008038316185774 
0.02300349764161332 0.18920982584264673 0.3727424216100371 0.3727424216100371 0.042301833295665586 
0.22453136198566015 0.18364575867622646 0.18364575867622646 0.18364575867622646 0.22453136198566015 
0.22453136198566015 0.18364575867622646 0.18364575867622646 0.18364575867622646 0.22453136198566015 
0.07525089243816067 0.07525089243816067 0.04894531521020833 0.04894531521020833 0.7516075847032618 
0.26184430166078543 0.17480934314738605 0.17480934314738605 0.17480934314738605 0.2137276688970563 
0.04927648052210379 0.2135930054243263 0.3315075202153958 0.3315075202153958 0.07411547362277837 
0.12546426339036157 0.12546426339036157 0.10261809144750293 0.10261809144750293 0.5438352903242709 
0.20554465306869155 0.1372232489402939 0.1372232489402939 0.1372232489402939 0.3827856001104269 
0.2137276688970563 0.17480934314738605 0.17480934314738605 0.17480934314738605 0.26184430166078543 
0.10170285102099862 0.2964353157621731 0.23823262795354416 0.23823262795354416 0.1253965773097401 
0.11967846735256901 0.22008038316185774 0.22008038316185774 0.22008038316185774 0.22008038316185774 
0.02300349764161332 0.18920982584264673 0.3727424216100371 0.3727424216100371 0.042301833295665586 
0.22453136198566015 0.18364575867622646 0.18364575867622646 0.18364575867622646 0.22453136198566015 
0.22453136198566015 0.18364575867622646 0.18364575867622646 0.18364575867622646 0.22453136198566015 
0.07525089243816067 0.07525089243816067 0.04894531521020833 0.04894531521020833 0.7516075847032618 
0.17126424110108873 0.17126424110108873 0.17126424110108873 0.17126424110108873 0.3149430355956448 
0.08559052726067354 0.2387556160800412 0.2950316646993059 0.2950316646993059 0.08559052726067354 
0.14889176582436528 0.18203998398860094 0.22302275006234462 0.22302275006234462 0.22302275006234462 
0.3827856001104269 0.1372232489402939 0.1372232489402939 0.1372232489402939 0.20554465306869155 
0.21571185274517785 0.21571185274517785 0.17643222088223307 0.17643222088223307 0.21571185274517785 
0.3045726309525541 0.16459310709548805 0.16459310709548805 0.16459310709548805 0.20164804776098197 
0.2 0.2 0.2 0.2 0.2 
0.02226428473025324 0.22898583324445043 0.3607644165710418 0.3607644165710418 0.027221048883212917 
0.13428202594165645 0.13428202594165645 0.13428202594165645 0.13428202594165645 0.46287189623337455 
0.18188812442370433 0.18188812442370433 0.18188812442370433 0.18188812442370433 0.27244750230518255 
0.16218537651713266 0.19829319090211614 0.19829319090211614 0.19829319090211614 0.24293505077651895 
0.2520355018974585 0.20572133881923121 0.16826091023203954 0.16826091023203954 0.20572133881923121 
0.2 0.2 0.2 0.2 0.2 
0.23422663694137164 0.155728132720886 0.12737112013147503 0.12737112013147503 0.3553029900747922 
0.9999999146243503 1.468998092214155E-9 2.2585086428458678E-9 2.2585086428458678E-9 7.938963409894654E-8 
0.9087251557418725 0.08917486920158912 3.7262760282374296E-4 3.7262760282374296E-4 0.0013547198508908403 
7.804337475866086E-25 1.0652174975322364E-12 0.4999999999994673 0.4999999999994673 3.3617106242605446E-25 
0.18217661423541556 0.08052250688796359 0.27756213232060295 0.27756213232060295 0.18217661423541556 
0.1770578221368765 0.019143508104203212 0.019143508104203212 0.019143508104203212 0.7655116535505139 
9.536733565331588E-7 2.2842026519816277E-8 1.49922578374241E-8 1.49922578374241E-8 0.9999989935001014 
3.6743932546639474E-6 3.3091768288148835E-7 2.695461581327471E-7 2.695461581327471E-7 0.9999954555967463 
0.41855017373998915 0.0875099791431314 0.03769483668844511 0.03769483668844511 0.41855017373998915 
0.06551809096497355 0.4730698231149734 0.22026221847782196 0.22026221847782196 0.020887648964408343 
0.18853420526661 0.12586693838450025 0.12586693838450025 0.12586693838450025 0.43386497957988945 
0.17132394151277303 0.02082899166039337 0.0046567588602270905 0.0046567588602270905 0.7985335491063796 
0.22453136198566015 0.18364575867622646 0.18364575867622646 0.18364575867622646 0.22453136198566015 
0.12093146915844531 0.12093146915844531 0.12093146915844531 0.12093146915844531 0.5162741233662188 
0.26184430166078543 0.17480934314738605 0.17480934314738605 0.17480934314738605 0.2137276688970563 
0.2 0.2 0.2 0.2 0.2 
0.2 0.2 0.2 0.2 0.2 
0.22453136198566015 0.18364575867622646 0.18364575867622646 0.18364575867622646 0.22453136198566015 
0.19147430099047413 0.19147430099047413 0.19147430099047413 0.19147430099047413 0.23410279603810327 
0.792790503000096 0.07139910675871185 0.03882643034541036 0.03882643034541036 0.05815752955037133 
0.2977178031149623 0.2419885298508336 0.1315919935860436 0.1315919935860436 0.19710967986211678 
0.054936624707286844 0.19182574511944075 0.19182574511944075 0.19182574511944075 0.36958613993439093 
0.3957787706944414 0.25976755484817354 0.11481789148579519 0.11481789148579519 0.11481789148579519 
0.3045726309525541 0.20164804776098197 0.16459310709548805 0.16459310709548805 0.16459310709548805 
0.2 0.2 0.2 0.2 0.2 
0.22092798220166707 0.22092798220166707 0.22092798220166707 0.22092798220166707 0.11628807119333162 
0.30890670292688366 0.16693526886622678 0.13653751453534568 0.13653751453534568 0.25108299913619786 
0.09936324455667539 0.22480248283832913 0.2771747461911146 0.2771747461911146 0.12148478022276604 
0.2 0.2 0.2 0.2 0.2 
0.30337560614524467 0.16497393840375685 0.16497393840375685 0.16497393840375685 0.20170257864348454 
0.35710739283086185 0.23438577589978352 0.12666365652645178 0.12666365652645178 0.15517951821645112 
0.07323324501372623 0.2087232465055419 0.32240513173350294 0.32240513173350294 0.07323324501372623 
0.019744715160056135 0.22516299637296727 0.362504737121799 0.362504737121799 0.030082814223378558 
0.12300342328546116 0.08000491594952197 0.09908656524530148 0.09908656524530148 0.5988185302744136 
0.15968239858692226 0.15968239858692226 0.15968239858692226 0.15968239858692226 0.3612704056523108 
0.13428202594165645 0.13428202594165645 0.13428202594165645 0.13428202594165645 0.46287189623337455 
0.2972656607978051 0.10429949387930243 0.06963117356384406 0.06963117356384406 0.4591724981952046 
0.11885551373653183 0.2199371356477985 0.27117591843956873 0.27117591843956873 0.11885551373653183 
0.3553029900747922 0.155728132720886 0.12737112013147503 0.12737112013147503 0.23422663694137166 
0.24087937523083602 0.19661526726734233 0.16081299113549283 0.16081299113549283 0.24087937523083602 
0.6748815006351346 0.06578093692418857 0.027826321304911566 0.027826321304911566 0.20368491983085368 
