0.08648028650401345 0.31011584648412466 0.16210437387404 0.31011584648412466 0.13118364665369717 
0.18670475931077338 0.28200203466412505 0.12464558568048832 0.28200203466412505 0.12464558568048832 
0.18828783494659718 0.1536879733092038 0.1536879733092038 0.1536879733092038 0.3506482451257911 
0.09849012400502546 0.22282710785229898 0.2747391678404121 0.22282710785229898 0.18111649244996408 
0.16678424679364126 0.2498236298095381 0.16678424679364126 0.2498236298095381 0.16678424679364126 
0.18364575867622646 0.22453136198566015 0.18364575867622646 0.22453136198566015 0.18364575867622646 
0.16976395521768495 0.2075590111955787 0.2075590111955787 0.2075590111955787 0.2075590111955787 
0.16976395521768495 0.2075590111955787 0.2075590111955787 0.2075590111955787 0.2075590111955787 
0.045187271110376216 0.303997364105217 0.24372055606002854 0.303997364105217 0.1030974446191611 
0.20572133881923121 0.1682609102320395 0.2520355018974585 0.1682609102320395 0.20572133881923121 
0.15525452573442944 0.232553433006913 0.18981930412587233 0.232553433006913 0.18981930412587233 
0.06161165081152983 0.43196055219434 0.04096317763010196 0.43196055219434 0.03350406716968803 
0.13637754109695352 0.20427787993367813 0.20427787993367813 0.20427787993367813 0.2507888191020121 
0.18828783494659718 0.1536879733092038 0.1536879733092038 0.1536879733092038 0.3506482451257911 
0.09849012400502546 0.22282710785229898 0.2747391678404121 0.22282710785229898 0.18111649244996408 
0.16678424679364126 0.2498236298095381 0.16678424679364126 0.2498236298095381 0.16678424679364126 
0.18364575867622646 0.22453136198566015 0.18364575867622646 0.22453136198566015 0.18364575867622646 
0.16976395521768495 0.2075590111955787 0.2075590111955787 0.2075590111955787 0.2075590111955787 
0.16976395521768495 0.2075590111955787 0.2075590111955787 0.2075590111955787 0.2075590111955787 
0.045187271110376216 0.303997364105217 0.24372055606002854 0.303997364105217 0.1030974446191611 
0.18364575867622646 0.22453136198566015 0.18364575867622646 0.22453136198566015 0.18364575867622646 
0.2 0.2 0.2 0.2 0.2 
0.21571185274517785 0.21571185274517785 0.1764322208822331 0.21571185274517785 0.1764322208822331 
0.11118415949826266 0.32042106218846184 0.1367895566265506 0.32042106218846184 0.11118415949826266 
0.2137276688970563 0.17480934314738605 0.26184430166078543 0.17480934314738605 0.17480934314738605 
0.17718050171487273 0.14491716155955217 0.2664925875830114 0.14491716155955217 0.2664925875830114 
0.2 0.2 0.2 0.2 0.2 
0.19147430099047413 0.23410279603810327 0.19147430099047413 0.19147430099047413 0.19147430099047413 
0.18364575867622646 0.22453136198566015 0.18364575867622646 0.22453136198566015 0.18364575867622646 
0.18364575867622646 0.22453136198566015 0.18364575867622646 0.22453136198566015 0.18364575867622646 
0.17643222088223307 0.21571185274517785 0.21571185274517785 0.21571185274517785 0.17643222088223307 
0.2977178031149623 0.1315919935860436 0.19710967986211678 0.1315919935860436 0.2419885298508336 
0.2 0.2 0.2 0.2 0.2 
4.0712836852127284E-7 3.3091872346306405E-7 3.3091872346306405E-7 3.3091872346306405E-7 0.9999986001154612 
1.245121074128822E-6 2.819988057528778E-5 0.8412113794077064 2.819988057528778E-5 0.1587309757100689 
4.581184894995268E-6 1.6208498570419343E-5 0.9999584206330692 1.6208498570419343E-5 4.581184894995268E-6 
0.10671550109919131 0.1974725522032017 0.3008668422912039 0.1974725522032017 0.1974725522032017 
0.9999999997341602 5.2228022246448575E-11 6.411954161396707E-11 5.2228022246448575E-11 9.726419315566585E-11 
3.581943750599857E-9 0.3257758863219159 4.6312103751317014E-11 0.6742241100263197 2.350874109617934E-11 
2.167602611043985E-6 0.4999827844804131 2.3509206598796845E-5 0.4999827844804131 8.754229963856029E-6 
0.047034074732342265 0.3601520197979106 0.1420424429328635 0.3601520197979106 0.09061944273897331 
0.06462294927017562 0.32035307695972676 0.2528343674167157 0.32035307695972676 0.04183652939365524 
0.042649395352807776 0.05270209897445667 0.8092970113454712 0.05270209897445667 0.042649395352807776 
0.13153556164166774 0.3026966575374984 0.13153556164166774 0.3026966575374984 0.13153556164166774 
0.004171495013152105 0.4513044819211189 0.0910390089502957 0.4513044819211189 0.0021805321943144207 
0.17643222088223307 0.21571185274517785 0.21571185274517785 0.21571185274517785 0.17643222088223307 
0.11656343528070397 0.3251548470789442 0.11656343528070397 0.3251548470789442 0.11656343528070397 
0.19661526726734233 0.16081299113549277 0.24087937523083602 0.16081299113549277 0.24087937523083602 
0.2 0.2 0.2 0.2 0.2 
0.23410279603810327 0.19147430099047413 0.19147430099047413 0.19147430099047413 0.19147430099047413 
0.16976395521768495 0.2075590111955787 0.2075590111955787 0.2075590111955787 0.2075590111955787 
0.2 0.2 0.2 0.2 0.2 
0.04311743969804416 0.04311743969804416 0.7200917441006923 0.04311743969804416 0.15055593680517476 
0.1506649712753773 0.1506649712753773 0.4247751609148489 0.1506649712753773 0.1232299252590187 
0.19829319090211614 0.19829319090211614 0.24293505077651895 0.19829319090211614 0.1621853765171327 
0.10753145569987334 0.10753145569987334 0.5698741772005067 0.10753145569987334 0.10753145569987334 
0.1709267891246451 0.1709267891246451 0.3162928435014195 0.1709267891246451 0.1709267891246451 
0.19147430099047413 0.19147430099047413 0.19147430099047413 0.19147430099047413 0.23410279603810327 
0.0493525914303478 0.09075598536889512 0.2615492113543049 0.09075598536889512 0.5075862264775566 
0.19444297486455384 0.15871204180355789 0.29368996666377695 0.15871204180355789 0.19444297486455384 
0.21571185274517785 0.21571185274517785 0.1764322208822331 0.21571185274517785 0.1764322208822331 
0.2 0.2 0.2 0.2 0.2 
0.17718050171487273 0.14491716155955217 0.2664925875830114 0.14491716155955217 0.2664925875830114 
0.15875952612495184 0.12958580048782067 0.4524830724115862 0.12958580048782067 0.12958580048782067 
0.23066901696027353 0.1539964745595897 0.23066901696027353 0.1539964745595897 0.23066901696027353 
0.09355532237741399 0.3354867237959538 0.14191590765326428 0.3354867237959538 0.09355532237741399 
0.12150899975198345 0.18431939038463516 0.2820877066502411 0.18431939038463516 0.22776451282850482 
0.14974854996483358 0.27537717505274945 0.14974854996483358 0.27537717505274945 0.14974854996483358 
0.17718050171487273 0.2664925875830114 0.14491716155955217 0.2664925875830114 0.14491716155955217 
0.05443457542933537 0.29891393720375614 0.19259269342995583 0.29891393720375614 0.15514485673319667 
0.16976395521768495 0.2075590111955787 0.2075590111955787 0.2075590111955787 0.2075590111955787 
0.1126732439403535 0.32841093745258787 0.13892274407910718 0.32841093745258787 0.09158213707536332 
0.19138277710975451 0.19138277710975451 0.2344688915609822 0.19138277710975451 0.19138277710975451 
0.020672612794984717 0.1912004727365129 0.5013801067073076 0.1912004727365129 0.09554633502468171 
