0.2331641973859302 0.07999540665120025 0.2331641973859302 0.12188005435905444 0.2331641973859302 0.09863194683195457 
0.14294351955125334 0.2141129608974933 0.14294351955125334 0.2141129608974933 0.14294351955125334 0.14294351955125334 
0.13853479618468734 0.16937721128966318 0.13853479618468734 0.20750920007813733 0.13853479618468734 0.20750920007813733 
0.27424489595372825 0.04158784340135779 0.27424489595372825 0.09408962533609973 0.27424489595372825 0.04158784340135779 
0.20399295390716007 0.11093021433163024 0.20399295390716007 0.1661607096152592 0.20399295390716007 0.11093021433163024 
0.3151590407831389 0.0306429027503139 0.25204594462242125 0.0563501683106728 0.3151590407831389 0.0306429027503139 
0.15515263526277778 0.15515263526277778 0.15515263526277778 0.18969472947444424 0.15515263526277778 0.18969472947444424 
0.15515263526277778 0.15515263526277778 0.15515263526277778 0.18969472947444424 0.15515263526277778 0.18969472947444424 
0.08495542471642949 0.02401187912427007 0.08495542471642949 0.6658644284176845 0.08495542471642949 0.055257418308757356 
0.14161169873877483 0.17313913384178936 0.14161169873877483 0.14161169873877483 0.14161169873877483 0.26041407120311105 
0.296924836975375 0.04502714108556852 0.23862603561740592 0.06744548146600958 0.296924836975375 0.05505166788026637 
0.11781753632363921 0.21801640204544537 0.11781753632363921 0.3321672086539185 0.11781753632363921 0.09636378032971829 
0.12886073145216378 0.12886073145216378 0.12886073145216378 0.29153851104657286 0.12886073145216378 0.193018563144772 
0.13853479618468734 0.16937721128966318 0.13853479618468734 0.20750920007813733 0.13853479618468734 0.20750920007813733 
0.27424489595372825 0.04158784340135779 0.27424489595372825 0.09408962533609973 0.27424489595372825 0.04158784340135779 
0.20399295390716007 0.11093021433163024 0.20399295390716007 0.1661607096152592 0.20399295390716007 0.11093021433163024 
0.3151590407831389 0.0306429027503139 0.25204594462242125 0.0563501683106728 0.3151590407831389 0.0306429027503139 
0.15515263526277778 0.15515263526277778 0.15515263526277778 0.18969472947444424 0.15515263526277778 0.18969472947444424 
0.15515263526277778 0.15515263526277778 0.15515263526277778 0.18969472947444424 0.15515263526277778 0.18969472947444424 
0.08495542471642949 0.02401187912427007 0.08495542471642949 0.6658644284176845 0.08495542471642949 0.055257418308757356 
0.14622169369747484 0.14622169369747484 0.14622169369747484 0.26889153151262546 0.14622169369747484 0.14622169369747484 
0.24537120910487345 0.08796212422845999 0.24537120910487345 0.08796212422845999 0.24537120910487345 0.08796212422845999 
0.16547969429154 0.16547969429154 0.16547969429154 0.20273423284132083 0.16547969429154 0.13534698999251926 
0.09066625172504907 0.20512613681621863 0.09066625172504907 0.1358076229777393 0.09066625172504907 0.3870674850308948 
0.17188312063530453 0.17188312063530453 0.17188312063530453 0.17188312063530453 0.17188312063530453 0.14058439682347718 
0.12430905199953345 0.12430905199953345 0.12430905199953345 0.15229482022100707 0.12430905199953345 0.3504689717808588 
0.16666666666666666 0.16666666666666666 0.16666666666666666 0.16666666666666666 0.16666666666666666 0.16666666666666666 
0.32122542949181015 0.031232737516860634 0.2568974909043378 0.03818617507832031 0.32122542949181015 0.031232737516860634 
0.10788480160097233 0.10788480160097233 0.10788480160097233 0.4605759919951384 0.10788480160097233 0.10788480160097233 
0.153896228132755 0.153896228132755 0.153896228132755 0.2305188593362249 0.153896228132755 0.153896228132755 
0.17062096538881455 0.13955207129104827 0.17062096538881455 0.20903296125145976 0.17062096538881455 0.13955207129104827 
0.1541717676975157 0.28528838014459945 0.1541717676975157 0.12609815838142663 0.1541717676975157 0.12609815838142663 
0.16666666666666666 0.16666666666666666 0.16666666666666666 0.16666666666666666 0.16666666666666666 0.16666666666666666 
0.09412843988339982 0.17418072414244082 0.09412843988339982 0.21475962985820735 0.09412843988339982 0.328674326349152 
3.79003093310847E-28 1.1308361768575E-27 3.79003093310847E-28 1.2264730248840382E-26 3.79003093310847E-28 1.0 
0.19907282793986558 0.0011609207357372224 0.5957585438562366 0.004163028722706798 0.19907282793986558 7.718508055877809E-4 
0.4971342163564115 7.808220244580665E-15 0.00573156728713182 9.586032198212411E-15 0.4971342163564115 2.7625937300645898E-14 
6.626620769604896E-9 0.9999999466428422 6.626620769604896E-9 1.499227212720021E-8 6.626620769604896E-9 1.8485023693769982E-8 
1.4046934375679083E-4 0.989593784884585 1.4046934375679083E-4 0.004367711250554502 1.4046934375679083E-4 0.005617095833590003 
4.881759286035451E-6 2.2948187024653893E-5 4.881759286035451E-6 0.999378290621329 4.881759286035451E-6 5.841159137882561E-4 
7.836888102655048E-10 2.258508785277175E-9 7.836888102655048E-10 0.9999999776886632 7.836888102655048E-10 1.770176144024471E-8 
0.06881341523643268 0.16420258725566575 0.08522582490904468 0.40762532652956723 0.06881341523643268 0.2053194308328569 
0.32568406613864925 0.003955363068607296 0.32568406613864925 0.011528775136840084 0.32568406613864925 0.007463663378604893 
0.10220947658938673 0.1530980469281773 0.10220947658938673 0.3523173999661401 0.10220947658938673 0.18795612333752254 
0.05245949496047564 0.06559551726364372 0.06559551726364372 0.7114304805912852 0.05245949496047564 0.05245949496047564 
0.16070367680721379 0.16070367680721379 0.16070367680721379 0.1964816159639308 0.16070367680721379 0.16070367680721379 
0.1283777828678388 0.1283777828678388 0.1283777828678388 0.35811108566080646 0.1283777828678388 0.1283777828678388 
0.13228478191313137 0.16173573768886867 0.13228478191313137 0.1981473971399174 0.13228478191313137 0.24326251943181965 
0.16666666666666666 0.16666666666666666 0.16666666666666666 0.16666666666666666 0.16666666666666666 0.16666666666666666 
0.16070367680721379 0.19648161596393082 0.16070367680721379 0.16070367680721379 0.16070367680721379 0.16070367680721379 
0.1487980532050087 0.1487980532050087 0.1487980532050087 0.18192540784912958 0.1487980532050087 0.22288237933083552 
0.16070367680721379 0.16070367680721379 0.16070367680721379 0.1964816159639308 0.16070367680721379 0.16070367680721379 
0.06417229111011447 0.04266564724447056 0.06417229111011447 0.05227098889575586 0.06417229111011447 0.7125464905294302 
0.19907641841400062 0.13235812678356523 0.19907641841400062 0.16215598783078136 0.19907641841400062 0.10825663014365157 
0.16864119381799617 0.04829684341483701 0.16864119381799617 0.406277251838132 0.16864119381799617 0.03950232329304234 
0.23116003517176414 0.10217329816156917 0.23116003517176414 0.10217329816156917 0.23116003517176414 0.10217329816156917 
0.17064369687373804 0.139286130396864 0.17064369687373804 0.139286130396864 0.17064369687373804 0.20949664858505823 
0.16666666666666666 0.16666666666666666 0.16666666666666666 0.16666666666666666 0.16666666666666666 0.16666666666666666 
0.2204737552877682 0.0416019268782728 0.2204737552877682 0.07650305197065428 0.2204737552877682 0.2204737552877682 
0.13824989418135333 0.1693741722043014 0.13824989418135333 0.20793807262581954 0.13824989418135333 0.20793807262581954 
0.22110119281760815 0.11948457809407624 0.22110119281760815 0.11948457809407624 0.22110119281760815 0.09772726535902297 
0.16666666666666666 0.16666666666666666 0.16666666666666666 0.16666666666666666 0.16666666666666666 0.16666666666666666 
0.12481055626872047 0.15259750288385732 0.12481055626872047 0.12481055626872047 0.12481055626872047 0.3481602720412609 
0.21084225303910484 0.11394057774063547 0.21084225303910484 0.11394057774063547 0.21084225303910484 0.13959208540141468 
0.24198574538351766 0.08490382206195615 0.24198574538351766 0.08490382206195615 0.24198574538351766 0.10423511972553469 
0.30732652496186297 0.026949697748960943 0.30732652496186297 0.033228172301226405 0.30732652496186297 0.017842555064223966 
0.04418946348805113 0.023574425362974733 0.04418946348805113 0.6785764026433314 0.04418946348805113 0.1652807815295405 
0.14622169369747484 0.14622169369747484 0.14622169369747484 0.26889153151262546 0.14622169369747484 0.14622169369747484 
0.12481055626872047 0.15259750288385732 0.12481055626872047 0.3481602720412609 0.12481055626872047 0.12481055626872047 
0.10409359782280382 0.1277941130118263 0.1277941130118263 0.29667883314395677 0.10409359782280382 0.23954574518678282 
0.215309447977912 0.09516730004346875 0.215309447977912 0.1163546800605975 0.215309447977912 0.14254967596219795 
0.08489559579249949 0.23681709792706893 0.1037961556383146 0.12716384372899986 0.08489559579249949 0.36243171112061756 
0.16063920075631882 0.16063920075631882 0.16063920075631882 0.196803996218406 0.16063920075631882 0.16063920075631882 
0.052892702500564534 0.04260821428652045 0.0658149351831313 0.25749795841148404 0.052892702500564534 0.528293487117735 
