0.24811857425033862 0.1994024896654622 0.1994024896654622 0.24811857425033862 0.10495787216839875 
0.1372232489402939 0.1372232489402939 0.20554465306869155 0.3827856001104269 0.1372232489402939 
0.17480934314738605 0.17480934314738605 0.2137276688970563 0.17480934314738605 0.26184430166078543 
0.3062293984857613 0.3819658524341656 0.19825116890577482 0.05677679008714924 0.05677679008714924 
0.2436758019714881 0.16201051309028822 0.2997936492277017 0.16201051309028822 0.13250952262023352 
0.566764766488935 0.1922121900535977 0.10321231495840698 0.06890536424953005 0.06890536424953005 
0.18364575867622646 0.18364575867622646 0.22453136198566015 0.18364575867622646 0.22453136198566015 
0.18364575867622646 0.18364575867622646 0.22453136198566015 0.18364575867622646 0.22453136198566015 
0.0844177530519651 0.13102076971489318 0.6616502603792103 0.05490770140515474 0.06800351544877661 
0.16497393840375685 0.16497393840375685 0.20170257864348456 0.16497393840375685 0.30337560614524467 
0.48614854767237153 0.1667908332408862 0.1667908332408862 0.09013489292292788 0.09013489292292788 
0.04047228530657763 0.04958383412594674 0.5363849298595017 0.3404563877753099 0.03310256293266435 
0.12932159074624625 0.15811284242942708 0.36074384700347356 0.15811284242942708 0.19370887739142592 
0.17480934314738605 0.17480934314738605 0.2137276688970563 0.17480934314738605 0.26184430166078543 
0.3062293984857613 0.3819658524341656 0.19825116890577482 0.05677679008714924 0.05677679008714924 
0.2436758019714881 0.16201051309028822 0.2997936492277017 0.16201051309028822 0.13250952262023352 
0.566764766488935 0.1922121900535977 0.10321231495840698 0.06890536424953005 0.06890536424953005 
0.18364575867622646 0.18364575867622646 0.22453136198566015 0.18364575867622646 0.22453136198566015 
0.18364575867622646 0.18364575867622646 0.22453136198566015 0.18364575867622646 0.22453136198566015 
0.0844177530519651 0.13102076971489318 0.6616502603792103 0.05490770140515474 0.06800351544877661 
0.18188812442370433 0.18188812442370433 0.27244750230518255 0.18188812442370433 0.18188812442370433 
0.3827856001104269 0.20554465306869155 0.1372232489402939 0.1372232489402939 0.1372232489402939 
0.21571185274517785 0.21571185274517785 0.21571185274517785 0.1764322208822331 0.1764322208822331 
0.06131015501476162 0.06131015501476162 0.21133690463066873 0.4043007693537024 0.26174201598610564 
0.20572133881923121 0.2520355018974585 0.20572133881923121 0.16826091023203954 0.16826091023203954 
0.16899390118640314 0.13822128419198015 0.16899390118640314 0.13822128419198015 0.3855696292432333 
0.2 0.2 0.2 0.2 0.2 
0.6310898438854478 0.17116667653850431 0.0750217917270274 0.06136084392451028 0.06136084392451028 
0.19147430099047413 0.19147430099047413 0.23410279603810327 0.19147430099047413 0.19147430099047413 
0.18188812442370433 0.18188812442370433 0.27244750230518255 0.18188812442370433 0.18188812442370433 
0.19455677292453688 0.19455677292453688 0.292627785487911 0.15912933433150755 0.15912933433150755 
0.19455677292453688 0.292627785487911 0.19455677292453688 0.15912933433150755 0.15912933433150755 
0.2 0.2 0.2 0.2 0.2 
0.12666365652645178 0.15517951821645112 0.35710739283086185 0.12666365652645178 0.23438577589978352 
2.7504498347368525E-23 1.8052449530037172E-23 2.5161442323668138E-21 1.1483353824118857E-21 1.0 
3.1385304689203147E-7 0.9999996701806111 9.810865022857107E-9 2.122700088381122E-9 4.032776900785275E-9 
0.9999999986129706 1.3862990180803155E-9 1.5959855503882487E-13 1.9678025094219463E-13 3.738497279357219E-13 
0.1254685004751054 0.15340192717241763 0.28386382259002957 0.15340192717241763 0.28386382259002957 
3.391392715611903E-21 2.7505878988834815E-21 9.275836294319506E-17 1.0 1.05450938424496E-19 
1.2957312917658921E-14 3.8660893435331685E-14 0.9999999999870852 1.1312952536190996E-11 1.5503780976643045E-12 
0.015341566012668034 0.018874685227643552 0.27272104805834596 0.34653135035067123 0.34653135035067123 
0.03786529238308261 0.17799726705817595 0.2834130686113664 0.3590977346469983 0.14162663730037675 
0.25011820135898777 0.7269467478433139 0.01104357313513531 0.003037631862593666 0.008853845799969472 
0.09317097209760444 0.09317097209760444 0.32116155700140175 0.32116155700140175 0.17133494180198777 
0.0018217934997650646 0.0412605329663667 0.9004728564162051 0.0535892268447101 0.0028555902729530827 
0.18364575867622646 0.22453136198566015 0.22453136198566015 0.18364575867622646 0.18364575867622646 
0.08033485931672686 0.08033485931672686 0.6607753732595165 0.09822004879030265 0.08033485931672686 
0.17126424110108873 0.17126424110108873 0.17126424110108873 0.17126424110108873 0.3149430355956448 
0.2 0.2 0.2 0.2 0.2 
0.2 0.2 0.2 0.2 0.2 
0.18364575867622646 0.18364575867622646 0.22453136198566015 0.18364575867622646 0.22453136198566015 
0.19147430099047413 0.19147430099047413 0.23410279603810327 0.19147430099047413 0.19147430099047413 
0.051893645298123486 0.1495520317128969 0.042269523344336014 0.028219470746966735 0.7280653288976769 
0.1693453843921378 0.4880355995719879 0.1379388292669791 0.09208906203320008 0.1125911247356951 
0.3917515315921418 0.25597500983919264 0.16874658353718805 0.09176343751573872 0.09176343751573872 
0.14346460694155164 0.6521827395043541 0.06341170544371834 0.06341170544371834 0.07752924266665745 
0.1914993765826672 0.2892439059003008 0.15630936053470196 0.1278465103927193 0.23510084658961067 
0.2 0.2 0.2 0.2 0.2 
0.25765684934539673 0.25765684934539673 0.16758732419875394 0.05944212776505586 0.25765684934539673 
0.15630936053470196 0.2351008465896107 0.1914993765826672 0.1278465103927193 0.2892439059003008 
0.32399362733179565 0.21450608426018808 0.17508834472387344 0.14320597184207143 0.14320597184207143 
0.2 0.2 0.2 0.2 0.2 
0.14260975970711393 0.14260975970711393 0.1743593961020298 0.14260975970711393 0.3978113247766285 
0.18484069717141074 0.43297788211284716 0.1502406913430058 0.08170003802973012 0.1502406913430058 
0.4291890138569969 0.18487274187727992 0.10053275119422157 0.10053275119422157 0.18487274187727992 
0.5047696157773254 0.2012202046608981 0.12901608909733844 0.12901608909733844 0.03597800136709981 
0.15505530331079642 0.10176982695816224 0.15505530331079642 0.1254791566396024 0.4626404097806425 
0.14260975970711393 0.14260975970711393 0.3978113247766285 0.1743593961020298 0.14260975970711393 
0.11776095173733736 0.11776095173733736 0.5027387209305204 0.14397842385746754 0.11776095173733736 
0.05010446027102386 0.11530305920672684 0.5420169271270154 0.17727249418850685 0.11530305920672684 
0.3139831010262909 0.20787842674463333 0.16967858868922567 0.13878129485062451 0.16967858868922567 
0.06364955651297115 0.06364955651297115 0.2222492493792242 0.4282023882156093 0.2222492493792242 
0.18981930412587236 0.232553433006913 0.232553433006913 0.15525452573442944 0.18981930412587236 
0.04907394979033145 0.15195319489515316 0.09594567833254761 0.30911281712980315 0.3939143598521648 
