0.05087022458228138 0.05087022458228138 0.26959206670413116 0.26959206670413116 0.21717242653564411 0.14190299089153063 
0.1487980532050087 0.1487980532050087 0.1819254078491296 0.1487980532050087 0.1487980532050087 0.22288237933083552 
0.1251323243189771 0.18743383784051143 0.18743383784051143 0.1251323243189771 0.18743383784051143 0.18743383784051143 
0.007321075607901444 0.007321075607901444 0.048277752683197825 0.06021777480681974 0.06021777480681974 0.8166445464873597 
0.06775636854418138 0.06775636854418138 0.1890070552532435 0.08284117107898549 0.23355708681040577 0.35908194976900243 
0.10772188187683457 0.10772188187683457 0.16135499639652476 0.30049124705675656 0.16135499639652476 0.16135499639652476 
0.1487980532050087 0.1487980532050087 0.1819254078491296 0.1487980532050087 0.22288237933083552 0.1487980532050087 
0.1487980532050087 0.1487980532050087 0.1819254078491296 0.1487980532050087 0.22288237933083552 0.1487980532050087 
0.0033225421157812582 0.0033225421157812582 0.2247864440132537 0.02732878386044167 0.37061984394737113 0.37061984394737113 
0.13321203138962082 0.16286942348350616 0.16286942348350616 0.13321203138962082 0.16286942348350616 0.24496766677023984 
0.0783614014574262 0.0783614014574262 0.17728726235658168 0.17728726235658168 0.21858989867982292 0.2701127736921615 
0.018308160596637528 0.018308160596637528 0.373831323644476 0.02742352004651272 0.373831323644476 0.18829751147126014 
0.08609894524502755 0.08609894524502755 0.29678418812786483 0.10526741037062323 0.29678418812786483 0.12896632288359197 
0.1251323243189771 0.18743383784051143 0.18743383784051143 0.1251323243189771 0.18743383784051143 0.18743383784051143 
0.007321075607901444 0.007321075607901444 0.048277752683197825 0.06021777480681974 0.06021777480681974 0.8166445464873597 
0.06775636854418138 0.06775636854418138 0.1890070552532435 0.08284117107898549 0.23355708681040577 0.35908194976900243 
0.10772188187683457 0.10772188187683457 0.16135499639652476 0.30049124705675656 0.16135499639652476 0.16135499639652476 
0.1487980532050087 0.1487980532050087 0.1819254078491296 0.1487980532050087 0.22288237933083552 0.1487980532050087 
0.1487980532050087 0.1487980532050087 0.1819254078491296 0.1487980532050087 0.22288237933083552 0.1487980532050087 
0.0033225421157812582 0.0033225421157812582 0.2247864440132537 0.02732878386044167 0.37061984394737113 0.37061984394737113 
0.13853479618468734 0.13853479618468734 0.20750920007813733 0.13853479618468734 0.20750920007813733 0.16937721128966318 
0.14622169369747484 0.14622169369747484 0.14622169369747484 0.26889153151262546 0.14622169369747484 0.14622169369747484 
0.13048580166422047 0.15953624509843317 0.15953624509843317 0.15953624509843317 0.1954527315202401 0.1954527315202401 
0.3575624720856812 0.05422252998943926 0.15125427973611033 0.05422252998943926 0.15125427973611033 0.23148390846321992 
1.0 4.470139904674084E-25 4.470139904674084E-25 5.476505066965242E-25 4.470139904674084E-25 8.271806125530684E-25 
0.13955207129104827 0.20903296125145976 0.17062096538881455 0.17062096538881455 0.17062096538881455 0.13955207129104827 
0.153896228132755 0.153896228132755 0.153896228132755 0.153896228132755 0.153896228132755 0.2305188593362249 
0.10971032954860215 0.10971032954860215 0.134135467625325 0.3781729380268203 0.134135467625325 0.134135467625325 
0.14997227868335888 0.14997227868335888 0.18336105464997435 0.14997227868335888 0.18336105464997435 0.18336105464997435 
0.11185317027168752 0.11185317027168752 0.2056902057305053 0.11185317027168752 0.2056902057305053 0.25306007772392636 
0.22208558327086145 0.07961455517249394 0.14640563332086468 0.09733938118483007 0.18012243614526185 0.27443241090568793 
0.09776036320006613 0.3369812480379074 0.11952504460624486 0.1797745130519593 0.11952504460624486 0.14643378649757727 
0.16666666666666666 0.16666666666666666 0.16666666666666666 0.16666666666666666 0.16666666666666666 0.16666666666666666 
0.0587836472062971 0.2026279992358358 0.25095598474816583 0.08805114632133437 0.31153007616703243 0.08805114632133437 
0.0011939792946856075 0.003330616964436635 0.4924502938688541 0.0027012957467364537 0.4924502938688541 0.007873520256433151 
1.2185791231785911E-8 9.925831650138583E-9 1.0737504687381102E-7 0.9999914304364234 1.3530672859465387E-7 8.304770178121674E-6 
1.310543523736841E-5 1.310543523736841E-5 2.9650142697956227E-5 0.9998948584086167 2.9650142697956227E-5 1.9630435512798256E-5 
4.263057617830409E-31 1.0 9.726419318152634E-31 4.263057617830409E-31 9.726419318152634E-31 6.411954163101516E-31 
1.9877397913336113E-4 2.989707757384373E-4 0.8970079472063466 3.6782289889231677E-4 0.08802503799909508 0.014101447140794079 
5.222802225851398E-31 1.201899134358368E-30 3.486784400878495E-11 2.8679719906926077E-30 0.9999999999651321 1.0493709572881056E-27 
0.015798805283887513 0.029052904814818432 0.4076108467215072 0.035743706533973345 0.4076108467215072 0.1041828899243065 
0.0048008489839103585 0.0204955262499499 0.12386241137546776 0.06189628762348433 0.09802774674163946 0.6909171790255484 
0.001639518764927896 0.004573453690768495 0.016862278535127957 0.8876856295631048 0.021137954011504846 0.06810116543456605 
0.0039706894118432525 0.0039706894118432525 0.013687018232896073 0.0039706894118432525 0.013687018232896073 0.9607138952986782 
5.301453303157112E-18 4.299741883336796E-18 1.048575999999998E-14 2.7351112277912574E-16 1.9590975299778184E-14 0.9999999999999696 
0.27160821969737897 0.09736772317195692 0.14584565686953074 0.11904498995691924 0.14584565686953074 0.22028775343468326 
0.030513828063336516 0.030513828063336516 0.3138315211656717 0.030513828063336516 0.39340805858122657 0.20121893606309188 
0.153896228132755 0.2305188593362249 0.153896228132755 0.153896228132755 0.153896228132755 0.153896228132755 
0.3115252987305147 0.13769494025389703 0.13769494025389703 0.13769494025389703 0.13769494025389703 0.13769494025389703 
0.22288237933083552 0.1819254078491296 0.1487980532050087 0.1487980532050087 0.1487980532050087 0.1487980532050087 
0.23471611614314275 0.12763729615237832 0.19118599769986108 0.12763729615237832 0.19118599769986108 0.12763729615237832 
0.14997227868335888 0.14997227868335888 0.18336105464997435 0.14997227868335888 0.18336105464997435 0.18336105464997435 
0.055592417341931794 0.08327105081711844 0.08327105081711844 0.2373321578638118 0.08327105081711844 0.45726227234290123 
0.061886329910177 0.07566426822589482 0.09269860835765976 0.3279730671177251 0.1138046592708182 0.3279730671177251 
0.07010233406313286 0.10500523814723002 0.12891331985146462 0.1955511490999135 0.12891331985146462 0.3715146389867942 
0.06902409575042079 0.06902409575042079 0.06902409575042079 0.5677413643505114 0.06902409575042079 0.15616225264780503 
0.11982132327488904 0.14649750205920611 0.14649750205920611 0.22034308527374644 0.14649750205920611 0.22034308527374644 
0.16666666666666666 0.16666666666666666 0.16666666666666666 0.16666666666666666 0.16666666666666666 0.16666666666666666 
0.0544477255676659 0.0544477255676659 0.23244530131277322 0.2885514067150227 0.2885514067150227 0.08155643412184953 
0.11818898782314143 0.14479694248408922 0.14479694248408922 0.17776498476955221 0.14479694248408922 0.26965519995503867 
0.12492637936530995 0.15273911202209267 0.15273911202209267 0.1871253559733377 0.15273911202209267 0.22973092859507457 
0.153896228132755 0.153896228132755 0.153896228132755 0.153896228132755 0.153896228132755 0.2305188593362249 
0.1440268254790958 0.21573562865113693 0.17609194745578782 0.1440268254790958 0.17609194745578782 0.1440268254790958 
0.08671909524457977 0.08671909524457977 0.10646370276137535 0.3068172019940449 0.10646370276137535 0.3068172019940449 
0.12343604257576582 0.22699030282555463 0.12343604257576582 0.2792655268713818 0.12343604257576582 0.12343604257576582 
0.030968778933537767 0.03786345060785874 0.20421904243692512 0.31851064314782807 0.20421904243692512 0.20421904243692512 
0.06280030971452756 0.09406764504238906 0.21647348733207533 0.1420813663022984 0.21647348733207533 0.26810370427663416 
0.1204409356153924 0.08040732874247809 0.2771651117496689 0.08040732874247809 0.34327064284940256 0.09830865230057961 
0.04101388120472615 0.06143407948964955 0.21735734584099176 0.04101388120472615 0.21735734584099176 0.4218234664189145 
0.006126961938183399 0.006126961938183399 0.12510542930735935 0.02111971777748468 0.1580762658047556 0.6834446632340334 
0.1251323243189771 0.1251323243189771 0.18743383784051143 0.18743383784051143 0.18743383784051143 0.18743383784051143 
0.0674381807114987 0.0674381807114987 0.1901308832507178 0.0674381807114987 0.15386421729556912 0.4536903573192169 
0.4143867481212235 0.1171226503757554 0.1171226503757554 0.1171226503757554 0.1171226503757554 0.1171226503757554 
0.010126406930966907 0.012380879126316382 0.1305575322390263 0.20676943960504732 0.10414903316920791 0.5360167089294352 
