0.08480928390081559 0.06936610167513028 0.23910585792498326 0.23910585792498326 0.3676128985740877 
0.2 0.2 0.2 0.2 0.2 
0.2520355018974585 0.16826091023203954 0.20572133881923121 0.20572133881923121 0.16826091023203954 
0.0704473299835413 0.05761935992873989 0.24598547212849603 0.24598547212849603 0.379962365830727 
0.17126424110108873 0.17126424110108873 0.17126424110108873 0.17126424110108873 0.3149430355956448 
0.09217680383703035 0.2598773713030263 0.07539204734384625 0.07539204734384625 0.4971617301722509 
0.16826091023203954 0.2520355018974585 0.20572133881923121 0.20572133881923121 0.16826091023203954 
0.16826091023203954 0.2520355018974585 0.20572133881923121 0.20572133881923121 0.16826091023203954 
0.05764736386628467 0.0706255479791106 0.31092489614092833 0.31092489614092833 0.24987729587274846 
0.21571185274517785 0.17643222088223307 0.21571185274517785 0.21571185274517785 0.17643222088223307 
0.10887267427577793 0.2014643105544918 0.10887267427577793 0.10887267427577793 0.4719176666181743 
0.1608129911354928 0.1608129911354928 0.24087937523083602 0.24087937523083602 0.1966152672673423 
0.14889176582436528 0.22302275006234462 0.22302275006234462 0.22302275006234462 0.1820399839886009 
0.2520355018974585 0.16826091023203954 0.20572133881923121 0.20572133881923121 0.16826091023203954 
0.0704473299835413 0.05761935992873989 0.24598547212849603 0.24598547212849603 0.379962365830727 
0.17126424110108873 0.17126424110108873 0.17126424110108873 0.17126424110108873 0.3149430355956448 
0.09217680383703035 0.2598773713030263 0.07539204734384625 0.07539204734384625 0.4971617301722509 
0.16826091023203954 0.2520355018974585 0.20572133881923121 0.20572133881923121 0.16826091023203954 
0.16826091023203954 0.2520355018974585 0.20572133881923121 0.20572133881923121 0.16826091023203954 
0.05764736386628467 0.0706255479791106 0.31092489614092833 0.31092489614092833 0.24987729587274846 
0.18188812442370433 0.27244750230518255 0.18188812442370433 0.18188812442370433 0.18188812442370433 
0.18853059752140414 0.15420048366210765 0.15420048366210765 0.15420048366210765 0.34886795149227273 
0.22453136198566015 0.18364575867622646 0.18364575867622646 0.18364575867622646 0.22453136198566015 
0.10959055383680151 0.37776006958478525 0.20152941137080588 0.20152941137080588 0.10959055383680151 
0.18981930412587236 0.1552545257344294 0.232553433006913 0.232553433006913 0.18981930412587236 
0.20763086935860398 0.20763086935860398 0.20763086935860398 0.20763086935860398 0.16947652256558413 
0.2 0.2 0.2 0.2 0.2 
0.09822004879030265 0.08033485931672686 0.08033485931672686 0.08033485931672686 0.6607753732595166 
0.2 0.2 0.2 0.2 0.2 
0.2 0.2 0.2 0.2 0.2 
0.17643222088223307 0.17643222088223307 0.21571185274517785 0.21571185274517785 0.21571185274517785 
0.3582146264073312 0.10392029878534173 0.19110220644450604 0.19110220644450604 0.155660661918315 
0.2 0.2 0.2 0.2 0.2 
0.29274100690600985 0.19298385732130155 0.19298385732130155 0.19298385732130155 0.12830742113008545 
5.0976622850783436E-5 2.3560783214153903E-4 0.4998252117219661 0.4998252117219661 6.299210107532432E-5 
4.962866735292788E-9 1.753787941572703E-7 0.4999907696018085 0.4999907696018085 1.8280454722332496E-5 
2.8679719890966756E-10 6.411954159309894E-11 1.201899133689547E-10 1.201899133689547E-10 0.9999999994087034 
1.0 3.4470130532176045E-20 1.8389304946019797E-20 1.8389304946019797E-20 1.000000000000041E-20 
0.02134787409720921 0.5707853312212392 0.17958017558837325 0.17958017558837325 0.04870644350480521 
0.017135906823996412 0.12543252733370183 0.4156031401132885 0.4156031401132885 0.026225285615724913 
0.02854348877503672 0.6229351639808572 0.15673947199888422 0.15673947199888422 0.03504240324633813 
1.2018991344002756E-30 1.0 1.1398281362014669E-29 1.1398281362014669E-29 1.8478577999924736E-30 
0.004510472799532669 0.4357592799183033 0.15205089660638474 0.15205089660638474 0.2556284540693942 
0.18364575867622646 0.18364575867622646 0.22453136198566015 0.22453136198566015 0.18364575867622646 
0.00190749893097629 0.3270948608223276 0.3270948608223276 0.3270948608223276 0.01680791860204108 
0.18364575867622646 0.18364575867622646 0.22453136198566015 0.22453136198566015 0.18364575867622646 
0.2 0.2 0.2 0.2 0.2 
0.232553433006913 0.232553433006913 0.18981930412587236 0.18981930412587236 0.1552545257344294 
0.2 0.2 0.2 0.2 0.2 
0.23410279603810327 0.19147430099047413 0.19147430099047413 0.19147430099047413 0.19147430099047413 
0.18364575867622646 0.18364575867622646 0.22453136198566015 0.22453136198566015 0.18364575867622646 
0.2 0.2 0.2 0.2 0.2 
0.04006067972528448 0.032699110264421995 0.4333659399954758 0.4333659399954758 0.06050833001934198 
0.07479385454796532 0.13840288612779278 0.3242001865982245 0.3242001865982245 0.13840288612779278 
0.08684649389623067 0.6088825565527268 0.07074006614935571 0.07074006614935571 0.16279081725233122 
0.04443957094776667 0.10054146208591057 0.3655271737606585 0.3655271737606585 0.1239646194450053 
0.1345873179493294 0.2024292869081743 0.2490481785297001 0.2490481785297001 0.16488703808309613 
0.2 0.2 0.2 0.2 0.2 
0.06665000572667416 0.06665000572667416 0.2888999961822172 0.2888999961822172 0.2888999961822172 
0.14870777443336386 0.14870777443336386 0.27693833834995407 0.27693833834995407 0.14870777443336386 
0.21915883938712738 0.21915883938712738 0.14631218825544054 0.14631218825544054 0.2690579447148641 
0.2 0.2 0.2 0.2 0.2 
0.23066901696027353 0.1539964745595897 0.23066901696027353 0.23066901696027353 0.1539964745595897 
0.07420338885873841 0.26253590496883333 0.26253590496883333 0.26253590496883333 0.13818889623476163 
0.23438577589978352 0.15517951821645115 0.12666365652645178 0.12666365652645178 0.3571073928308618 
0.061095625998281985 0.07516577568099653 0.09267715611318073 0.09267715611318073 0.67838428609436 
0.10520453687773555 0.30318841825607307 0.19720234828873048 0.19720234828873048 0.19720234828873048 
0.19147430099047413 0.23410279603810327 0.19147430099047413 0.19147430099047413 0.19147430099047413 
0.26184430166078543 0.2137276688970563 0.17480934314738608 0.17480934314738608 0.17480934314738608 
0.03373606612190293 0.5466500433015241 0.17878780490854976 0.17878780490854976 0.062038280759473305 
0.14021278133384094 0.3199037937731285 0.14021278133384094 0.14021278133384094 0.25945786222534833 
0.0804607767294098 0.5412998713698005 0.14888928758568978 0.14888928758568978 0.0804607767294098 
0.22302275006234462 0.14889176582436528 0.22302275006234462 0.22302275006234462 0.1820399839886009 
0.007755334027384396 0.08178072509830771 0.4291449657990382 0.4291449657990382 0.0521740092762314 
