0.07203211632576778 0.38851001650917416 0.20308273080536252 0.20308273080536252 0.13329240555433294 
0.17126424110108873 0.17126424110108873 0.17126424110108873 0.17126424110108873 0.3149430355956448 
0.232553433006913 0.15525452573442944 0.18981930412587236 0.18981930412587236 0.232553433006913 
0.11624188180443841 0.503860109888572 0.14241148336989123 0.14241148336989123 0.09507504156720738 
0.15968239858692226 0.3612704056523108 0.15968239858692226 0.15968239858692226 0.15968239858692226 
0.056371649443146786 0.7471014548247547 0.046106763163348906 0.046106763163348906 0.10431336940540067 
0.18364575867622646 0.18364575867622646 0.22453136198566015 0.22453136198566015 0.18364575867622646 
0.18364575867622646 0.18364575867622646 0.22453136198566015 0.22453136198566015 0.18364575867622646 
0.037452877462090424 0.15989180991383686 0.15989180991383686 0.15989180991383686 0.482871692796399 
0.19661526726734233 0.1608129911354928 0.24087937523083602 0.24087937523083602 0.1608129911354928 
0.0805666278886043 0.6777334884455827 0.0805666278886043 0.0805666278886043 0.0805666278886043 
0.18364575867622646 0.18364575867622646 0.22453136198566015 0.22453136198566015 0.18364575867622646 
0.1539964745595897 0.1539964745595897 0.23066901696027353 0.23066901696027353 0.23066901696027353 
0.232553433006913 0.15525452573442944 0.18981930412587236 0.18981930412587236 0.232553433006913 
0.11624188180443841 0.503860109888572 0.14241148336989123 0.14241148336989123 0.09507504156720738 
0.15968239858692226 0.3612704056523108 0.15968239858692226 0.15968239858692226 0.15968239858692226 
0.056371649443146786 0.7471014548247547 0.046106763163348906 0.046106763163348906 0.10431336940540067 
0.18364575867622646 0.18364575867622646 0.22453136198566015 0.22453136198566015 0.18364575867622646 
0.18364575867622646 0.18364575867622646 0.22453136198566015 0.22453136198566015 0.18364575867622646 
0.037452877462090424 0.15989180991383686 0.15989180991383686 0.15989180991383686 0.482871692796399 
0.17126424110108873 0.17126424110108873 0.17126424110108873 0.17126424110108873 0.3149430355956448 
0.13428202594165645 0.46287189623337455 0.13428202594165645 0.13428202594165645 0.13428202594165645 
0.19661526726734233 0.24087937523083602 0.16081299113549283 0.16081299113549283 0.24087937523083602 
0.09884686150145375 0.09884686150145375 0.34072642186508884 0.34072642186508884 0.12085343326691476 
0.21571185274517785 0.17643222088223307 0.21571185274517785 0.21571185274517785 0.17643222088223307 
0.14774273840818877 0.12059346289443722 0.27514115273354506 0.27514115273354506 0.1813814932302838 
0.2 0.2 0.2 0.2 0.2 
0.04961688764352663 0.8286371224796049 0.04058199662562275 0.04058199662562275 0.04058199662562275 
0.09438991265851776 0.09438991265851776 0.09438991265851776 0.09438991265851776 0.6224403493659294 
0.19147430099047413 0.19147430099047413 0.19147430099047413 0.19147430099047413 0.23410279603810327 
0.19147430099047413 0.23410279603810327 0.19147430099047413 0.19147430099047413 0.19147430099047413 
0.4367576264957556 0.12670611330818268 0.15491507344393937 0.15491507344393937 0.12670611330818268 
0.2 0.2 0.2 0.2 0.2 
0.28428830045510445 0.10191335361860497 0.23057192858447048 0.23057192858447048 0.15265448875734952 
5.2428799999996605E-15 9.96059946165677E-15 0.49999999999995337 0.49999999999995337 7.806928032402554E-14 
0.008252727898947782 0.012465060171063202 0.47788048987272397 0.47788048987272397 0.023521232184541007 
4.269146211147368E-40 1.0 4.269146211147368E-40 4.269146211147368E-40 1.838930494602052E-40 
1.0 9.755665666808273E-24 1.8052449530037172E-23 1.8052449530037172E-23 1.4673243172808147E-23 
0.006614109525602943 0.01845012345579721 0.350101792726791 0.350101792726791 0.27473218156501805 
0.0054191033768428605 0.004395161935250302 0.4700322923277232 0.4700322923277232 0.05012115003246034 
1.4978850497712196E-20 1.8389304946019797E-20 3.2689951689429004E-19 3.2689951689429004E-19 1.0 
0.012326397461864178 0.0065759507815172594 0.0579439619450798 0.0579439619450798 0.8652097278664591 
0.028807406942942967 0.752698954709998 0.08699808553739959 0.08699808553739959 0.04449746727225988 
0.10959055383680151 0.10959055383680151 0.20152941137080593 0.20152941137080593 0.3777600695847852 
0.02697531922500636 0.02697531922500636 0.3784624215709947 0.3784624215709947 0.18912451840799793 
0.2 0.2 0.2 0.2 0.2 
0.2 0.2 0.2 0.2 0.2 
0.1868927639806652 0.12477109909683524 0.22944537897416653 0.22944537897416653 0.22944537897416653 
0.2 0.2 0.2 0.2 0.2 
0.23410279603810327 0.19147430099047413 0.19147430099047413 0.19147430099047413 0.19147430099047413 
0.18364575867622646 0.18364575867622646 0.22453136198566015 0.22453136198566015 0.18364575867622646 
0.2 0.2 0.2 0.2 0.2 
0.03340999481681251 0.022304778876000412 0.4554376157451872 0.4554376157451872 0.03340999481681251 
0.18203998398860094 0.14889176582436528 0.22302275006234462 0.22302275006234462 0.22302275006234462 
0.04458738136632403 0.10351128048818246 0.029644406519100046 0.029644406519100046 0.7926125251072934 
0.14491716155955217 0.14491716155955217 0.2664925875830114 0.2664925875830114 0.1771805017148727 
0.17164273380881 0.17164273380881 0.258163374806 0.258163374806 0.14038778277038017 
0.2 0.2 0.2 0.2 0.2 
0.06296975449939478 0.3396315644746224 0.27294764098106694 0.27294764098106694 0.05150339906384942 
0.16132001465471868 0.10769852778713866 0.2436604858527143 0.2436604858527143 0.2436604858527143 
0.19945133085666555 0.3714380123003122 0.13315529845707294 0.13315529845707294 0.16280005992887628 
0.2 0.2 0.2 0.2 0.2 
0.18670475931077338 0.12464558568048832 0.28200203466412505 0.28200203466412505 0.12464558568048832 
0.17688742959059084 0.14438251183547152 0.26717377336923315 0.26717377336923315 0.14438251183547152 
0.15740210756865305 0.4587830428579762 0.12793828319112335 0.12793828319112335 0.12793828319112335 
0.030851171947648446 0.8555222966357952 0.03787551047218545 0.03787551047218545 0.03787551047218545 
0.007148571339405031 0.02529206111324332 0.03925460220071712 0.03925460220071712 0.8890501631459177 
0.2 0.2 0.2 0.2 0.2 
0.2498236298095381 0.16678424679364126 0.16678424679364126 0.16678424679364126 0.2498236298095381 
0.08079356788790781 0.08079356788790781 0.34491955423371085 0.34491955423371085 0.14857375575676265 
0.1340948351878152 0.374058859234635 0.16394876852584983 0.16394876852584983 0.16394876852584983 
0.11825113126048395 0.09671842063667077 0.33338965842118046 0.33338965842118046 0.11825113126048395 
0.22302275006234462 0.14889176582436528 0.22302275006234462 0.22302275006234462 0.1820399839886009 
0.006614109525602943 0.01845012345579721 0.350101792726791 0.350101792726791 0.27473218156501805 
