0.3732972522661926 0.24167051555805397 0.1579103273608146 0.1579103273608146 0.06921157745412443 
0.41085584857976054 0.14728603785505995 0.14728603785505995 0.14728603785505995 0.14728603785505995 
0.14303000076162423 0.21424249980959395 0.21424249980959395 0.21424249980959395 0.21424249980959395 
0.11570449140859852 0.6353624476046481 0.0772452408322491 0.0772452408322491 0.09444257932225517 
0.15491507344393937 0.4367576264957555 0.12670611330818268 0.12670611330818268 0.15491507344393937 
0.16678424679364126 0.2498236298095381 0.16678424679364126 0.16678424679364126 0.2498236298095381 
0.16826091023203954 0.2520355018974585 0.20572133881923121 0.20572133881923121 0.16826091023203954 
0.16826091023203954 0.2520355018974585 0.20572133881923121 0.20572133881923121 0.16826091023203954 
0.04240927469206794 0.8926384009241852 0.027584195354830636 0.027584195354830636 0.009783933674085678 
0.14038778277038017 0.17164273380881 0.258163374806 0.258163374806 0.17164273380881 
0.1536879733092038 0.3506482451257912 0.1536879733092038 0.1536879733092038 0.18828783494659718 
0.30515598297975277 0.6058330996730339 0.02967030578240446 0.02967030578240446 0.02967030578240446 
0.14109339528164463 0.39778967318979996 0.17285783233927488 0.17285783233927488 0.11540126685000555 
0.14303000076162423 0.21424249980959395 0.21424249980959395 0.21424249980959395 0.21424249980959395 
0.11570449140859852 0.6353624476046481 0.0772452408322491 0.0772452408322491 0.09444257932225517 
0.15491507344393937 0.4367576264957555 0.12670611330818268 0.12670611330818268 0.15491507344393937 
0.16678424679364126 0.2498236298095381 0.16678424679364126 0.16678424679364126 0.2498236298095381 
0.16826091023203954 0.2520355018974585 0.20572133881923121 0.20572133881923121 0.16826091023203954 
0.16826091023203954 0.2520355018974585 0.20572133881923121 0.20572133881923121 0.16826091023203954 
0.04240927469206794 0.8926384009241852 0.027584195354830636 0.027584195354830636 0.009783933674085678 
0.2137276688970563 0.26184430166078543 0.17480934314738608 0.17480934314738608 0.17480934314738608 
0.19147430099047413 0.19147430099047413 0.19147430099047413 0.19147430099047413 0.23410279603810327 
0.17480934314738605 0.26184430166078543 0.17480934314738605 0.17480934314738605 0.2137276688970563 
0.34849902356972173 0.14742030530022973 0.22561628350137347 0.22561628350137347 0.05284810412730182 
0.18364575867622646 0.22453136198566015 0.18364575867622646 0.18364575867622646 0.22453136198566015 
0.10753222746992963 0.13147244818075196 0.2999622042267599 0.2999622042267599 0.1610709158957985 
0.2 0.2 0.2 0.2 0.2 
0.17480934314738605 0.2137276688970563 0.17480934314738605 0.17480934314738605 0.26184430166078543 
0.19147430099047413 0.23410279603810327 0.19147430099047413 0.19147430099047413 0.19147430099047413 
0.20170257864348456 0.30337560614524467 0.16497393840375685 0.16497393840375685 0.16497393840375685 
0.18853059752140414 0.34886795149227273 0.15420048366210765 0.15420048366210765 0.15420048366210765 
0.14260975970711393 0.1743593961020298 0.14260975970711393 0.14260975970711393 0.3978113247766285 
0.2 0.2 0.2 0.2 0.2 
0.049669910960433515 0.17573503345707583 0.3410474152474103 0.3410474152474103 0.09250022508767004 
7.432181401207501E-22 1.6454944052053016E-21 0.5 0.5 1.1129065509953565E-23 
0.12395314748693848 0.7342527913362462 0.04396537068078678 0.04396537068078678 0.05386331981524155 
0.07081710622141335 0.05743618971341107 0.10838054012612582 0.10838054012612582 0.6549856238129238 
4.0655685594847485E-17 9.275836294319504E-17 9.275836294319504E-17 9.275836294319504E-17 0.9999999999999998 
0.9999999999997089 2.2004992514116353E-13 3.5251588164559615E-14 3.5251588164559615E-14 4.96906337362296E-16 
1.3347036912448515E-26 1.0 1.099511627776063E-28 1.099511627776063E-28 9.726419318152634E-31 
0.273433796076381 0.1698382573508459 0.273433796076381 0.273433796076381 0.00986035442001094 
0.4238535017298948 0.26474786825603497 0.13335256198954162 0.13335256198954162 0.04469350603498732 
0.0944949939646047 0.4367445199615895 0.14461786186346753 0.14461786186346753 0.1795247623468709 
0.2978782133569715 0.2978782133569715 0.15891362224705513 0.15891362224705513 0.08641632879194668 
0.03840594921672217 0.959890976018396 7.659187637513502E-4 7.659187637513502E-4 1.7123723737887E-4 
0.18188812442370433 0.27244750230518255 0.18188812442370433 0.18188812442370433 0.18188812442370433 
0.10370858137882841 0.7271029990208763 0.056396139866765026 0.056396139866765026 0.056396139866765026 
0.13935833216065807 0.13935833216065807 0.25627028668709545 0.25627028668709545 0.20874276230449285 
0.2 0.2 0.2 0.2 0.2 
0.19147430099047413 0.19147430099047413 0.19147430099047413 0.19147430099047413 0.23410279603810327 
0.16826091023203954 0.2520355018974585 0.20572133881923121 0.20572133881923121 0.16826091023203954 
0.19147430099047413 0.23410279603810327 0.19147430099047413 0.19147430099047413 0.19147430099047413 
0.022442563568926717 0.033616380448434124 0.4582510187554299 0.4582510187554299 0.02743901847177914 
0.19455677292453688 0.292627785487911 0.15912933433150755 0.15912933433150755 0.19455677292453688 
0.17718050171487273 0.2664925875830114 0.14491716155955217 0.14491716155955217 0.2664925875830114 
0.2 0.2 0.2 0.2 0.2 
0.14038778277038017 0.17164273380881 0.258163374806 0.258163374806 0.17164273380881 
0.2 0.2 0.2 0.2 0.2 
0.0706255479791106 0.24987729587274846 0.3109248961409283 0.3109248961409283 0.05764736386628467 
0.13031640281307824 0.19519899151366593 0.239642807079795 0.239642807079795 0.19519899151366593 
0.17480934314738605 0.2137276688970563 0.17480934314738605 0.17480934314738605 0.26184430166078543 
0.2 0.2 0.2 0.2 0.2 
0.10753222746992963 0.13147244818075196 0.2999622042267599 0.2999622042267599 0.1610709158957985 
0.1532367497555575 0.28355816871840117 0.18773502717534724 0.18773502717534724 0.18773502717534724 
0.12593995331369232 0.12593995331369232 0.2315948206372889 0.2315948206372889 0.2849304520980371 
0.3447306979461845 0.3447306979461845 0.0961331381904752 0.0961331381904752 0.11827232772668023 
0.09738125662567483 0.12033456939983107 0.35904373026394015 0.35904373026394015 0.06419671344661375 
0.1708543069132711 0.48695460117475475 0.11406369730399138 0.11406369730399138 0.11406369730399138 
0.14948769914047125 0.528896172791583 0.09979917962550572 0.09979917962550572 0.12201776881693455 
0.16367834495095965 0.6403841247244011 0.08555827096817722 0.08555827096817722 0.024820988388285 
0.1621853765171327 0.24293505077651895 0.19829319090211614 0.19829319090211614 0.19829319090211614 
0.3444463603033314 0.14570596805506164 0.2229926123786262 0.2229926123786262 0.0638624468843547 
0.1621853765171327 0.24293505077651895 0.19829319090211614 0.19829319090211614 0.19829319090211614 
0.25685096985264466 0.08081031474213454 0.3263661314577904 0.3263661314577904 0.009606452489640127 
