0.08085416379884405 0.2899407305626922 0.18770597804025274 0.15155839703551874 0.2899407305626922 
0.27244750230518255 0.18188812442370433 0.18188812442370433 0.18188812442370433 0.18188812442370433 
0.21571185274517785 0.17643222088223307 0.21571185274517785 0.21571185274517785 0.17643222088223307 
0.04895906247629217 0.32285331233031567 0.16876252742906792 0.13657178543400872 0.32285331233031567 
0.13303548490794434 0.24464301006137035 0.24464301006137035 0.13303548490794434 0.24464301006137035 
0.06848700153508348 0.3113383937251286 0.19962042088146695 0.030271421367609616 0.390282762490711 
0.22453136198566015 0.18364575867622646 0.18364575867622646 0.22453136198566015 0.18364575867622646 
0.22453136198566015 0.18364575867622646 0.18364575867622646 0.22453136198566015 0.18364575867622646 
0.36462144021005466 0.1513503271238025 0.098894065116292 0.23378384042604836 0.1513503271238025 
0.18188812442370433 0.18188812442370433 0.18188812442370433 0.27244750230518255 0.18188812442370433 
0.05840535937340853 0.31501319538865186 0.2531628904758796 0.05840535937340853 0.31501319538865186 
0.18364575867622646 0.22453136198566015 0.18364575867622646 0.22453136198566015 0.18364575867622646 
0.2498236298095381 0.16678424679364126 0.16678424679364126 0.2498236298095381 0.16678424679364126 
0.21571185274517785 0.17643222088223307 0.21571185274517785 0.21571185274517785 0.17643222088223307 
0.04895906247629217 0.32285331233031567 0.16876252742906792 0.13657178543400872 0.32285331233031567 
0.13303548490794434 0.24464301006137035 0.24464301006137035 0.13303548490794434 0.24464301006137035 
0.06848700153508348 0.3113383937251286 0.19962042088146695 0.030271421367609616 0.390282762490711 
0.22453136198566015 0.18364575867622646 0.18364575867622646 0.22453136198566015 0.18364575867622646 
0.22453136198566015 0.18364575867622646 0.18364575867622646 0.22453136198566015 0.18364575867622646 
0.36462144021005466 0.1513503271238025 0.098894065116292 0.23378384042604836 0.1513503271238025 
0.3149430355956448 0.17126424110108873 0.17126424110108873 0.17126424110108873 0.17126424110108873 
0.10161103672976128 0.28344498452567385 0.22988795748912974 0.10161103672976128 0.28344498452567385 
0.24293505077651895 0.19829319090211614 0.19829319090211614 0.1621853765171327 0.19829319090211614 
0.22157027023535322 0.14792207871305224 0.14792207871305224 0.33466349362549014 0.14792207871305224 
0.1682609102320395 0.20572133881923121 0.1682609102320395 0.2520355018974585 0.20572133881923121 
0.2412974146702102 0.16042921636779897 0.19654673792398214 0.2412974146702102 0.16042921636779897 
0.2 0.2 0.2 0.2 0.2 
0.02776942963252386 0.3580251346033392 0.2284108715282739 0.02776942963252386 0.3580251346033392 
0.5698741772005067 0.10753145569987334 0.10753145569987334 0.10753145569987334 0.10753145569987334 
0.23410279603810327 0.19147430099047413 0.19147430099047413 0.19147430099047413 0.19147430099047413 
0.16976395521768495 0.2075590111955787 0.2075590111955787 0.2075590111955787 0.2075590111955787 
0.1552545257344294 0.18981930412587236 0.232553433006913 0.232553433006913 0.18981930412587236 
0.2 0.2 0.2 0.2 0.2 
0.24855856787208955 0.16525687322312066 0.20246124793788436 0.24855856787208955 0.1351647430948161 
3.790201187068385E-6 4.949815524655864E-7 4.949815524655864E-7 0.9999947248541554 4.949815524655864E-7 
1.6199939636244923E-5 3.409793805002447E-4 5.6212805115760154E-6 0.9994303903369766 2.0680906237545118E-4 
1.5075652265086223E-17 0.020171229434119975 2.3511790448911414E-7 2.825880058874617E-17 0.9798285354479755 
0.001460706594874591 7.943239829685942E-4 0.9954899388443136 0.001460706594874591 7.943239829685942E-4 
0.6374761740717804 0.042810835064002614 0.02822221653575803 0.24867993926445606 0.042810835064002614 
0.17689948636327701 0.023634586811336573 0.015512451097504067 0.764827086902164 0.01912638882571833 
0.9999999999987255 1.2972358169245416E-13 1.0566522997486088E-13 9.094947017717915E-13 1.2972358169245416E-13 
0.9938218579462496 6.20895632829082E-4 4.0752195999022386E-4 0.004647262057485279 5.02462403446092E-4 
0.03007278413829601 0.4345228070991475 0.07625026523567358 0.123466754508219 0.33568738901866396 
0.3827856001104269 0.1372232489402939 0.1372232489402939 0.20554465306869155 0.1372232489402939 
0.11618633745832599 0.030155569840803104 0.010463799302209495 0.8189021903113717 0.02429210308728995 
0.19147430099047413 0.19147430099047413 0.19147430099047413 0.23410279603810322 0.19147430099047413 
0.2 0.2 0.2 0.2 0.2 
0.28034833821188815 0.1524518403685391 0.1863926485529 0.22835533249813364 0.1524518403685391 
0.2 0.2 0.2 0.2 0.2 
0.2 0.2 0.2 0.2 0.2 
0.19147430099047413 0.19147430099047413 0.19147430099047413 0.23410279603810322 0.19147430099047413 
0.2 0.2 0.2 0.2 0.2 
0.057313103159192066 0.057313103159192066 0.04678122020520231 0.7812794703172214 0.057313103159192066 
0.167536141129489 0.167536141129489 0.11184846337513349 0.3855431132363996 0.167536141129489 
0.7079862907621856 0.09245951231334905 0.07465407134711477 0.03244061326400147 0.09245951231334905 
0.1125911247356951 0.1693453843921378 0.09208906203320008 0.4880355995719879 0.1379388292669791 
0.15871204180355789 0.19444297486455384 0.15871204180355789 0.29368996666377695 0.19444297486455384 
0.2 0.2 0.2 0.2 0.2 
0.046209494533013346 0.24489204116561872 0.15928473083787767 0.24489204116561872 0.3047216922978719 
0.2761500066225756 0.14923332891828292 0.14923332891828292 0.2761500066225756 0.14923332891828292 
0.13569845015939114 0.25110428201135027 0.25110428201135027 0.11098870380655795 0.25110428201135027 
0.2 0.2 0.2 0.2 0.2 
0.16497393840375685 0.16497393840375685 0.20170257864348456 0.30337560614524467 0.16497393840375685 
0.13688344455166646 0.16804970476917785 0.13688344455166646 0.39013370135831144 0.16804970476917785 
0.107071981988007 0.24857162767484456 0.24857162767484456 0.08721456386741917 0.30857019879488445 
0.02133031321435828 0.3791806762379472 0.18795196287710628 0.03235637143264097 0.3791806762379472 
0.8421754250929645 0.04145179419022099 0.03346919233637255 0.04145179419022099 0.04145179419022099 
0.2 0.2 0.2 0.2 0.2 
0.26184430166078543 0.17480934314738608 0.21372766889705624 0.17480934314738608 0.17480934314738608 
0.23620632335840472 0.1268358756790444 0.08467664170786816 0.44875270410228707 0.1035284551523956 
0.125274422669035 0.23181505700135263 0.23181505700135263 0.125274422669035 0.28582104065922437 
0.24106244780871766 0.13108839541045503 0.13108839541045503 0.3656723659599173 0.13108839541045503 
0.19829319090211614 0.19829319090211614 0.19829319090211614 0.24293505077651895 0.16218537651713272 
0.28876378725470203 0.046813585284198905 0.019984983294757248 0.5976240588821427 0.046813585284198905 
