0.12150772303633237 0.2308444520307367 0.2308444520307367 0.2308444520307367 0.18595892087145732 
0.2 0.2 0.2 0.2 0.2 
0.2137276688970563 0.17480934314738605 0.17480934314738605 0.17480934314738605 0.26184430166078543 
0.07899593458818925 0.23025101635295264 0.23025101635295264 0.23025101635295264 0.23025101635295264 
0.1705815417221575 0.1705815417221575 0.1705815417221575 0.1705815417221575 0.31767383311136965 
0.19704499452855131 0.24460640863142727 0.24460640863142727 0.24460640863142727 0.06913577957716677 
0.19147430099047413 0.19147430099047413 0.19147430099047413 0.19147430099047413 0.23410279603810327 
0.19147430099047413 0.19147430099047413 0.19147430099047413 0.19147430099047413 0.23410279603810327 
0.013808992123069231 0.04951865279886052 0.04951865279886052 0.04951865279886052 0.8376350494803493 
0.22453136198566015 0.18364575867622646 0.18364575867622646 0.18364575867622646 0.22453136198566015 
0.20793244790151916 0.20793244790151916 0.20793244790151916 0.20793244790151916 0.16827020839392318 
0.047911933098090616 0.05857870974764153 0.05857870974764153 0.05857870974764153 0.7763519376589847 
0.1232299252590187 0.1506649712753773 0.1506649712753773 0.1506649712753773 0.4247751609148488 
0.2137276688970563 0.17480934314738605 0.17480934314738605 0.17480934314738605 0.26184430166078543 
0.07899593458818925 0.23025101635295264 0.23025101635295264 0.23025101635295264 0.23025101635295264 
0.1705815417221575 0.1705815417221575 0.1705815417221575 0.1705815417221575 0.31767383311136965 
0.19704499452855131 0.24460640863142727 0.24460640863142727 0.24460640863142727 0.06913577957716677 
0.19147430099047413 0.19147430099047413 0.19147430099047413 0.19147430099047413 0.23410279603810327 
0.19147430099047413 0.19147430099047413 0.19147430099047413 0.19147430099047413 0.23410279603810327 
0.013808992123069231 0.04951865279886052 0.04951865279886052 0.04951865279886052 0.8376350494803493 
0.17126424110108873 0.17126424110108873 0.17126424110108873 0.17126424110108873 0.3149430355956448 
0.19103343140056528 0.2350278897646407 0.2350278897646407 0.2350278897646407 0.10388289930551227 
0.19138277710975451 0.19138277710975451 0.19138277710975451 0.19138277710975451 0.2344688915609822 
0.15968239858692226 0.15968239858692226 0.15968239858692226 0.15968239858692226 0.3612704056523108 
0.17619929143570645 0.21586713904286245 0.21586713904286245 0.21586713904286245 0.17619929143570645 
0.2344688915609822 0.19138277710975451 0.19138277710975451 0.19138277710975451 0.19138277710975451 
0.2 0.2 0.2 0.2 0.2 
0.19958055037614653 0.24775398013532968 0.24775398013532968 0.24775398013532968 0.057157509217864284 
0.18188812442370433 0.18188812442370433 0.18188812442370433 0.18188812442370433 0.27244750230518255 
0.17126424110108873 0.17126424110108873 0.17126424110108873 0.17126424110108873 0.3149430355956448 
0.18168360351104154 0.18168360351104154 0.18168360351104154 0.18168360351104154 0.27326558595583417 
0.24339871353723436 0.1982583328794499 0.1982583328794499 0.1982583328794499 0.16182628782441605 
0.2 0.2 0.2 0.2 0.2 
0.18810710652403898 0.12506506020427452 0.12506506020427452 0.12506506020427452 0.4366977128631376 
0.00812476317090084 0.006574998783096459 0.006574998783096459 0.006574998783096459 0.9721502404798098 
3.0354073126074273E-6 0.2572751686086146 0.3713440459458454 0.3713440459458454 3.370409238178016E-5 
0.018763697341350593 0.43900152841695034 0.2711173798484373 0.2711173798484373 1.4544824365710216E-8 
0.9999865066653406 2.5548012538196127E-6 2.5548012538196127E-6 2.5548012538196127E-6 5.828930898156158E-6 
0.007636244304902115 0.014220970067583948 0.014220970067583948 0.014220970067583948 0.9497008454923461 
3.391392715611904E-21 6.443081752279802E-21 6.443081752279802E-21 6.443081752279802E-21 1.0 
0.005985875493637238 0.009041167856048455 0.009041167856048455 0.009041167856048455 0.9668906209382174 
0.060309520878584495 0.142570652633913 0.1778311329176319 0.1778311329176319 0.4414575606522386 
0.01666194512723305 0.324254106142549 0.324254106142549 0.324254106142549 0.010575736445119829 
0.13428202594165645 0.13428202594165645 0.13428202594165645 0.13428202594165645 0.46287189623337455 
4.386741418544823E-4 0.009908658778069486 0.009908658778069486 0.009908658778069486 0.9698353495239371 
0.16218537651713266 0.19829319090211614 0.19829319090211614 0.19829319090211614 0.24293505077651895 
0.05919688922596457 0.05919688922596457 0.05919688922596457 0.05919688922596457 0.7632124430961414 
0.23410279603810327 0.19147430099047413 0.19147430099047413 0.19147430099047413 0.19147430099047413 
0.2 0.2 0.2 0.2 0.2 
0.23410279603810327 0.19147430099047413 0.19147430099047413 0.19147430099047413 0.19147430099047413 
0.18188812442370433 0.18188812442370433 0.18188812442370433 0.18188812442370433 0.27244750230518255 
0.19147430099047413 0.19147430099047413 0.19147430099047413 0.19147430099047413 0.23410279603810327 
0.11025590663053485 0.2515554037333049 0.2515554037333049 0.2515554037333049 0.13507788216955008 
0.09122354943131805 0.25718982694449644 0.25718982694449644 0.25718982694449644 0.13720696973519247 
0.17521981881420995 0.21652012079052665 0.21652012079052665 0.21652012079052665 0.17521981881420995 
0.06753362446774591 0.2883109170215027 0.2883109170215027 0.2883109170215027 0.06753362446774591 
0.15355741799319986 0.23096172133786688 0.23096172133786688 0.23096172133786688 0.15355741799319986 
0.2 0.2 0.2 0.2 0.2 
0.11628807119333162 0.22092798220166707 0.22092798220166707 0.22092798220166707 0.22092798220166707 
0.16947652256558415 0.20763086935860398 0.20763086935860398 0.20763086935860398 0.20763086935860398 
0.21436866422463233 0.21436866422463233 0.21436866422463233 0.21436866422463233 0.14252534310147086 
0.2 0.2 0.2 0.2 0.2 
0.22453136198566015 0.18364575867622646 0.18364575867622646 0.18364575867622646 0.22453136198566015 
0.10951169479306748 0.25201415922359455 0.25201415922359455 0.25201415922359455 0.13444582753614875 
0.26897129416616644 0.21766615157034078 0.21766615157034078 0.21766615157034078 0.07803025112281133 
0.12967301884234003 0.25545520612113715 0.25545520612113715 0.25545520612113715 0.10396136279424846 
0.15713430987482582 0.15713430987482582 0.15713430987482582 0.15713430987482582 0.37146276050069693 
0.13428202594165645 0.13428202594165645 0.13428202594165645 0.13428202594165645 0.46287189623337455 
0.12839765837055572 0.10501733555251662 0.10501733555251662 0.10501733555251662 0.5565503349718944 
0.035453287893608736 0.08021061690190046 0.08021061690190046 0.08021061690190046 0.7239148614006897 
0.20770410170104198 0.20770410170104198 0.20770410170104198 0.20770410170104198 0.16918359319583212 
0.1591961376449256 0.1591961376449256 0.1591961376449256 0.1591961376449256 0.3632154494202971 
0.19138277710975451 0.19138277710975451 0.19138277710975451 0.19138277710975451 0.2344688915609822 
0.03815661321253376 0.2134048926579294 0.2675168007358036 0.2675168007358036 0.2134048926579294 
