0.11601182627087028 0.11601182627087028 0.17598061986602762 0.17598061986602762 0.4160151077262041 
0.2498236298095381 0.2498236298095381 0.16678424679364126 0.16678424679364126 0.16678424679364126 
0.17164273380881 0.17164273380881 0.258163374806 0.258163374806 0.14038778277038017 
0.09058284121894561 0.09058284121894561 0.11074956948653744 0.11074956948653744 0.5973351785890341 
0.17126424110108873 0.17126424110108873 0.17126424110108873 0.17126424110108873 0.3149430355956448 
0.06221070106451055 0.1735373613740214 0.06221070106451055 0.06221070106451055 0.6398305354324468 
0.17643222088223307 0.21571185274517785 0.21571185274517785 0.21571185274517785 0.17643222088223307 
0.17643222088223307 0.21571185274517785 0.21571185274517785 0.21571185274517785 0.17643222088223307 
0.061099217969336005 0.329542701128063 0.17225921808500427 0.17225921808500427 0.26483964473259264 
0.19661526726734233 0.1608129911354928 0.24087937523083602 0.24087937523083602 0.1608129911354928 
0.08667386362835308 0.12982748453481388 0.10597032454936169 0.10597032454936169 0.5715580027381099 
0.3488679514922727 0.15420048366210765 0.15420048366210765 0.15420048366210765 0.18853059752140414 
0.1539964745595897 0.23066901696027353 0.23066901696027353 0.23066901696027353 0.1539964745595897 
0.17164273380881 0.17164273380881 0.258163374806 0.258163374806 0.14038778277038017 
0.09058284121894561 0.09058284121894561 0.11074956948653744 0.11074956948653744 0.5973351785890341 
0.17126424110108873 0.17126424110108873 0.17126424110108873 0.17126424110108873 0.3149430355956448 
0.06221070106451055 0.1735373613740214 0.06221070106451055 0.06221070106451055 0.6398305354324468 
0.17643222088223307 0.21571185274517785 0.21571185274517785 0.21571185274517785 0.17643222088223307 
0.17643222088223307 0.21571185274517785 0.21571185274517785 0.21571185274517785 0.17643222088223307 
0.061099217969336005 0.329542701128063 0.17225921808500427 0.17225921808500427 0.26483964473259264 
0.17126424110108873 0.3149430355956448 0.17126424110108873 0.17126424110108873 0.17126424110108873 
0.14728603785505995 0.14728603785505995 0.14728603785505995 0.14728603785505995 0.4108558485797606 
0.21571185274517785 0.21571185274517785 0.17643222088223307 0.17643222088223307 0.21571185274517785 
0.18860841013839477 0.15330313272958387 0.2873615404003628 0.2873615404003628 0.08336537633129601 
0.22453136198566015 0.18364575867622646 0.18364575867622646 0.18364575867622646 0.22453136198566015 
0.12839855835478695 0.15730499948911328 0.2929489419006563 0.2929489419006563 0.12839855835478695 
0.2 0.2 0.2 0.2 0.2 
0.05919688922596457 0.05919688922596457 0.05919688922596457 0.05919688922596457 0.7632124430961414 
0.13428202594165645 0.46287189623337455 0.13428202594165645 0.13428202594165645 0.13428202594165645 
0.19147430099047413 0.23410279603810327 0.19147430099047413 0.19147430099047413 0.19147430099047413 
0.19147430099047413 0.19147430099047413 0.19147430099047413 0.19147430099047413 0.23410279603810327 
0.3264535747129339 0.1442932745717498 0.17641771690510538 0.17641771690510538 0.17641771690510538 
0.2 0.2 0.2 0.2 0.2 
0.007717518390976579 0.006272889662591131 0.4909194964388084 0.4909194964388084 0.004170599068815484 
1.933044671791403E-14 4.8491264478380724E-14 0.49999999999996203 0.49999999999996203 8.023854638169576E-15 
0.009562929239157669 0.05251244833880112 0.009562929239157669 0.009562929239157669 0.918798763943726 
6.087751462827978E-16 7.473839070803228E-16 1.4009458710010946E-15 1.4009458710010946E-15 0.9999999999999958 
0.9999999795563705 5.2313022331145324E-9 6.450039387488953E-9 6.450039387488953E-9 2.3122483193954097E-9 
0.9877918306594788 0.003980288681609279 0.003980288681609279 0.003980288681609279 2.673032956935331E-4 
0.031088181489203483 0.06221143904388085 0.4491943222208713 0.4491943222208713 0.008311735025173074 
2.258508779131563E-9 0.9999999749675701 1.0995116002525744E-8 1.0995116002525744E-8 7.836888081330147E-10 
1.7186647235424897E-5 0.9999412375414976 1.7186647235424897E-5 1.7186647235424897E-5 7.20251679647377E-6 
0.010480838034250328 0.09459139832083306 0.015968480726808166 0.015968480726808166 0.8629908021913003 
0.17751287348676775 0.26811845443650334 0.2179298313239046 0.2179298313239046 0.1185090094289195 
0.1355106665807443 0.5385647803396463 0.10864151769320313 0.10864151769320313 0.10864151769320313 
0.2 0.2 0.2 0.2 0.2 
0.2 0.2 0.2 0.2 0.2 
0.15797466456898537 0.23760558710514879 0.23760558710514879 0.23760558710514879 0.12920857411556824 
0.2 0.2 0.2 0.2 0.2 
0.23410279603810327 0.19147430099047413 0.19147430099047413 0.19147430099047413 0.19147430099047413 
0.18364575867622646 0.18364575867622646 0.22453136198566015 0.22453136198566015 0.18364575867622646 
0.2 0.2 0.2 0.2 0.2 
0.040749050957252536 0.04992290818640248 0.4297025663349713 0.4297025663349713 0.04992290818640248 
0.19661526726734233 0.24087937523083602 0.16081299113549283 0.16081299113549283 0.24087937523083602 
0.036724654884189814 0.7749668061036915 0.030037350010642908 0.030037350010642908 0.12823383899083288 
0.1578079704226164 0.236378199630766 0.1578079704226164 0.1578079704226164 0.2901978891013846 
0.17619929143570645 0.17619929143570645 0.21586713904286245 0.21586713904286245 0.21586713904286245 
0.2 0.2 0.2 0.2 0.2 
0.04828365547609251 0.05903318978799179 0.31839944054118313 0.31839944054118313 0.2558842736535497 
0.1729497644059033 0.26122625709805086 0.21232777231391683 0.21232777231391683 0.14116843386821215 
0.18227313987597063 0.18227313987597063 0.1490824656421867 0.1490824656421867 0.3372887889636851 
0.2 0.2 0.2 0.2 0.2 
0.157810104148752 0.12907397900620568 0.29202096891941826 0.29202096891941826 0.12907397900620568 
0.15483689159782227 0.2328861443321571 0.189695409868932 0.189695409868932 0.2328861443321571 
0.13274624067198693 0.1629705230403193 0.1629705230403193 0.1629705230403193 0.3783421902070552 
0.055905044471466485 0.04544027727381725 0.04544027727381725 0.04544027727381725 0.8077741237070815 
0.02435954424633959 0.7011756023828009 0.1089566282444883 0.1089566282444883 0.05655159688188303 
0.2 0.2 0.2 0.2 0.2 
0.2137276688970563 0.26184430166078543 0.17480934314738608 0.17480934314738608 0.17480934314738608 
0.13444582753614875 0.2520141592235946 0.2520141592235946 0.2520141592235946 0.10951169479306751 
0.13878129485062451 0.20787842674463333 0.16967858868922567 0.16967858868922567 0.31398310102629096 
0.21547326963205973 0.17475952143627393 0.26626153755661647 0.26626153755661647 0.07724413381843362 
0.2 0.2 0.2 0.2 0.2 
0.04237418130480498 0.25608360636688904 0.3244700160693132 0.3244700160693132 0.052602180189679666 
