0.07779034910091231 0.342467519290918 0.17901530481671757 0.17901530481671757 0.22171152197473434 
0.1328928032303776 0.3006607951544335 0.1328928032303776 0.1328928032303776 0.3006607951544335 
0.2344688915609822 0.19138277710975451 0.19138277710975451 0.19138277710975451 0.19138277710975451 
0.11633961079387399 0.1428283552544015 0.3315813911774246 0.3315813911774246 0.07766925159687532 
0.2137276688970563 0.26184430166078543 0.17480934314738608 0.17480934314738608 0.17480934314738608 
0.30337560614524467 0.20170257864348456 0.16497393840375685 0.16497393840375685 0.16497393840375685 
0.2 0.2 0.2 0.2 0.2 
0.2 0.2 0.2 0.2 0.2 
0.04683261537509926 0.2525948299264226 0.3150664175627643 0.3150664175627643 0.07043971957294942 
0.21571185274517785 0.17643222088223307 0.21571185274517785 0.21571185274517785 0.17643222088223307 
0.24293505077651895 0.19829319090211614 0.19829319090211614 0.19829319090211614 0.1621853765171327 
0.053908903820744626 0.5544474215205454 0.0807493410826445 0.0807493410826445 0.2301449924934208 
0.1539964745595897 0.23066901696027353 0.23066901696027353 0.23066901696027353 0.1539964745595897 
0.2344688915609822 0.19138277710975451 0.19138277710975451 0.19138277710975451 0.19138277710975451 
0.11633961079387399 0.1428283552544015 0.3315813911774246 0.3315813911774246 0.07766925159687532 
0.2137276688970563 0.26184430166078543 0.17480934314738608 0.17480934314738608 0.17480934314738608 
0.30337560614524467 0.20170257864348456 0.16497393840375685 0.16497393840375685 0.16497393840375685 
0.2 0.2 0.2 0.2 0.2 
0.2 0.2 0.2 0.2 0.2 
0.04683261537509926 0.2525948299264226 0.3150664175627643 0.3150664175627643 0.07043971957294942 
0.19147430099047413 0.23410279603810327 0.19147430099047413 0.19147430099047413 0.19147430099047413 
0.23410279603810327 0.19147430099047413 0.19147430099047413 0.19147430099047413 0.19147430099047413 
0.23410279603810327 0.19147430099047413 0.19147430099047413 0.19147430099047413 0.19147430099047413 
0.06729806276722024 0.44378714335740777 0.10080476209757995 0.10080476209757995 0.2873052696802123 
0.19661526726734233 0.1608129911354928 0.24087937523083602 0.24087937523083602 0.1608129911354928 
0.22302275006234462 0.14889176582436528 0.22302275006234462 0.22302275006234462 0.1820399839886009 
0.2 0.2 0.2 0.2 0.2 
0.3149430355956448 0.17126424110108873 0.17126424110108873 0.17126424110108873 0.17126424110108873 
0.2 0.2 0.2 0.2 0.2 
0.19147430099047413 0.23410279603810327 0.19147430099047413 0.19147430099047413 0.19147430099047413 
0.17643222088223307 0.21571185274517785 0.21571185274517785 0.21571185274517785 0.17643222088223307 
0.3111467048089361 0.1115417134778098 0.20511745833449246 0.20511745833449246 0.16707666504426913 
0.2 0.2 0.2 0.2 0.2 
0.29477631635710494 0.15828624603696934 0.1943255957844781 0.1943255957844781 0.15828624603696934 
2.476180318014024E-4 0.016536358141768837 0.48976442961322064 0.48976442961322064 0.0036871645999886314 
3.191735033770285E-10 9.096815225231955E-10 0.4999999991896503 0.4999999991896503 3.9184441324026303E-10 
0.860199117516349 0.028765684276307553 0.04382705595283274 0.04382705595283274 0.023381086301677966 
0.9999999999964333 5.630545926315345E-15 6.912534848211297E-15 6.912534848211297E-15 3.5473582034958346E-12 
3.396251706208919E-14 0.9984305633010854 2.2848283181417466E-13 2.2848283181417466E-13 0.0015694366984235022 
1.787346504278453E-5 0.9986816523424707 4.33491397495469E-4 4.33491397495469E-4 4.33491397495469E-4 
0.019789884325666602 0.5487858716414666 0.10867122952526954 0.10867122952526954 0.2140817849823273 
0.029281308141909997 0.27769101357734116 0.27769101357734116 0.27769101357734116 0.13764565112606642 
0.013839686282016072 0.007284683486528109 0.4864836950940327 0.4864836950940327 0.005908240043390322 
0.1092333891201339 0.37652891814428324 0.13355234452593018 0.13355234452593018 0.2471330036837224 
0.0014358680213432697 0.32204370470899574 0.32204370470899574 0.32204370470899574 0.03243301785166958 
0.18364575867622646 0.18364575867622646 0.22453136198566015 0.22453136198566015 0.18364575867622646 
0.15968239858692226 0.3612704056523108 0.15968239858692226 0.15968239858692226 0.15968239858692226 
0.24293505077651895 0.1621853765171327 0.19829319090211614 0.19829319090211614 0.19829319090211614 
0.2 0.2 0.2 0.2 0.2 
0.23410279603810327 0.19147430099047413 0.19147430099047413 0.19147430099047413 0.19147430099047413 
0.17643222088223307 0.21571185274517785 0.21571185274517785 0.21571185274517785 0.17643222088223307 
0.2 0.2 0.2 0.2 0.2 
0.03410153843116296 0.03410153843116296 0.45195251913604356 0.45195251913604356 0.027891884865586834 
0.08705437562648008 0.08705437562648008 0.3773444354869733 0.3773444354869733 0.07120237777309327 
0.2526015028707924 0.16794486262638186 0.20575438593822215 0.20575438593822215 0.16794486262638186 
0.042427191345590816 0.042427191345590816 0.43635921298161373 0.43635921298161373 0.042427191345590816 
0.157810104148752 0.12907397900620568 0.29202096891941826 0.29202096891941826 0.12907397900620568 
0.2 0.2 0.2 0.2 0.2 
0.10263016187566013 0.10263016187566013 0.3631114810189868 0.3631114810189868 0.0685167142107064 
0.15730499948911328 0.12839855835478695 0.2929489419006563 0.2929489419006563 0.12839855835478695 
0.27244750230518255 0.18188812442370433 0.18188812442370433 0.18188812442370433 0.18188812442370433 
0.2 0.2 0.2 0.2 0.2 
0.18981930412587236 0.1552545257344294 0.232553433006913 0.232553433006913 0.18981930412587236 
0.08743273708388473 0.07136605594891386 0.38491757550914385 0.38491757550914385 0.07136605594891386 
0.3264535747129339 0.1442932745717498 0.17641771690510538 0.17641771690510538 0.17641771690510538 
0.11784831186857353 0.3434948105199789 0.1795522925371492 0.1795522925371492 0.1795522925371492 
0.14746965352193114 0.22369961643069197 0.22369961643069197 0.22369961643069197 0.18143149718599266 
0.18188812442370433 0.27244750230518255 0.18188812442370433 0.18188812442370433 0.18188812442370433 
0.2137276688970563 0.26184430166078543 0.17480934314738608 0.17480934314738608 0.17480934314738608 
0.047657466189613404 0.31427012770184054 0.25256571814733536 0.25256571814733536 0.1329409698138756 
0.21571185274517785 0.17643222088223307 0.21571185274517785 0.21571185274517785 0.17643222088223307 
0.06930455607109841 0.373798738628917 0.1282451698741391 0.1282451698741391 0.3004063655517064 
0.18981930412587236 0.18981930412587236 0.232553433006913 0.232553433006913 0.15525452573442944 
0.00659363567542244 0.17629626752577568 0.36486185461889326 0.36486185461889326 0.08738638756101512 
