0.15388708122209765 0.19059006728465275 0.12453376799872605 0.2943956496401766 0.23659343385434695 
0.15420048366210765 0.18853059752140414 0.15420048366210765 0.34886795149227273 0.15420048366210765 
0.14320597184207143 0.21450608426018808 0.32399362733179565 0.1750883447238734 0.14320597184207143 
0.38925416233805255 0.2507996390359169 0.07088623989630155 0.08702594916271456 0.20203400956701453 
0.12305684986350422 0.3432682908068691 0.12305684986350422 0.18432501568247656 0.22629299378364578 
0.06664261690864624 0.09982297954508768 0.06664261690864624 0.08147946159305437 0.6854123250445652 
0.17643222088223307 0.21571185274517785 0.21571185274517785 0.21571185274517785 0.17643222088223307 
0.17643222088223307 0.21571185274517785 0.21571185274517785 0.21571185274517785 0.17643222088223307 
0.09225539750331367 0.778022537210101 0.025021872775134044 0.0737805228511271 0.030919669660324053 
0.17480934314738605 0.2137276688970563 0.26184430166078543 0.17480934314738605 0.17480934314738605 
0.07950831144806024 0.17988206705158663 0.09720948410296189 0.11909431105059821 0.524305826346793 
0.07533907718733653 0.4213614974305365 0.04096896397579513 0.4213614974305365 0.04096896397579513 
0.16138022639784086 0.37137679357273334 0.19812402800474452 0.16138022639784086 0.1077387256268405 
0.14320597184207143 0.21450608426018808 0.32399362733179565 0.1750883447238734 0.14320597184207143 
0.38925416233805255 0.2507996390359169 0.07088623989630155 0.08702594916271456 0.20203400956701453 
0.12305684986350422 0.3432682908068691 0.12305684986350422 0.18432501568247656 0.22629299378364578 
0.06664261690864624 0.09982297954508768 0.06664261690864624 0.08147946159305437 0.6854123250445652 
0.17643222088223307 0.21571185274517785 0.21571185274517785 0.21571185274517785 0.17643222088223307 
0.17643222088223307 0.21571185274517785 0.21571185274517785 0.21571185274517785 0.17643222088223307 
0.09225539750331367 0.778022537210101 0.025021872775134044 0.0737805228511271 0.030919669660324053 
0.16497393840375685 0.30337560614524467 0.16497393840375685 0.20170257864348454 0.16497393840375685 
0.14728603785505995 0.14728603785505995 0.14728603785505995 0.14728603785505995 0.4108558485797606 
0.16081299113549283 0.24087937523083602 0.16081299113549283 0.1966152672673423 0.24087937523083602 
0.10148774803347826 0.18779881474668209 0.18779881474668209 0.4399070892754561 0.08300753319770152 
0.30337560614524467 0.20170257864348456 0.16497393840375685 0.16497393840375685 0.16497393840375685 
0.1490824656421867 0.18227313987597063 0.33728878896368514 0.1490824656421867 0.18227313987597063 
0.2 0.2 0.2 0.2 0.2 
0.05842687097018048 0.0714346196179989 0.05842687097018048 0.05842687097018048 0.7532847674714594 
0.17126424110108873 0.3149430355956448 0.17126424110108873 0.17126424110108873 0.17126424110108873 
0.16497393840375685 0.30337560614524467 0.16497393840375685 0.20170257864348454 0.16497393840375685 
0.18789995867687906 0.28261544419331086 0.1536846797760521 0.18789995867687906 0.18789995867687906 
0.3607438470034735 0.15811284242942708 0.19370887739142592 0.12932159074624627 0.15811284242942708 
0.2 0.2 0.2 0.2 0.2 
9.353182714186936E-5 2.1713764964825986E-4 0.9995336130412638 9.353182714186936E-5 6.218565480416235E-5 
5.0180255841929595E-9 2.3995811949872214E-7 0.9999996100176587 1.4175755506110712E-7 3.248641190508014E-9 
1.0 1.868162660516715E-21 1.7269438853103394E-22 6.110027894055574E-22 2.608405330458998E-22 
3.372310442463999E-16 2.223130555401009E-16 3.372310442463999E-16 2.735111227791337E-16 0.9999999999999989 
0.036299392606877735 0.06760032224250624 0.06760032224250624 0.036299392606877735 0.7922005703012321 
3.135040108237815E-12 1.6942818945624497E-10 1.8570822904414492E-11 0.9999999998068083 2.0576689897716325E-12 
3.951972663593314E-15 0.999999999914676 1.0485759999105613E-14 8.530925142780494E-11 2.73511122755797E-16 
0.0020021122381243778 0.9706522767634334 0.0074884519816931835 0.018987149549668018 8.70009467080827E-4 
0.4623955838507782 0.17836995406286998 0.057605357859206216 0.28556501750500723 0.01606408672213854 
0.9308435263377769 0.010144800810243807 0.003400060032381944 0.003400060032381944 0.05221155278721545 
0.09622869027347285 0.33170155146668034 0.1441395165196938 0.33170155146668034 0.09622869027347285 
0.5192544260746097 0.3860984045311572 9.143652534931865E-4 0.09341552495974695 3.1727918099297984E-4 
0.21571185274517785 0.21571185274517785 0.1764322208822331 0.21571185274517785 0.1764322208822331 
0.06431974179264585 0.661521798113 0.06431974179264585 0.14551897650906234 0.06431974179264585 
0.17480934314738605 0.2137276688970563 0.26184430166078543 0.17480934314738605 0.17480934314738605 
0.2 0.2 0.2 0.2 0.2 
0.2 0.2 0.2 0.2 0.2 
0.16826091023203954 0.2520355018974585 0.20572133881923121 0.20572133881923121 0.16826091023203954 
0.19147430099047413 0.23410279603810327 0.19147430099047413 0.19147430099047413 0.19147430099047413 
0.5555400718003218 0.06454272832230408 0.2841456339029067 0.052682326027673726 0.043089239946793464 
0.731991240688043 0.08504285141651466 0.056775285546449096 0.06941533680254407 0.056775285546449096 
0.1561363376168924 0.292672287194578 0.08490605712136678 0.10380894600404747 0.362476372063115 
0.8657722883156705 0.033556927921082426 0.033556927921082426 0.033556927921082426 0.033556927921082426 
0.3607438470034735 0.15811284242942708 0.19370887739142592 0.12932159074624627 0.15811284242942708 
0.19147430099047413 0.19147430099047413 0.23410279603810327 0.19147430099047413 0.19147430099047413 
0.18665682115684684 0.18665682115684684 0.3596272960171682 0.08040224051229125 0.18665682115684684 
0.3341147125002827 0.22025867399849583 0.17940981229754868 0.14644138030274395 0.11977542090092873 
0.15420048366210765 0.18853059752140414 0.15420048366210765 0.15420048366210765 0.34886795149227273 
0.2 0.2 0.2 0.2 0.2 
0.16497393840375685 0.20170257864348456 0.30337560614524467 0.16497393840375685 0.16497393840375685 
0.6512838464233619 0.11644899753718965 0.07742238534648277 0.07742238534648277 0.07742238534648277 
0.09979917962550572 0.12201776881693455 0.14948769914047125 0.09979917962550572 0.528896172791583 
0.0974643312411927 0.12098962519505932 0.041982663977970305 0.1505486383487249 0.5890147412370529 
0.08201289974410157 0.366831535857381 0.23635255748433734 0.12440697985633979 0.19039602705784017 
0.12586693838450025 0.4338649795798895 0.12586693838450025 0.18853420526661 0.12586693838450025 
0.09863358059911856 0.5227189590471505 0.09863358059911856 0.18138029915549359 0.09863358059911856 
0.18591164548364794 0.45682450134226726 0.09718010617223319 0.2318911916874686 0.02819255531438297 
0.1442932745717498 0.17641771690510538 0.17641771690510538 0.17641771690510538 0.3264535747129339 
0.12695216383988092 0.15618888772289422 0.19257623299294127 0.45524684692584655 0.06903586851843692 
0.271145442749465 0.22085919299300535 0.18027400319000134 0.18027400319000134 0.14744735787752716 
0.49583674313361764 0.09448995471343703 0.1496477043441198 0.23958154575489873 0.02044405205392683 
