0.16266278950488544 0.13192759964103462 0.3090322291515452 0.3090322291515452 0.0873451525509896 
0.17126424110108873 0.3149430355956448 0.17126424110108873 0.17126424110108873 0.17126424110108873 
0.3117068479861904 0.20637139054013018 0.1377751854667747 0.1377751854667747 0.20637139054013018 
0.12218845010304673 0.08157398334519363 0.3482512619263031 0.3482512619263031 0.09973504269915341 
0.14491716155955217 0.14491716155955217 0.2664925875830114 0.2664925875830114 0.1771805017148727 
0.03947871318706724 0.08931786379673722 0.406034424374542 0.406034424374542 0.05913457426711144 
0.23410279603810327 0.19147430099047413 0.19147430099047413 0.19147430099047413 0.19147430099047413 
0.23410279603810327 0.19147430099047413 0.19147430099047413 0.19147430099047413 0.19147430099047413 
0.1241388470062737 0.5835522218954771 0.1241388470062737 0.1241388470062737 0.04403123708570143 
0.26184430166078543 0.17480934314738605 0.17480934314738605 0.17480934314738605 0.2137276688970563 
0.07230568742248537 0.05913932337058765 0.38998554043827105 0.38998554043827105 0.08858390833038504 
0.2 0.2 0.2 0.2 0.2 
0.2498236298095381 0.2498236298095381 0.16678424679364126 0.16678424679364126 0.16678424679364126 
0.3117068479861904 0.20637139054013018 0.1377751854667747 0.1377751854667747 0.20637139054013018 
0.12218845010304673 0.08157398334519363 0.3482512619263031 0.3482512619263031 0.09973504269915341 
0.14491716155955217 0.14491716155955217 0.2664925875830114 0.2664925875830114 0.1771805017148727 
0.03947871318706724 0.08931786379673722 0.406034424374542 0.406034424374542 0.05913457426711144 
0.23410279603810327 0.19147430099047413 0.19147430099047413 0.19147430099047413 0.19147430099047413 
0.23410279603810327 0.19147430099047413 0.19147430099047413 0.19147430099047413 0.19147430099047413 
0.1241388470062737 0.5835522218954771 0.1241388470062737 0.1241388470062737 0.04403123708570143 
0.17126424110108873 0.3149430355956448 0.17126424110108873 0.17126424110108873 0.17126424110108873 
0.11361502700103475 0.11361502700103475 0.31693023323676084 0.31693023323676084 0.13890947952440888 
0.14889176582436528 0.22302275006234462 0.22302275006234462 0.22302275006234462 0.1820399839886009 
0.3978113247766285 0.1743593961020298 0.14260975970711393 0.14260975970711393 0.14260975970711393 
0.19147430099047413 0.19147430099047413 0.19147430099047413 0.19147430099047413 0.23410279603810327 
0.28123904121609233 0.228594398482312 0.15198347758805578 0.15198347758805578 0.1861996051254842 
0.2 0.2 0.2 0.2 0.2 
0.034148988574755124 0.034148988574755124 0.4402753816997789 0.4402753816997789 0.05115125945093185 
0.08179782898668078 0.6728086840532764 0.08179782898668078 0.08179782898668078 0.08179782898668078 
0.19147430099047413 0.23410279603810327 0.19147430099047413 0.19147430099047413 0.19147430099047413 
0.18364575867622646 0.18364575867622646 0.22453136198566015 0.22453136198566015 0.18364575867622646 
0.1937088773914259 0.12932159074624627 0.15811284242942708 0.15811284242942708 0.3607438470034735 
0.2 0.2 0.2 0.2 0.2 
0.9977679068134038 4.965969763500331E-4 4.053420810131549E-4 4.053420810131549E-4 9.24812048220217E-4 
0.9999999990643167 7.351874926994001E-10 7.556157234620803E-11 7.556157234620803E-11 4.9372810735868636E-11 
0.13657307782585199 0.31428925874900654 0.206282292799645 0.206282292799645 0.13657307782585199 
1.686155221231997E-16 1.1115652777005029E-16 0.49999999999999856 0.49999999999999856 2.510775082324762E-15 
1.133721340950135E-15 7.473839070803046E-16 1.3285952833796411E-14 1.3285952833796411E-14 0.9999999999999716 
0.3530155918504446 0.5683430509677013 0.03095620692753621 0.03095620692753621 0.016728943326781622 
0.7710899844030628 0.17834805345775884 0.015639477052618804 0.015639477052618804 0.019283008033940924 
1.868162660516715E-21 1.0 1.7269438853103394E-22 1.7269438853103394E-22 1.7269438853103394E-22 
0.05264267017957129 0.890479509201381 0.014680169527224281 0.014680169527224281 0.027517481564599235 
0.0287463439386492 0.04419601807501477 0.44143080995566053 0.44143080995566053 0.04419601807501477 
0.18853420526661 0.4338649795798895 0.12586693838450025 0.12586693838450025 0.12586693838450025 
0.2511507191897425 0.4874059652887102 0.08714777184051561 0.08714777184051561 0.08714777184051561 
0.2 0.2 0.2 0.2 0.2 
0.2 0.2 0.2 0.2 0.2 
0.21915883938712738 0.2690579447148641 0.1463121882554405 0.1463121882554405 0.21915883938712738 
0.2 0.2 0.2 0.2 0.2 
0.19147430099047413 0.19147430099047413 0.19147430099047413 0.19147430099047413 0.23410279603810327 
0.23410279603810327 0.19147430099047413 0.19147430099047413 0.19147430099047413 0.19147430099047413 
0.2 0.2 0.2 0.2 0.2 
0.6190540037959132 0.13840253355218013 0.07526251479240481 0.07526251479240481 0.0920184330670969 
0.17480934314738605 0.26184430166078543 0.17480934314738605 0.17480934314738605 0.2137276688970563 
0.02269262799200436 0.7418209127647741 0.09687814681303411 0.09687814681303411 0.041730165617153474 
0.2 0.2 0.2 0.2 0.2 
0.24293505077651895 0.1621853765171327 0.19829319090211614 0.19829319090211614 0.19829319090211614 
0.23410279603810327 0.19147430099047413 0.19147430099047413 0.19147430099047413 0.19147430099047413 
0.42703260987779035 0.05191719611002151 0.22164210106647483 0.22164210106647483 0.07776599187923848 
0.20637139054013018 0.3117068479861904 0.1377751854667747 0.1377751854667747 0.20637139054013018 
0.12128003809683939 0.1482809749152202 0.27438771554350416 0.27438771554350416 0.1816635559009322 
0.2 0.2 0.2 0.2 0.2 
0.33466349362549 0.14792207871305224 0.14792207871305224 0.14792207871305224 0.22157027023535322 
0.22478382974577063 0.18347744683615302 0.18347744683615302 0.18347744683615302 0.22478382974577063 
0.09247085708072376 0.11352505252235227 0.3271672698553921 0.3271672698553921 0.13966955068613976 
0.03195888782726964 0.03195888782726964 0.4483816475695997 0.4483816475695997 0.039318929206261476 
0.026240200063879743 0.9223785298999791 0.02113804011491038 0.02113804011491038 0.009105189806320378 
0.2 0.2 0.2 0.2 0.2 
0.17480934314738605 0.26184430166078543 0.17480934314738605 0.17480934314738605 0.2137276688970563 
0.41600730602667685 0.22193374646944838 0.12068631583462498 0.12068631583462498 0.12068631583462498 
0.15340192717241763 0.1254685004751054 0.28386382259002957 0.28386382259002957 0.15340192717241763 
0.3855696292432333 0.16899390118640314 0.13822128419198018 0.13822128419198018 0.16899390118640314 
0.21571185274517785 0.21571185274517785 0.17643222088223307 0.17643222088223307 0.21571185274517785 
0.34799618431515816 0.5602619761978834 0.037625379631739723 0.037625379631739723 0.016491080223478803 
