0.09709779582995058 0.22541617989096327 0.14728955527243676 0.18200653621600832 0.34818993279064103 
0.1328928032303776 0.1328928032303776 0.3006607951544335 0.1328928032303776 0.3006607951544335 
0.2075590111955787 0.16976395521768495 0.2075590111955787 0.2075590111955787 0.2075590111955787 
0.10963218050897441 0.4903684820434981 0.05961735956350425 0.20550181661375805 0.13488016127026528 
0.20572133881923121 0.20572133881923121 0.1682609102320395 0.1682609102320395 0.2520355018974585 
0.35530299007479227 0.23422663694137164 0.12737112013147503 0.12737112013147503 0.155728132720886 
0.18364575867622646 0.18364575867622646 0.18364575867622646 0.22453136198566015 0.22453136198566015 
0.18364575867622646 0.18364575867622646 0.18364575867622646 0.22453136198566015 0.22453136198566015 
0.04966476733778128 0.3410120977045231 0.04966476733778128 0.21864626991539113 0.3410120977045231 
0.22453136198566015 0.18364575867622646 0.18364575867622646 0.22453136198566015 0.18364575867622646 
0.3024303120817228 0.20022968519625128 0.13367493401903027 0.16343538350674464 0.20022968519625128 
0.049849676700512574 0.07466908546562342 0.17183248628533712 0.06094785899109285 0.6427008925574341 
0.1524518403685391 0.18639264855290003 0.1524518403685391 0.22835533249813364 0.2803483382118881 
0.2075590111955787 0.16976395521768495 0.2075590111955787 0.2075590111955787 0.2075590111955787 
0.10963218050897441 0.4903684820434981 0.05961735956350425 0.20550181661375805 0.13488016127026528 
0.20572133881923121 0.20572133881923121 0.1682609102320395 0.1682609102320395 0.2520355018974585 
0.35530299007479227 0.23422663694137164 0.12737112013147503 0.12737112013147503 0.155728132720886 
0.18364575867622646 0.18364575867622646 0.18364575867622646 0.22453136198566015 0.22453136198566015 
0.18364575867622646 0.18364575867622646 0.18364575867622646 0.22453136198566015 0.22453136198566015 
0.04966476733778128 0.3410120977045231 0.04966476733778128 0.21864626991539113 0.3410120977045231 
0.19147430099047413 0.19147430099047413 0.19147430099047413 0.19147430099047413 0.23410279603810327 
0.26184430166078543 0.2137276688970563 0.17480934314738608 0.17480934314738608 0.17480934314738608 
0.22453136198566015 0.18364575867622646 0.18364575867622646 0.18364575867622646 0.22453136198566015 
0.0794562146269435 0.0794562146269435 0.27388660897832207 0.14611445606312 0.421086505704671 
0.1745442993828464 0.26252754417217034 0.1745442993828464 0.2138395576792909 0.1745442993828464 
0.22835533249813364 0.15245184036853912 0.1863926485529 0.28034833821188815 0.15245184036853912 
0.2 0.2 0.2 0.2 0.2 
0.35530299007479227 0.23422663694137164 0.12737112013147503 0.12737112013147503 0.155728132720886 
0.19147430099047413 0.19147430099047413 0.19147430099047413 0.19147430099047413 0.23410279603810327 
0.19147430099047413 0.19147430099047413 0.19147430099047413 0.19147430099047413 0.23410279603810327 
0.2075590111955787 0.2075590111955787 0.16976395521768498 0.2075590111955787 0.2075590111955787 
0.245843647896077 0.245843647896077 0.1998246067419937 0.1998246067419937 0.1086634907238581 
0.2 0.2 0.2 0.2 0.2 
0.24387245456600376 0.19822239763321575 0.16146035253434876 0.19822239763321575 0.19822239763321575 
4.883331531832493E-6 2.1220312141784416E-6 2.8927057367753786E-5 0.9997001557984138 2.6391178147256074E-4 
1.909539238174098E-15 0.9999999969756854 2.344312025982043E-15 3.0243033688958267E-9 6.756060871046011E-15 
0.9802643200459734 0.018752130695104893 2.3961168306042938E-4 4.491440006227692E-4 2.9479357523847486E-4 
0.9999279729528904 1.6342362563829102E-9 7.202095270819253E-5 2.4580122782714615E-9 2.002152802721244E-9 
2.6495678009335633E-11 4.001952138778193E-11 6.063323544898067E-4 2.280568430606291E-10 0.9993936673509382 
5.019656153294067E-7 2.320024823604766E-6 5.882478567321427E-6 1.5607966883235153E-5 0.9999756875641106 
0.026028837114203666 0.04847347710673501 0.17872123078228183 0.17872123078228183 0.5680552242144978 
0.02996811026902832 0.2771742937036133 0.13850900862013174 0.2771742937036133 0.2771742937036133 
0.010011118293622556 0.9185773904609859 0.002202206627135601 0.06585402867718125 0.0033552559410750765 
0.11384557301975466 0.11384557301975466 0.2093540959014545 0.17052758180892091 0.3924271762501153 
9.856666183956043E-4 0.5058220524678314 0.010944494541493807 0.09985049689091922 0.3823972894813602 
0.17643222088223307 0.21571185274517785 0.17643222088223307 0.21571185274517785 0.21571185274517785 
0.14728603785505995 0.14728603785505995 0.14728603785505995 0.14728603785505995 0.4108558485797606 
0.20572133881923121 0.1682609102320395 0.20572133881923121 0.2520355018974585 0.1682609102320395 
0.2 0.2 0.2 0.2 0.2 
0.23410279603810327 0.19147430099047413 0.19147430099047413 0.19147430099047413 0.19147430099047413 
0.18364575867622646 0.18364575867622646 0.18364575867622646 0.22453136198566015 0.22453136198566015 
0.2 0.2 0.2 0.2 0.2 
0.04351488603576473 0.29274639360051563 0.04351488603576473 0.5767089482921899 0.04351488603576473 
0.07670375615825206 0.5160245156677223 0.06273653430160057 0.26783143771417284 0.07670375615825206 
0.26717377336923315 0.26717377336923315 0.14438251183547152 0.17688742959059084 0.14438251183547152 
0.03876257376035103 0.6280982064715961 0.03876257376035103 0.2556140722473512 0.03876257376035103 
0.15340192717241763 0.28386382259002957 0.1254685004751054 0.28386382259002957 0.15340192717241763 
0.2 0.2 0.2 0.2 0.2 
0.12037193760079763 0.3468992730419796 0.06545757871444523 0.3468992730419796 0.12037193760079763 
0.17688742959059084 0.26717377336923315 0.14438251183547152 0.26717377336923315 0.14438251183547152 
0.28261544419331086 0.18789995867687906 0.18789995867687906 0.1536846797760521 0.18789995867687906 
0.2 0.2 0.2 0.2 0.2 
0.19455677292453688 0.15912933433150755 0.19455677292453688 0.292627785487911 0.15912933433150755 
0.09112575089458695 0.5003944049478238 0.0743804397944273 0.25971896456873467 0.0743804397944273 
0.3483441755517256 0.18705061708597023 0.1526781071880302 0.18705061708597023 0.12487648308830357 
0.18531797429097682 0.2862520917730259 0.12108892108148575 0.12108892108148575 0.2862520917730259 
0.17404723682532972 0.14146763990361028 0.14146763990361028 0.32842243938379667 0.2145950439836527 
0.17126424110108873 0.17126424110108873 0.17126424110108873 0.17126424110108873 0.3149430355956448 
0.19455677292453688 0.15912933433150755 0.19455677292453688 0.15912933433150755 0.292627785487911 
0.0452756999622528 0.2399432993372585 0.10243314627223393 0.2399432993372585 0.3724045550909963 
0.24293505077651895 0.19829319090211614 0.1621853765171327 0.19829319090211614 0.19829319090211614 
0.08108302580650423 0.09933729394238473 0.28312281514827864 0.18499574232356186 0.3514611227792704 
0.18347744683615302 0.22478382974577063 0.18347744683615302 0.22478382974577063 0.18347744683615302 
0.010350550177110346 0.2870272310559803 0.05683747289774461 0.46750318216235415 0.17828156370681028 
