0.18811219924081246 0.2335174744537212 0.29056820163681607 0.09968992542783783 0.18811219924081246 
0.12085214613704867 0.3371182481172066 0.273419639517236 0.12085214613704867 0.14775782009145993 
0.11123885973062154 0.11123885973062154 0.13600429904337102 0.47489495655129726 0.16662302494408862 
0.4128945704331064 0.05019834057186739 0.09231125925601884 0.11357028089479489 0.33102554884421226 
0.16280005992887628 0.13315529845707294 0.19945133085666558 0.13315529845707294 0.3714380123003122 
0.2803483382118882 0.1524518403685391 0.1863926485529 0.1524518403685391 0.22835533249813364 
0.19147430099047413 0.19147430099047413 0.19147430099047413 0.19147430099047413 0.23410279603810327 
0.19147430099047413 0.19147430099047413 0.19147430099047413 0.19147430099047413 0.23410279603810327 
0.07816191205762339 0.017474738213023724 0.06266391396343066 0.017474738213023724 0.8242246975528985 
0.19147430099047413 0.19147430099047413 0.19147430099047413 0.19147430099047413 0.23410279603810327 
0.23422663694137166 0.12737112013147503 0.15572813272088598 0.12737112013147503 0.35530299007479227 
0.03890487205388924 0.13764769978105484 0.26713166579017195 0.025973202723288444 0.5303425596515955 
0.13575064670952777 0.11103139572703344 0.16631226771474833 0.20417901946065325 0.38272667038803715 
0.11123885973062154 0.11123885973062154 0.13600429904337102 0.47489495655129726 0.16662302494408862 
0.4128945704331064 0.05019834057186739 0.09231125925601884 0.11357028089479489 0.33102554884421226 
0.16280005992887628 0.13315529845707294 0.19945133085666558 0.13315529845707294 0.3714380123003122 
0.2803483382118882 0.1524518403685391 0.1863926485529 0.1524518403685391 0.22835533249813364 
0.19147430099047413 0.19147430099047413 0.19147430099047413 0.19147430099047413 0.23410279603810327 
0.19147430099047413 0.19147430099047413 0.19147430099047413 0.19147430099047413 0.23410279603810327 
0.07816191205762339 0.017474738213023724 0.06266391396343066 0.017474738213023724 0.8242246975528985 
0.17480934314738605 0.17480934314738605 0.2137276688970563 0.17480934314738605 0.26184430166078543 
0.27244750230518255 0.18188812442370433 0.18188812442370433 0.18188812442370433 0.18188812442370433 
0.18188812442370433 0.18188812442370433 0.18188812442370433 0.18188812442370433 0.27244750230518255 
0.05562287571793886 0.36679684533522283 0.36679684533522283 0.05562287571793886 0.15516055789367703 
0.30337560614524467 0.16497393840375685 0.16497393840375685 0.16497393840375685 0.20170257864348454 
0.19147430099047413 0.19147430099047413 0.19147430099047413 0.19147430099047413 0.23410279603810327 
0.2 0.2 0.2 0.2 0.2 
0.23194404671652205 0.10251983317254185 0.10251983317254185 0.4376721573559811 0.12534412958241298 
0.19147430099047413 0.19147430099047413 0.19147430099047413 0.19147430099047413 0.23410279603810327 
0.16497393840375685 0.16497393840375685 0.20170257864348456 0.16497393840375685 0.30337560614524467 
0.19455677292453688 0.15912933433150755 0.19455677292453688 0.15912933433150755 0.292627785487911 
0.28386382259002957 0.15340192717241763 0.1254685004751054 0.28386382259002957 0.15340192717241763 
0.0024012798765576638 0.0024012798765576638 0.0024012798765576638 0.9903948804937693 0.0024012798765576638 
2.9850076299243575E-12 2.4364812155055022E-12 2.9850076299243575E-12 0.999999999983086 8.507618134971988E-12 
0.002744403400922596 0.10096765193553298 0.2780149374413183 0.002744403400922596 0.6155286038213035 
0.9999999999741265 2.057668990115918E-12 3.8827658600318155E-12 1.3623185165965305E-12 1.8570822907521728E-11 
0.9918156453277731 0.0023777887521719515 0.0023777887521719515 0.001050988415711081 0.0023777887521719515 
0.030216513760285738 0.807909149945311 0.037019174845332854 0.05591438946981626 0.06894077197925413 
2.72327793187157E-16 0.9956735595249168 0.0043264404748815976 1.2036954740173145E-16 2.0115684379551096E-13 
1.0287440995205246E-22 8.900593657779981E-22 1.2436753036865544E-18 2.7504498347368525E-23 1.0 
0.023348626967725612 0.2662609597875214 0.4286710551395089 0.015458398317722527 0.2662609597875214 
0.20183364611745816 0.25502577520933734 0.3231296940644846 0.01817723849126218 0.20183364611745816 
0.9775139196065646 0.0025196382560138406 0.0038220888023621164 0.0020523497139197954 0.014092003621139548 
0.08559052726067354 0.2387556160800412 0.2950316646993059 0.08559052726067354 0.2950316646993059 
0.06335343374911749 0.007916386388632827 0.04826062771288713 1.752692979712842E-4 0.8802942828513912 
0.2137276688970563 0.17480934314738605 0.17480934314738605 0.17480934314738605 0.26184430166078543 
0.05508060609164018 0.05508060609164018 0.12461606966324537 0.05508060609164018 0.710142112061834 
0.19147430099047413 0.19147430099047413 0.19147430099047413 0.23410279603810322 0.19147430099047413 
0.2 0.2 0.2 0.2 0.2 
0.2 0.2 0.2 0.2 0.2 
0.17480934314738605 0.17480934314738605 0.2137276688970563 0.17480934314738605 0.26184430166078543 
0.19147430099047413 0.19147430099047413 0.19147430099047413 0.19147430099047413 0.23410279603810327 
0.5828040584771187 0.08837927077305253 0.10805541157614426 0.08837927077305253 0.13238198840063212 
0.635362447604648 0.0772452408322491 0.09444257932225517 0.0772452408322491 0.11570449140859852 
0.3553029900747922 0.12737112013147503 0.155728132720886 0.12737112013147503 0.23422663694137166 
0.6394617113623432 0.049598436757921034 0.049598436757921034 0.2117429783638936 0.049598436757921034 
0.3488679514922727 0.15420048366210765 0.15420048366210765 0.15420048366210765 0.18853059752140414 
0.18188812442370433 0.18188812442370433 0.18188812442370433 0.27244750230518255 0.18188812442370433 
0.24854683558445037 0.04689912985930821 0.07024950546353391 0.3857576935082575 0.24854683558445037 
0.32399362733179565 0.14320597184207143 0.17508834472387344 0.14320597184207143 0.21450608426018808 
0.22453136198566015 0.18364575867622646 0.18364575867622646 0.18364575867622646 0.22453136198566015 
0.2 0.2 0.2 0.2 0.2 
0.19147430099047413 0.19147430099047413 0.19147430099047413 0.19147430099047413 0.23410279603810327 
0.5657515444556032 0.08579334376697288 0.10489377192350073 0.08579334376697288 0.1577679960869503 
0.26184430166078543 0.2137276688970563 0.17480934314738608 0.17480934314738608 0.17480934314738608 
0.29886090846717117 0.15511733330683153 0.23960256040579989 0.06681663741439764 0.23960256040579989 
0.16219344266180166 0.19954613327619203 0.24603442162168374 0.08819987657930156 0.30402612586102107 
0.12586693838450025 0.12586693838450025 0.18853420526661 0.12586693838450025 0.43386497957988945 
0.10206696355883603 0.10206696355883603 0.15288457879031797 0.10206696355883603 0.5409145305331741 
0.09951360255211356 0.08034971631427605 0.1537140528294621 0.06502334601956601 0.6013992822845824 
0.19661526726734233 0.16081299113549277 0.16081299113549277 0.24087937523083602 0.24087937523083602 
0.07828557191065527 0.34464770911020964 0.34464770911020964 0.05226407188096024 0.1801549379879652 
0.24087937523083602 0.16081299113549283 0.1966152672673423 0.16081299113549283 0.24087937523083602 
0.3115942643916574 0.24592159212519635 0.3115942643916574 0.032856258304386064 0.09803362078710283 
