0.17628880541462436 0.17628880541462436 0.3349193916910426 0.094661923903067 0.2178410735766415 
0.14320597184207143 0.32399362733179565 0.21450608426018808 0.17508834472387344 0.14320597184207143 
0.4108397671130334 0.14572217824025804 0.14572217824025804 0.178528695861963 0.11918718054448732 
0.11258753503291603 0.061224464634966676 0.26137619122587247 0.061224464634966676 0.5035873444712781 
0.15968239858692226 0.15968239858692226 0.3612704056523108 0.15968239858692226 0.15968239858692226 
0.19147430099047413 0.19147430099047413 0.23410279603810327 0.19147430099047413 0.19147430099047413 
0.22453136198566015 0.18364575867622646 0.22453136198566015 0.18364575867622646 0.18364575867622646 
0.22453136198566015 0.18364575867622646 0.22453136198566015 0.18364575867622646 0.18364575867622646 
0.04865519228791339 0.026126412842919326 0.7245017711533966 0.021325410857300806 0.17939121285847004 
0.21571185274517785 0.17643222088223307 0.21571185274517785 0.21571185274517785 0.17643222088223307 
0.18853059752140414 0.15420048366210765 0.34886795149227273 0.15420048366210765 0.15420048366210765 
0.041688280792565674 0.1437000480581682 0.6755055677824443 0.06244425254984611 0.07666185081697562 
0.2262929937836458 0.12305684986350422 0.34326829080686916 0.12305684986350422 0.18432501568247658 
0.4108397671130334 0.14572217824025804 0.14572217824025804 0.178528695861963 0.11918718054448732 
0.11258753503291603 0.061224464634966676 0.26137619122587247 0.061224464634966676 0.5035873444712781 
0.15968239858692226 0.15968239858692226 0.3612704056523108 0.15968239858692226 0.15968239858692226 
0.19147430099047413 0.19147430099047413 0.23410279603810327 0.19147430099047413 0.19147430099047413 
0.22453136198566015 0.18364575867622646 0.22453136198566015 0.18364575867622646 0.18364575867622646 
0.22453136198566015 0.18364575867622646 0.22453136198566015 0.18364575867622646 0.18364575867622646 
0.04865519228791339 0.026126412842919326 0.7245017711533966 0.021325410857300806 0.17939121285847004 
0.18188812442370433 0.18188812442370433 0.27244750230518255 0.18188812442370433 0.18188812442370433 
0.2 0.2 0.2 0.2 0.2 
0.18364575867622646 0.18364575867622646 0.22453136198566015 0.22453136198566015 0.18364575867622646 
0.16055656062344129 0.3009578458094536 0.3009578458094536 0.13077996830575803 0.10674777945189327 
0.1536846797760521 0.18789995867687906 0.18789995867687906 0.18789995867687906 0.28261544419331086 
0.22478382974577063 0.18347744683615302 0.18347744683615302 0.22478382974577063 0.18347744683615302 
0.2 0.2 0.2 0.2 0.2 
0.19147430099047413 0.19147430099047413 0.23410279603810327 0.19147430099047413 0.19147430099047413 
0.19147430099047413 0.19147430099047413 0.23410279603810327 0.19147430099047413 0.19147430099047413 
0.18188812442370433 0.18188812442370433 0.27244750230518255 0.18188812442370433 0.18188812442370433 
0.16497393840375685 0.16497393840375685 0.30337560614524467 0.16497393840375685 0.20170257864348454 
0.184771921319848 0.184771921319848 0.1228476259666093 0.2802841597526709 0.22732437164102345 
0.2 0.2 0.2 0.2 0.2 
0.999999827519314 2.6987058199337065E-8 6.210405925025168E-8 5.0257971267177405E-8 3.3131597307776855E-8 
0.9967638684706952 1.8723360624475603E-4 0.0028915290458865184 3.9146582668844984E-5 1.1822229450455099E-4 
1.0077021596431433E-19 1.2371404809248075E-19 8.673617379884357E-19 1.0077021596431433E-19 1.0 
0.184771921319848 0.184771921319848 0.22732437164102345 0.1228476259666093 0.2802841597526709 
1.1337213409253372E-15 2.189871120715889E-11 9.1950430473592E-16 0.9999999999780986 6.087751462694672E-16 
1.9112447108463693E-7 0.9934781845488548 0.006520320544215707 1.2038774936973887E-6 9.990496476860354E-8 
2.3060456232186037E-12 2.3060456232186037E-12 0.9999999999926166 4.651850724777045E-13 2.3060456232186037E-12 
0.11645068304960081 0.18162254366944303 0.5772768815151936 0.04926038263105185 0.07538950913471076 
0.04218765607951785 0.1274063062842731 0.2549563621134523 0.05237063274242882 0.5230790427803277 
0.003832461927352044 0.00310831693179603 0.009059872972249488 0.003832461927352044 0.9801668862412505 
0.14003019650438117 0.21061577907857182 0.3947921587186287 0.14003019650438117 0.11453166919403689 
6.535016071756605E-4 0.0038711028234439467 0.5705683509601108 6.535016071756605E-4 0.424253543002094 
0.18364575867622646 0.18364575867622646 0.22453136198566015 0.18364575867622646 0.22453136198566015 
0.09438991265851776 0.09438991265851776 0.6224403493659293 0.09438991265851776 0.09438991265851776 
0.20572133881923121 0.20572133881923121 0.16826091023203954 0.2520355018974585 0.16826091023203954 
0.2 0.2 0.2 0.2 0.2 
0.19147430099047413 0.19147430099047413 0.19147430099047413 0.23410279603810322 0.19147430099047413 
0.22453136198566015 0.18364575867622646 0.22453136198566015 0.18364575867622646 0.18364575867622646 
0.19147430099047413 0.19147430099047413 0.23410279603810327 0.19147430099047413 0.19147430099047413 
0.16994639026653305 0.060278873069496836 0.07384949035954672 0.060278873069496836 0.6356463732349267 
0.06664261690864624 0.06664261690864624 0.09982297954508768 0.08147946159305437 0.6854123250445652 
0.1416965754677335 0.1732429069302145 0.2122451819968885 0.2122451819968885 0.2605701536082752 
0.033556927921082426 0.033556927921082426 0.033556927921082426 0.033556927921082426 0.8657722883156702 
0.16394876852584983 0.1340948351878152 0.16394876852584983 0.16394876852584983 0.374058859234635 
0.23410279603810327 0.19147430099047413 0.19147430099047413 0.19147430099047413 0.19147430099047413 
0.5142176467080043 0.04999736419242098 0.1723415669977422 0.04999736419242098 0.21344605790941135 
0.1536879733092038 0.1536879733092038 0.1536879733092038 0.18828783494659718 0.3506482451257912 
0.17643222088223307 0.21571185274517785 0.21571185274517785 0.21571185274517785 0.17643222088223307 
0.2 0.2 0.2 0.2 0.2 
0.22478382974577063 0.18347744683615302 0.18347744683615302 0.22478382974577063 0.18347744683615302 
0.07609602059384815 0.07609602059384815 0.11445404678590823 0.09322756138400648 0.6401263506423888 
0.19455677292453688 0.19455677292453688 0.15912933433150755 0.292627785487911 0.15912933433150755 
0.10823717155009463 0.16418709328355724 0.38813541713633487 0.08816365902371989 0.2512766590062934 
0.24443078230860452 0.16113627440354852 0.30204449969497343 0.13125216918932486 0.16113627440354852 
0.14728603785505995 0.14728603785505995 0.4108558485797606 0.14728603785505995 0.14728603785505995 
0.12670611330818268 0.15491507344393937 0.4367576264957556 0.15491507344393937 0.12670611330818268 
0.139732442653806 0.07405110803141018 0.5303604979592133 0.040017718980968196 0.2158382323746025 
0.22453136198566015 0.18364575867622646 0.22453136198566015 0.18364575867622646 0.18364575867622646 
0.13083739000688768 0.30374391498966846 0.30374391498966846 0.13083739000688768 0.13083739000688768 
0.1745442993828464 0.1745442993828464 0.2138395576792909 0.1745442993828464 0.26252754417217034 
0.11841786616011472 0.09446491565080298 0.14882833447959867 0.01689024653441273 0.6213986371750709 
