0.1400335537413436 0.11357416573594677 0.2660404472370148 0.2660404472370148 0.2143113860486798 
0.236378199630766 0.2901978891013846 0.1578079704226164 0.1578079704226164 0.1578079704226164 
0.26184430166078543 0.2137276688970563 0.17480934314738608 0.17480934314738608 0.17480934314738608 
0.05123898769873826 0.034207556652338836 0.28136616168242784 0.28136616168242784 0.351821132284067 
0.21571185274517785 0.17643222088223307 0.21571185274517785 0.21571185274517785 0.17643222088223307 
0.19074888654220185 0.10372816542122544 0.28935073579545867 0.28935073579545867 0.12682147644565533 
0.2 0.2 0.2 0.2 0.2 
0.2 0.2 0.2 0.2 0.2 
0.5365758903311468 0.024586423737500033 0.13501023316837454 0.13501023316837454 0.1688172195946045 
0.19147430099047413 0.23410279603810327 0.19147430099047413 0.19147430099047413 0.19147430099047413 
0.157810104148752 0.12907397900620568 0.29202096891941826 0.29202096891941826 0.12907397900620568 
0.2057875695456388 0.2531798641500116 0.16762249837935542 0.16762249837935542 0.2057875695456388 
0.271145442749465 0.14744735787752714 0.18027400319000134 0.18027400319000134 0.22085919299300535 
0.26184430166078543 0.2137276688970563 0.17480934314738608 0.17480934314738608 0.17480934314738608 
0.05123898769873826 0.034207556652338836 0.28136616168242784 0.28136616168242784 0.351821132284067 
0.21571185274517785 0.17643222088223307 0.21571185274517785 0.21571185274517785 0.17643222088223307 
0.19074888654220185 0.10372816542122544 0.28935073579545867 0.28935073579545867 0.12682147644565533 
0.2 0.2 0.2 0.2 0.2 
0.2 0.2 0.2 0.2 0.2 
0.5365758903311468 0.024586423737500033 0.13501023316837454 0.13501023316837454 0.1688172195946045 
0.3149430355956448 0.17126424110108873 0.17126424110108873 0.17126424110108873 0.17126424110108873 
0.16678424679364126 0.16678424679364126 0.2498236298095381 0.2498236298095381 0.16678424679364126 
0.24293505077651895 0.19829319090211614 0.19829319090211614 0.19829319090211614 0.1621853765171327 
0.18853059752140414 0.34886795149227273 0.15420048366210765 0.15420048366210765 0.15420048366210765 
0.1416965754677335 0.1732429069302145 0.2122451819968885 0.2122451819968885 0.2605701536082752 
0.26184430166078543 0.2137276688970563 0.17480934314738608 0.17480934314738608 0.17480934314738608 
0.2 0.2 0.2 0.2 0.2 
0.11361502700103475 0.11361502700103475 0.31693023323676084 0.31693023323676084 0.13890947952440888 
0.5698741772005067 0.10753145569987334 0.10753145569987334 0.10753145569987334 0.10753145569987334 
0.27244750230518255 0.18188812442370433 0.18188812442370433 0.18188812442370433 0.18188812442370433 
0.2075590111955787 0.16976395521768495 0.2075590111955787 0.2075590111955787 0.2075590111955787 
0.10745407521438716 0.19760057568098308 0.19760057568098308 0.19760057568098308 0.29974419774266353 
0.2 0.2 0.2 0.2 0.2 
0.2531798641500116 0.2057875695456388 0.16762249837935542 0.16762249837935542 0.2057875695456388 
0.8297774073913914 0.12334112428712479 0.0175924635749167 0.0175924635749167 0.01169654117165049 
4.69397589983227E-28 2.021925461486777E-28 4.687281420683476E-19 4.687281420683476E-19 1.0 
6.47466383612962E-5 5.2738818519250455E-5 0.4998251674702067 0.4998251674702067 2.3217960270613842E-4 
1.3602497898874638E-7 0.999999592661951 9.043768999944037E-8 9.043768999944037E-8 9.043768999944037E-8 
6.219605634618867E-4 0.9993156429954003 2.0798813712476258E-5 2.0798813712476258E-5 2.0798813712476258E-5 
0.9919036344715039 0.002692154229736347 0.0013560285345116843 0.0013560285345116843 0.002692154229736347 
0.9999999999996132 1.8346703746982553E-13 6.294499942114765E-14 6.294499942114765E-14 7.760930403559465E-14 
0.14489782979962684 0.09197013000157231 0.14489782979962684 0.14489782979962684 0.47333638059954714 
0.002261234472147259 9.65333735432685E-4 0.23101753316382642 0.23101753316382642 0.5347383654647672 
0.41600730602667685 0.22193374646944838 0.12068631583462498 0.12068631583462498 0.12068631583462498 
0.0071182002144857485 0.0022395243438641872 0.05268464704823094 0.05268464704823094 0.8852729813451883 
0.17643222088223307 0.17643222088223307 0.21571185274517785 0.21571185274517785 0.21571185274517785 
0.3149430355956448 0.17126424110108873 0.17126424110108873 0.17126424110108873 0.17126424110108873 
0.26184430166078543 0.2137276688970563 0.17480934314738608 0.17480934314738608 0.17480934314738608 
0.2 0.2 0.2 0.2 0.2 
0.19147430099047413 0.23410279603810327 0.19147430099047413 0.19147430099047413 0.19147430099047413 
0.2 0.2 0.2 0.2 0.2 
0.2 0.2 0.2 0.2 0.2 
0.06925365406096917 0.046044046790939645 0.19958175242575613 0.19958175242575613 0.4855387942965793 
0.05714390779909456 0.046643116264530354 0.20217846891131785 0.20217846891131785 0.49185603811373996 
0.692564922073325 0.041469196819873 0.09461443715188676 0.09461443715188676 0.0767370068030283 
0.018096356683771977 0.018096356683771977 0.18611913044265022 0.18611913044265022 0.5915690257471556 
0.10485472376339543 0.12819884383353883 0.23722657552605939 0.23722657552605939 0.29249328135094665 
0.2 0.2 0.2 0.2 0.2 
0.08625269731471193 0.05758298831268086 0.30516705899550145 0.30516705899550145 0.24583019638160417 
0.22732437164102345 0.1228476259666093 0.184771921319848 0.184771921319848 0.2802841597526709 
0.18981930412587236 0.18981930412587236 0.232553433006913 0.232553433006913 0.15525452573442944 
0.2 0.2 0.2 0.2 0.2 
0.19147430099047413 0.23410279603810327 0.19147430099047413 0.19147430099047413 0.19147430099047413 
0.052407458454605184 0.052407458454605184 0.22716448982082732 0.22716448982082732 0.4408561034491348 
0.19519899151366593 0.19519899151366593 0.239642807079795 0.239642807079795 0.13031640281307827 
0.0744361347711933 0.0744361347711933 0.33838284806349544 0.33838284806349544 0.17436203433062242 
0.9168936989842358 0.019439453108467643 0.023916304118946526 0.023916304118946526 0.01583423966940344 
0.27244750230518255 0.18188812442370433 0.18188812442370433 0.18188812442370433 0.18188812442370433 
0.34886795149227273 0.18853059752140414 0.15420048366210765 0.15420048366210765 0.15420048366210765 
0.15397348959097013 0.10150405049343525 0.19026591164396325 0.19026591164396325 0.363990636627668 
0.16678424679364126 0.16678424679364126 0.2498236298095381 0.2498236298095381 0.16678424679364126 
0.1536879733092038 0.3506482451257912 0.1536879733092038 0.1536879733092038 0.18828783494659718 
0.19825833287944997 0.16182628782441608 0.19825833287944997 0.19825833287944997 0.24339871353723436 
0.2078921997423763 0.033702907539355835 0.16407612909970912 0.16407612909970912 0.4302526345188494 
