0.3974610559821844 0.2077616360136729 0.09028194662924142 0.16813197815494846 0.13636338321995284 
0.41085584857976054 0.14728603785505995 0.14728603785505995 0.14728603785505995 0.14728603785505995 
0.1621853765171327 0.19829319090211614 0.24293505077651895 0.19829319090211614 0.19829319090211614 
0.10878220149526002 0.3798418080605808 0.10878220149526002 0.20129689447444946 0.20129689447444946 
0.18981930412587236 0.15525452573442938 0.18981930412587236 0.232553433006913 0.232553433006913 
0.08917389409095446 0.08917389409095446 0.13357224278871696 0.38069639209162315 0.3073835769377507 
0.2 0.2 0.2 0.2 0.2 
0.2 0.2 0.2 0.2 0.2 
0.20280996243531946 0.4839451789841178 0.07193536716899308 0.1331133753036661 0.10819611610790356 
0.16976395521768495 0.2075590111955787 0.2075590111955787 0.2075590111955787 0.2075590111955787 
0.12010531944583923 0.12010531944583923 0.14714469894484727 0.33861723771936475 0.27402742444410905 
0.6464801861937032 0.11772911891673984 0.0785968982965189 0.0785968982965189 0.0785968982965189 
0.2137276688970563 0.26184430166078543 0.17480934314738608 0.17480934314738608 0.17480934314738608 
0.1621853765171327 0.19829319090211614 0.24293505077651895 0.19829319090211614 0.19829319090211614 
0.10878220149526002 0.3798418080605808 0.10878220149526002 0.20129689447444946 0.20129689447444946 
0.18981930412587236 0.15525452573442938 0.18981930412587236 0.232553433006913 0.232553433006913 
0.08917389409095446 0.08917389409095446 0.13357224278871696 0.38069639209162315 0.3073835769377507 
0.2 0.2 0.2 0.2 0.2 
0.2 0.2 0.2 0.2 0.2 
0.20280996243531946 0.4839451789841178 0.07193536716899308 0.1331133753036661 0.10819611610790356 
0.2 0.2 0.2 0.2 0.2 
0.14491716155955217 0.14491716155955217 0.17718050171487273 0.2664925875830114 0.2664925875830114 
0.17643222088223307 0.17643222088223307 0.21571185274517785 0.21571185274517785 0.21571185274517785 
0.5767680613748737 0.16084011107319177 0.08746394251731147 0.08746394251731147 0.08746394251731147 
0.1621853765171327 0.24293505077651895 0.19829319090211614 0.19829319090211614 0.19829319090211614 
0.14303000076162423 0.21424249980959395 0.21424249980959395 0.21424249980959395 0.21424249980959395 
0.2 0.2 0.2 0.2 0.2 
0.08166930413595905 0.08166930413595905 0.1223312296904667 0.43281500463377826 0.28151515740383726 
0.2 0.2 0.2 0.2 0.2 
0.2 0.2 0.2 0.2 0.2 
0.17643222088223307 0.21571185274517785 0.17643222088223307 0.21571185274517785 0.21571185274517785 
0.10745407521438716 0.19760057568098308 0.2997441977426636 0.19760057568098308 0.19760057568098308 
0.2 0.2 0.2 0.2 0.2 
0.12830742113008545 0.19298385732130155 0.2927410069060099 0.19298385732130155 0.19298385732130155 
0.010029238506917228 0.9892959321144328 1.9439626100172883E-4 2.4021655882403833E-4 2.4021655882403833E-4 
3.728875685466625E-9 0.9999999893524486 2.0022970009436335E-9 2.4581893082167568E-9 2.4581893082167568E-9 
4.923427584923358E-7 6.083907303438919E-7 7.331246343277865E-6 0.9808058030379239 0.019185764982244 
4.969063345867752E-16 7.473839029055193E-16 0.9999999944141071 9.143305454493606E-11 5.4944584739061095E-9 
1.0 1.1857676749845153E-21 1.4095998598493875E-22 2.120142512703933E-22 1.7269438853103394E-22 
0.9755284058846123 0.021929846729300907 9.0419867885355E-4 7.333500283797903E-4 9.0419867885355E-4 
0.7655767149720888 0.15160040957885215 0.027607625149686295 0.027607625149686295 0.027607625149686295 
0.43934601749980273 0.43934601749980273 0.04632712435885045 0.037490420320771975 0.037490420320771975 
0.012243302433408921 0.7788093997138603 0.02867917746906426 0.11049794810838758 0.06977017227527899 
0.44943574140873904 0.1594119178805977 0.13038411357022106 0.13038411357022106 0.13038411357022106 
0.3666414928783886 0.6249986274277862 0.0027866265646084142 0.0027866265646084142 0.0027866265646084142 
0.19147430099047413 0.23410279603810327 0.19147430099047413 0.19147430099047413 0.19147430099047413 
0.23410279603810327 0.19147430099047413 0.19147430099047413 0.19147430099047413 0.19147430099047413 
0.1621853765171327 0.19829319090211614 0.24293505077651895 0.19829319090211614 0.19829319090211614 
0.2 0.2 0.2 0.2 0.2 
0.18364575867622646 0.18364575867622646 0.22453136198566015 0.18364575867622646 0.22453136198566015 
0.19147430099047413 0.23410279603810327 0.19147430099047413 0.19147430099047413 0.19147430099047413 
0.2 0.2 0.2 0.2 0.2 
0.047911933098090616 0.7763519376589846 0.05857870974764153 0.05857870974764153 0.05857870974764153 
0.10032602581147039 0.5316882491638755 0.12266190834155136 0.12266190834155136 0.12266190834155136 
0.10084879204899691 0.15105989789767246 0.1854539190426661 0.28131869550533223 0.28131869550533223 
0.08179782898668078 0.6728086840532764 0.08179782898668078 0.08179782898668078 0.08179782898668078 
0.1442932745717498 0.3264535747129339 0.17641771690510538 0.17641771690510538 0.17641771690510538 
0.2 0.2 0.2 0.2 0.2 
0.09353022253048637 0.4054145327877347 0.11458673520866906 0.21339476141413666 0.17307374805897313 
0.12932159074624627 0.36074384700347356 0.19370887739142587 0.15811284242942708 0.15811284242942708 
0.13935833216065807 0.13935833216065807 0.20874276230449285 0.25627028668709545 0.25627028668709545 
0.2 0.2 0.2 0.2 0.2 
0.1552545257344294 0.232553433006913 0.232553433006913 0.18981930412587233 0.18981930412587233 
0.09265041706767334 0.49101055919013603 0.13877967458073034 0.13877967458073034 0.13877967458073034 
0.08788048901207472 0.10744558454320186 0.1988235409492142 0.30292519274775465 0.30292519274775465 
0.25531140016537246 0.13345688437379108 0.08759380517203155 0.3184548481711535 0.2051830621176516 
0.22369961643069197 0.22369961643069197 0.14746965352193114 0.22369961643069197 0.18143149718599266 
0.23410279603810327 0.19147430099047413 0.19147430099047413 0.19147430099047413 0.19147430099047413 
0.2075590111955787 0.16976395521768495 0.2075590111955787 0.2075590111955787 0.2075590111955787 
0.38969946567362185 0.38969946567362185 0.07353368955091884 0.07353368955091884 0.07353368955091884 
0.14744735787752714 0.18027400319000136 0.18027400319000136 0.271145442749465 0.22085919299300535 
0.5810610110742566 0.1598259385573785 0.08637101678945497 0.08637101678945497 0.08637101678945497 
0.1621853765171327 0.24293505077651895 0.19829319090211614 0.19829319090211614 0.19829319090211614 
0.3651575427432664 0.5947599905242719 0.010748261683674742 0.016166181043505742 0.01316802400528103 
