0.20357694615055405 0.10860529057896957 0.13361678149689185 0.389455481498531 0.16474550027505336 
0.16678424679364126 0.2498236298095381 0.2498236298095381 0.16678424679364126 0.16678424679364126 
0.11475243302381828 0.14030010964441392 0.14030010964441392 0.11475243302381828 0.4898949146635356 
0.41946099563074224 0.05099666458001521 0.05099666458001521 0.33628997870269123 0.14225569650653594 
0.17126424110108873 0.17126424110108873 0.17126424110108873 0.3149430355956448 0.17126424110108873 
0.05508060609164018 0.12461606966324537 0.05508060609164018 0.710142112061834 0.05508060609164018 
0.19147430099047413 0.23410279603810327 0.19147430099047413 0.19147430099047413 0.19147430099047413 
0.19147430099047413 0.23410279603810327 0.19147430099047413 0.19147430099047413 0.19147430099047413 
0.3875298457382285 0.3099239222068944 0.05643958016325861 0.16085935289194273 0.0852472989996754 
0.18364575867622646 0.18364575867622646 0.22453136198566015 0.18364575867622646 0.22453136198566015 
0.0785968982965189 0.11772911891673984 0.0785968982965189 0.6464801861937033 0.0785968982965189 
0.25895463862393014 0.14081806755833332 0.3185911587010696 0.14081806755833332 0.14081806755833332 
0.20637139054013018 0.20637139054013018 0.1377751854667747 0.1377751854667747 0.3117068479861904 
0.11475243302381828 0.14030010964441392 0.14030010964441392 0.11475243302381828 0.4898949146635356 
0.41946099563074224 0.05099666458001521 0.05099666458001521 0.33628997870269123 0.14225569650653594 
0.17126424110108873 0.17126424110108873 0.17126424110108873 0.3149430355956448 0.17126424110108873 
0.05508060609164018 0.12461606966324537 0.05508060609164018 0.710142112061834 0.05508060609164018 
0.19147430099047413 0.23410279603810327 0.19147430099047413 0.19147430099047413 0.19147430099047413 
0.19147430099047413 0.23410279603810327 0.19147430099047413 0.19147430099047413 0.19147430099047413 
0.3875298457382285 0.3099239222068944 0.05643958016325861 0.16085935289194273 0.0852472989996754 
0.17126424110108873 0.3149430355956448 0.17126424110108873 0.17126424110108873 0.17126424110108873 
0.14728603785505995 0.14728603785505995 0.14728603785505995 0.4108558485797606 0.14728603785505995 
0.17643222088223307 0.21571185274517785 0.21571185274517785 0.21571185274517785 0.17643222088223307 
0.16343538350674464 0.20022968519625128 0.3024303120817227 0.13367493401903027 0.20022968519625128 
0.30337560614524467 0.16497393840375685 0.20170257864348454 0.16497393840375685 0.16497393840375685 
0.19138277710975451 0.2344688915609822 0.19138277710975451 0.19138277710975451 0.19138277710975451 
0.2 0.2 0.2 0.2 0.2 
0.05919688922596457 0.05919688922596457 0.05919688922596457 0.7632124430961414 0.05919688922596457 
0.12093146915844531 0.5162741233662188 0.12093146915844531 0.12093146915844531 0.12093146915844531 
0.19147430099047413 0.23410279603810327 0.19147430099047413 0.19147430099047413 0.19147430099047413 
0.22453136198566015 0.18364575867622646 0.18364575867622646 0.22453136198566015 0.18364575867622646 
0.23722657552605944 0.10485472376339543 0.23722657552605944 0.12819884383353883 0.29249328135094665 
0.2 0.2 0.2 0.2 0.2 
5.1162435407016126E-14 5.1162435407016126E-14 6.294499942115985E-14 2.7821842944690562E-14 0.9999999999998068 
0.053057545213812944 0.10704009453124778 0.03367689728429073 0.013978907596755023 0.7922465553738938 
1.0 3.1533685520122778E-18 7.050018159096673E-19 1.5924399834092643E-17 7.050018159096673E-19 
5.301453303157273E-18 3.4948807434434114E-18 2.846725110983737E-18 1.0 2.846725110983737E-18 
1.6469418806743274E-8 2.4875689459562755E-8 0.9999999097594704 1.0995115285555065E-8 3.7900305910939164E-8 
1.2579570328231777E-4 0.0015158667673441793 0.9981547361249749 1.0180070219921232E-4 1.0180070219921232E-4 
0.3617102393690156 0.2854749529080091 0.17929223123040272 0.030865578309873985 0.1426569981826986 
7.55615723970431E-11 0.9999999997370801 9.38001236662023E-11 3.254807233778455E-11 6.101026141811701E-11 
7.701089846115586E-4 0.9989739570703537 1.5249789499112795E-4 5.171802502190401E-5 5.171802502190401E-5 
0.8124935102075386 0.018453756128461674 0.0025765891198765503 0.16389955542424647 0.0025765891198765503 
0.14320597184207143 0.3239936273317957 0.21450608426018808 0.14320597184207143 0.17508834472387344 
0.9813119530111621 0.01131375653354321 0.004510090017318741 0.001872088484664389 9.92111953311408E-4 
0.23410279603810327 0.19147430099047413 0.19147430099047413 0.19147430099047413 0.19147430099047413 
0.2 0.2 0.2 0.2 0.2 
0.15912933433150755 0.2926277854879111 0.19455677292453685 0.15912933433150755 0.19455677292453685 
0.2 0.2 0.2 0.2 0.2 
0.19147430099047413 0.19147430099047413 0.23410279603810327 0.19147430099047413 0.19147430099047413 
0.2 0.2 0.2 0.2 0.2 
0.2 0.2 0.2 0.2 0.2 
0.6803536983664231 0.07904359405512361 0.06451850581240597 0.07904359405512361 0.09704060771092378 
0.6634004572982289 0.09661718626780916 0.07886276640521633 0.09661718626780916 0.06450240376093622 
0.05387889131875308 0.7559182343671014 0.03582196819160727 0.1250818698202354 0.029299036302302933 
0.8453335006954645 0.04005923973849682 0.03276473009698726 0.04907779937206433 0.03276473009698726 
0.3506482451257912 0.1536879733092038 0.1536879733092038 0.18828783494659718 0.1536879733092038 
0.18188812442370433 0.18188812442370433 0.18188812442370433 0.18188812442370433 0.27244750230518255 
0.16575167342449526 0.038825485290643565 0.038825485290643565 0.25602893304965 0.5005684229445674 
0.3101146574552212 0.25151838657199616 0.16652248585046306 0.1359222350611597 0.1359222350611597 
0.1490824656421867 0.18227313987597063 0.18227313987597063 0.3372887889636851 0.1490824656421867 
0.2 0.2 0.2 0.2 0.2 
0.21571185274517785 0.17643222088223307 0.21571185274517785 0.17643222088223307 0.21571185274517785 
0.6354431801721223 0.11361669989092046 0.07553930138334812 0.11361669989092046 0.061784118662688466 
0.09208906203320008 0.16934538439213784 0.1379388292669791 0.4880355995719879 0.11259112473569509 
0.09951531301554514 0.042866122342287066 0.0527380689476054 0.7620143733522753 0.042866122342287066 
0.02374624546325495 0.873633462888018 0.02374624546325495 0.055127800722217214 0.02374624546325495 
0.2 0.2 0.2 0.2 0.2 
0.17480934314738608 0.26184430166078543 0.21372766889705624 0.17480934314738608 0.17480934314738608 
0.3945271497922589 0.1668908919050913 0.11001959859343395 0.07314772937608045 0.25541463033313544 
0.1372232489402939 0.20554465306869155 0.1372232489402939 0.3827856001104269 0.1372232489402939 
0.19586518464001082 0.2409723820946202 0.2971117489577682 0.1065103793835408 0.1595403049240597 
0.292627785487911 0.19455677292453688 0.19455677292453688 0.15912933433150755 0.15912933433150755 
0.5777119298914035 0.279142518341223 0.03645463400705736 0.03645463400705736 0.07023628375325852 
