0.17469933919907232 0.17469933919907232 0.2168671072006184 0.2168671072006184 0.2168671072006184 
0.2 0.2 0.2 0.2 0.2 
0.27244750230518255 0.18188812442370433 0.18188812442370433 0.18188812442370433 0.18188812442370433 
0.19204745576880386 0.29952720334940575 0.19204745576880386 0.19204745576880386 0.1243304293441826 
0.3713767935727333 0.1077387256268405 0.16138022639784086 0.16138022639784086 0.19812402800474452 
0.05763341071114722 0.03847652443019725 0.20391035868046675 0.20391035868046675 0.4960693474977226 
0.23410279603810327 0.19147430099047413 0.19147430099047413 0.19147430099047413 0.19147430099047413 
0.23410279603810327 0.19147430099047413 0.19147430099047413 0.19147430099047413 0.19147430099047413 
0.8055819807214659 0.07427650088843062 0.04762376458472259 0.04762376458472259 0.024893989220658302 
0.23410279603810327 0.19147430099047413 0.19147430099047413 0.19147430099047413 0.19147430099047413 
0.1475244291602784 0.052885431065316124 0.18229677120717677 0.18229677120717677 0.43499659736005214 
0.7944134985872615 0.07154527454800605 0.047567655651192746 0.047567655651192746 0.038905915562346655 
0.4108397671130334 0.178528695861963 0.14572217824025804 0.14572217824025804 0.11918718054448732 
0.27244750230518255 0.18188812442370433 0.18188812442370433 0.18188812442370433 0.18188812442370433 
0.19204745576880386 0.29952720334940575 0.19204745576880386 0.19204745576880386 0.1243304293441826 
0.3713767935727333 0.1077387256268405 0.16138022639784086 0.16138022639784086 0.19812402800474452 
0.05763341071114722 0.03847652443019725 0.20391035868046675 0.20391035868046675 0.4960693474977226 
0.23410279603810327 0.19147430099047413 0.19147430099047413 0.19147430099047413 0.19147430099047413 
0.23410279603810327 0.19147430099047413 0.19147430099047413 0.19147430099047413 0.19147430099047413 
0.8055819807214659 0.07427650088843062 0.04762376458472259 0.04762376458472259 0.024893989220658302 
0.27244750230518255 0.18188812442370433 0.18188812442370433 0.18188812442370433 0.18188812442370433 
0.10028204309751837 0.10028204309751837 0.22688120112225116 0.22688120112225116 0.3456735115604614 
0.232553433006913 0.15525452573442944 0.18981930412587236 0.18981930412587236 0.232553433006913 
0.41085584857976054 0.14728603785505995 0.14728603785505995 0.14728603785505995 0.14728603785505995 
0.16343538350674464 0.3024303120817227 0.20022968519625128 0.20022968519625128 0.13367493401903027 
0.2075590111955787 0.16976395521768495 0.2075590111955787 0.2075590111955787 0.2075590111955787 
0.2 0.2 0.2 0.2 0.2 
0.04754621765314747 0.0388883812750172 0.20609303703294105 0.20609303703294105 0.5013793270059537 
0.23410279603810327 0.19147430099047413 0.19147430099047413 0.19147430099047413 0.19147430099047413 
0.3149430355956448 0.17126424110108873 0.17126424110108873 0.17126424110108873 0.17126424110108873 
0.3162928435014195 0.1709267891246451 0.1709267891246451 0.1709267891246451 0.1709267891246451 
0.14854822526843564 0.33892160450402836 0.1819909724795501 0.1819909724795501 0.14854822526843564 
0.2 0.2 0.2 0.2 0.2 
0.49041196028005923 0.1701699671027345 0.11313935753906872 0.11313935753906872 0.11313935753906872 
0.9738597480250939 0.0028868679462053723 0.006586560792302347 0.006586560792302347 0.010080262444096308 
0.0 0.1 0.0 0.0 0.0 
8.673617379279496E-19 8.673617379279496E-19 3.486784400756918E-11 3.486784400756918E-11 0.9999999999302642 
0.1441593110459186 0.06318455220088243 0.06318455220088243 0.06318455220088243 0.6662870323514339 
0.989406729008143 0.0023720135920837606 0.002924621903844878 0.002924621903844878 0.0023720135920837606 
1.0 2.8367516247257926E-27 5.82697667508664E-28 5.82697667508664E-28 2.487569170435934E-28 
0.7454014641713336 0.08059287524285476 0.06536482382554906 0.06536482382554906 0.04327601293471367 
0.231037090602075 0.5989267136463866 0.07461444026717293 0.07461444026717293 0.020807315217192694 
0.004321794614593525 0.7022349528756369 0.13250705111258337 0.13250705111258337 0.02842915028460253 
0.46287189623337455 0.13428202594165645 0.13428202594165645 0.13428202594165645 0.13428202594165645 
0.6486114779470563 0.34715904578140727 0.002056884462595341 0.002056884462595341 1.1570734634529083E-4 
0.232553433006913 0.232553433006913 0.18981930412587236 0.18981930412587236 0.1552545257344294 
0.7632124430961414 0.05919688922596457 0.05919688922596457 0.05919688922596457 0.05919688922596457 
0.2 0.2 0.2 0.2 0.2 
0.2 0.2 0.2 0.2 0.2 
0.2 0.2 0.2 0.2 0.2 
0.27244750230518255 0.18188812442370433 0.18188812442370433 0.18188812442370433 0.18188812442370433 
0.23410279603810327 0.19147430099047413 0.19147430099047413 0.19147430099047413 0.19147430099047413 
0.07143097781946338 0.6148294560532036 0.13302583795239897 0.13302583795239897 0.04768789022253504 
0.07468745533527416 0.6581081905122557 0.11329486922677691 0.11329486922677691 0.040614615698916307 
0.1204707932479759 0.14821487583487078 0.22581842982985167 0.22581842982985167 0.27967747125744974 
0.023133023803038173 0.7562174305516955 0.09875826092111412 0.09875826092111412 0.023133023803038173 
0.13717971629795953 0.3129836756319094 0.20632844588608576 0.20632844588608576 0.13717971629795953 
0.2 0.2 0.2 0.2 0.2 
0.20809231858751623 0.16763072564993503 0.20809231858751623 0.20809231858751623 0.20809231858751623 
0.18083486876930466 0.3367685937304116 0.18083486876930466 0.18083486876930466 0.12072679996167429 
0.140694183076139 0.11507474841754894 0.2116144640236728 0.2116144640236728 0.32100214045896636 
0.2 0.2 0.2 0.2 0.2 
0.23410279603810327 0.19147430099047413 0.19147430099047413 0.19147430099047413 0.19147430099047413 
0.08048410297274866 0.5642757028102325 0.1508647305256752 0.1508647305256752 0.05351073316566853 
0.07764804658040705 0.07764804658040705 0.21659998824700497 0.21659998824700497 0.4115039303451759 
0.08681245027682735 0.0562018859980738 0.21331667634290405 0.21331667634290405 0.4303523110392908 
0.2330154905746413 0.10125590309878874 0.18856876622054475 0.18856876622054475 0.2885910738854801 
0.5162741233662188 0.12093146915844531 0.12093146915844531 0.12093146915844531 0.12093146915844531 
0.5698741772005067 0.10753145569987334 0.10753145569987334 0.10753145569987334 0.10753145569987334 
0.6523376743151944 0.20797004532135638 0.05720398899911485 0.05720398899911485 0.025284302365219623 
0.16707666504426913 0.1115417134778098 0.20511745833449246 0.20511745833449246 0.311146704808936 
0.4108397671130334 0.178528695861963 0.14572217824025804 0.14572217824025804 0.11918718054448732 
0.22085919299300535 0.271145442749465 0.18027400319000134 0.18027400319000134 0.14744735787752716 
0.08543664721399677 0.72051759393016 0.08543664721399677 0.08543664721399677 0.02317246442784935 
