0.31141798639776586 0.047224953469550184 0.1317344713350586 0.25027357182726034 0.2016102311761242 0.057738785794241 
0.16666666666666666 0.16666666666666666 0.16666666666666666 0.16666666666666666 0.16666666666666666 0.16666666666666666 
0.14294351955125334 0.14294351955125334 0.2141129608974933 0.14294351955125334 0.14294351955125334 0.2141129608974933 
0.2270430019668891 0.04284149990424774 0.052379430880123666 0.2825119487527576 0.3523826185917344 0.04284149990424774 
0.2717963102636124 0.12013463065595927 0.12013463065595927 0.22091923577098016 0.14688056199752933 0.12013463065595927 
0.5311387385348089 0.11298894619561196 0.032778798470214025 0.21615494915657463 0.07415976917257669 0.032778798470214025 
0.1487980532050087 0.22288237933083552 0.18192540784912958 0.1487980532050087 0.1487980532050087 0.1487980532050087 
0.1487980532050087 0.22288237933083552 0.18192540784912958 0.1487980532050087 0.1487980532050087 0.1487980532050087 
0.14520518225195933 0.06309830229435592 0.17983748366465974 0.22324546290442038 0.34648863926867995 0.042124929615924754 
0.14161169873877483 0.14161169873877483 0.26041407120311105 0.14161169873877483 0.14161169873877483 0.17313913384178933 
0.4694478369990877 0.10326729815913208 0.05580634547565599 0.241897248456021 0.08393687378361613 0.04564439712648684 
0.14402682547909576 0.14402682547909576 0.14402682547909576 0.1760919474557878 0.21573562865113693 0.1760919474557878 
0.1343898874888454 0.2013006033099692 0.2013006033099692 0.1643095092011854 0.1643095092011854 0.1343898874888454 
0.14294351955125334 0.14294351955125334 0.2141129608974933 0.14294351955125334 0.14294351955125334 0.2141129608974933 
0.2270430019668891 0.04284149990424774 0.052379430880123666 0.2825119487527576 0.3523826185917344 0.04284149990424774 
0.2717963102636124 0.12013463065595927 0.12013463065595927 0.22091923577098016 0.14688056199752933 0.12013463065595927 
0.5311387385348089 0.11298894619561196 0.032778798470214025 0.21615494915657463 0.07415976917257669 0.032778798470214025 
0.1487980532050087 0.22288237933083552 0.18192540784912958 0.1487980532050087 0.1487980532050087 0.1487980532050087 
0.1487980532050087 0.22288237933083552 0.18192540784912958 0.1487980532050087 0.1487980532050087 0.1487980532050087 
0.14520518225195933 0.06309830229435592 0.17983748366465974 0.22324546290442038 0.34648863926867995 0.042124929615924754 
0.153896228132755 0.2305188593362249 0.153896228132755 0.153896228132755 0.153896228132755 0.153896228132755 
0.3376998061804768 0.09796882140184134 0.09796882140184134 0.22164769669248105 0.14674603292151855 0.09796882140184134 
0.21573562865113693 0.1440268254790958 0.1440268254790958 0.1760919474557878 0.1440268254790958 0.1760919474557878 
0.089955083792468 0.310076348035907 0.310076348035907 0.089955083792468 0.089955083792468 0.10998205255078203 
0.13728350203757075 0.13728350203757075 0.13728350203757075 0.167847337792328 0.2524548183026315 0.167847337792328 
0.1324551114798996 0.16227480674746408 0.3022042089456481 0.1324551114798996 0.1083359545996245 0.16227480674746408 
0.16666666666666666 0.16666666666666666 0.16666666666666666 0.16666666666666666 0.16666666666666666 0.16666666666666666 
0.6022095359602189 0.029492843964225062 0.029492843964225062 0.24258640825039424 0.06672552389671155 0.029492843964225062 
0.16070367680721379 0.19648161596393082 0.16070367680721379 0.16070367680721379 0.16070367680721379 0.16070367680721379 
0.16666666666666666 0.16666666666666666 0.16666666666666666 0.16666666666666666 0.16666666666666666 0.16666666666666666 
0.18336105464997435 0.14997227868335888 0.14997227868335888 0.18336105464997435 0.18336105464997435 0.14997227868335888 
0.09796882140184134 0.09796882140184134 0.09796882140184134 0.14674603292151855 0.22164769669248105 0.33769980618047674 
0.16666666666666666 0.16666666666666666 0.16666666666666666 0.16666666666666666 0.16666666666666666 0.16666666666666666 
0.08873986458170345 0.1631864430661378 0.2007678188620892 0.10849628546053786 0.13292211647565055 0.3058874715538813 
6.110027894055574E-22 1.4864362802415001E-21 1.0 3.974135475715098E-22 2.120142512703933E-22 3.974135475715098E-22 
1.9848877449119073E-11 4.6439075300586905E-10 5.7853916533169905E-11 3.566825807410346E-8 0.9999999637765071 1.3141323221801036E-11 
1.0 6.411954163101516E-31 1.8478577999924736E-30 1.000000000000041E-20 7.802734691108487E-28 3.4867844010002125E-31 
6.723421248528252E-25 1.260282586752888E-24 8.271806125530684E-25 3.6561584400631533E-25 4.470139904674084E-25 1.0 
0.021340462724929093 0.2500864815486156 0.663553887580582 0.021340462724929093 0.017308174974119118 0.026370530446825493 
0.0063401599560732325 0.05722105368510401 0.8836893231144732 0.011963710753688912 0.028822041736971716 0.011963710753688912 
0.02024054545363798 0.45718823893803484 0.45718823893803484 0.02024054545363798 0.02490188576301601 0.02024054545363798 
2.021925461486777E-28 1.0 1.417576103440779E-27 5.82697667508664E-28 2.2450747304975436E-27 4.69397589983227E-28 
0.06345762256726134 0.23070567056963592 0.004824537547448947 0.17701566114761652 0.5219556565441444 0.0020408516238928686 
0.14622169369747484 0.14622169369747484 0.2688915315126255 0.14622169369747484 0.14622169369747484 0.14622169369747484 
0.0024165315320346225 0.41438295576872103 0.016942352318489822 0.021293257170485105 0.5419918513085162 0.00297305190175278 
0.16070367680721379 0.16070367680721379 0.16070367680721379 0.16070367680721379 0.19648161596393082 0.16070367680721379 
0.16666666666666666 0.16666666666666666 0.16666666666666666 0.16666666666666666 0.16666666666666666 0.16666666666666666 
0.12763729615237832 0.19118599769986108 0.23471611614314275 0.12763729615237832 0.12763729615237832 0.19118599769986108 
0.16666666666666666 0.16666666666666666 0.16666666666666666 0.16666666666666666 0.16666666666666666 0.16666666666666666 
0.16070367680721379 0.16070367680721379 0.16070367680721379 0.16070367680721379 0.16070367680721379 0.1964816159639308 
0.16070367680721379 0.16070367680721379 0.19648161596393082 0.16070367680721379 0.16070367680721379 0.16070367680721379 
0.16666666666666666 0.16666666666666666 0.16666666666666666 0.16666666666666666 0.16666666666666666 0.16666666666666666 
0.02605699743106033 0.031858144531220246 0.6722732887104214 0.05895215825478803 0.1718290241785996 0.03903038689391073 
0.06866019079710671 0.15533894280735858 0.08394621397736285 0.15533894280735858 0.4527694956334502 0.08394621397736285 
0.1648552363784109 0.4978611918852571 0.03861550488665936 0.1331081494008973 0.10771832998968323 0.057841587459092104 
0.047242561886612765 0.10688303562487192 0.057760314425743225 0.1317835901873257 0.6090879359888335 0.047242561886612765 
0.12370516891156404 0.18606172937520768 0.18606172937520768 0.1515549845868558 0.22891121883960086 0.12370516891156404 
0.16666666666666666 0.16666666666666666 0.16666666666666666 0.16666666666666666 0.16666666666666666 0.16666666666666666 
0.2668071753625834 0.04946767052481725 0.21442173440119253 0.21442173440119253 0.21442173440119253 0.04045995090902207 
0.09981517114041412 0.14951165259157578 0.22582493554242938 0.14951165259157578 0.22582493554242938 0.14951165259157578 
0.2914363684360836 0.15649279185139964 0.10447583536220517 0.19212379959656686 0.12773560237687231 0.12773560237687231 
0.16666666666666666 0.16666666666666666 0.16666666666666666 0.16666666666666666 0.16666666666666666 0.16666666666666666 
0.12066518079731794 0.12066518079731794 0.3365967064664925 0.12066518079731794 0.12066518079731794 0.1807425703442359 
0.06353678601337559 0.27540548626462247 0.09556402847679281 0.14496295342316706 0.34268988670774414 0.07784085911429804 
0.3866285284704163 0.08782137431414887 0.1078169538635891 0.20209923562466733 0.1078169538635891 0.1078169538635891 
0.5481253807229118 0.029855001620944076 0.024266496243614866 0.26944661686090365 0.10854043832979844 0.019766066221827198 
0.19154320280219778 0.19154320280219778 0.371726188790103 0.12458513293022648 0.06646432623908366 0.05413794643619113 
0.16070367680721379 0.19648161596393082 0.16070367680721379 0.16070367680721379 0.16070367680721379 0.16070367680721379 
0.1487980532050087 0.1819254078491296 0.1487980532050087 0.1487980532050087 0.1487980532050087 0.22288237933083552 
0.04090336000992878 0.527358003641957 0.14099441587467748 0.07521843605393803 0.1746224244095699 0.04090336000992878 
0.2412659904190768 0.2412659904190768 0.10574609059470343 0.19567869878470076 0.12955276866124874 0.08649046112119332 
0.05645630768012113 0.46436799787136407 0.2410202320279392 0.06902534394190762 0.08456505923933398 0.08456505923933398 
0.13438988748884537 0.13438988748884537 0.16430950920118542 0.16430950920118542 0.2013006033099692 0.2013006033099692 
0.026857626215067876 0.12413272467112182 0.5096390335169729 0.07919350092200417 0.248405505381853 0.011771609292980099 
