0.2581740611271012 0.1358929878480253 0.08958482877067082 0.2581740611271012 0.2581740611271012 
0.2498236298095381 0.16678424679364126 0.2498236298095381 0.16678424679364126 0.16678424679364126 
0.14030010964441392 0.4898949146635356 0.14030010964441392 0.11475243302381828 0.11475243302381828 
0.17801383206210847 0.09433830296501629 0.04169775951859014 0.34297505272714246 0.34297505272714246 
0.3117068479861904 0.1377751854667747 0.1377751854667747 0.20637139054013018 0.20637139054013018 
0.10020577128311134 0.08195899551973819 0.1854265706195165 0.2825137273851283 0.34989493519250525 
0.22453136198566015 0.18364575867622646 0.22453136198566015 0.18364575867622646 0.18364575867622646 
0.22453136198566015 0.18364575867622646 0.22453136198566015 0.18364575867622646 0.18364575867622646 
0.5799550829777055 0.04013797143751882 0.14592506370661082 0.11699094093908245 0.11699094093908245 
0.22453136198566015 0.22453136198566015 0.18364575867622646 0.18364575867622646 0.18364575867622646 
0.178570117997282 0.09710541998268374 0.11872428942582473 0.27087652237573545 0.3347236502184739 
0.7743996128147913 0.0477914469464069 0.0477914469464069 0.0715860938879542 0.05843139940444079 
0.26717377336923315 0.26717377336923315 0.17688742959059084 0.14438251183547152 0.14438251183547152 
0.14030010964441392 0.4898949146635356 0.14030010964441392 0.11475243302381828 0.11475243302381828 
0.17801383206210847 0.09433830296501629 0.04169775951859014 0.34297505272714246 0.34297505272714246 
0.3117068479861904 0.1377751854667747 0.1377751854667747 0.20637139054013018 0.20637139054013018 
0.10020577128311134 0.08195899551973819 0.1854265706195165 0.2825137273851283 0.34989493519250525 
0.22453136198566015 0.18364575867622646 0.22453136198566015 0.18364575867622646 0.18364575867622646 
0.22453136198566015 0.18364575867622646 0.22453136198566015 0.18364575867622646 0.18364575867622646 
0.5799550829777055 0.04013797143751882 0.14592506370661082 0.11699094093908245 0.11699094093908245 
0.236378199630766 0.1578079704226164 0.2901978891013846 0.1578079704226164 0.1578079704226164 
0.14974854996483358 0.14974854996483358 0.14974854996483358 0.2753771750527494 0.2753771750527494 
0.19829319090211614 0.1621853765171327 0.24293505077651895 0.19829319090211614 0.19829319090211614 
0.4082792357506779 0.17741602770900594 0.17741602770900594 0.11844435441565516 0.11844435441565516 
0.19661526726734233 0.16081299113549277 0.16081299113549277 0.24087937523083602 0.24087937523083602 
0.18168360351104154 0.18168360351104154 0.27326558595583417 0.18168360351104154 0.18168360351104154 
0.2 0.2 0.2 0.2 0.2 
0.11177038163930725 0.09141777056067964 0.09141777056067964 0.3151182484187008 0.3902758288206323 
0.12839765837055572 0.10501733555251662 0.5565503349718944 0.10501733555251662 0.10501733555251662 
0.26184430166078543 0.17480934314738608 0.21372766889705624 0.17480934314738608 0.17480934314738608 
0.292627785487911 0.15912933433150755 0.15912933433150755 0.19455677292453685 0.19455677292453685 
0.14644138030274395 0.3341147125002827 0.11977542090092876 0.22025867399849586 0.17940981229754868 
0.2 0.2 0.2 0.2 0.2 
5.91561155195733E-13 0.9999999999985787 3.1558912917256444E-13 2.570604162830086E-13 2.570604162830086E-13 
0.3525249409747982 0.6052822160318541 0.03654512024111813 0.0025292424111318245 0.003118480341097629 
1.8020128089652095E-7 3.221983568386675E-8 1.1553941390120179E-7 0.9724804339271789 0.027519238112290543 
6.000626049875514E-7 3.9728275141359676E-7 4.877379386792245E-7 0.04133971078257871 0.9586588041341261 
0.2171834848353506 0.3308981858550774 0.2171834848353506 0.1173674222371107 0.1173674222371107 
0.9998979291155408 5.828414578772377E-6 8.678820258995963E-5 4.727133645197684E-6 4.727133645197684E-6 
0.9999999999771569 6.513880423071419E-12 1.0371613394866328E-11 3.3065465827192542E-12 2.6509222346408295E-12 
1.3141323697610838E-11 1.385695358395731E-12 0.999999999983654 9.09494701758084E-13 9.09494701758084E-13 
0.002490825514059014 2.69308284938029E-4 0.9952010621511244 0.001244710568170366 7.94093481708293E-4 
0.007788862212807261 0.0026722507445359708 0.015228194829220262 0.4871553461067183 0.4871553461067183 
0.36441021863283135 0.12925392107326059 0.29490050277897806 0.10571767875746498 0.10571767875746498 
0.9371364002181191 7.044889739243344E-4 0.006358136336745535 0.034734178776424166 0.021066795694786766 
0.21571185274517785 0.17643222088223307 0.17643222088223307 0.21571185274517785 0.21571185274517785 
0.6224403493659293 0.09438991265851776 0.09438991265851776 0.09438991265851776 0.09438991265851776 
0.16497393840375685 0.20170257864348456 0.30337560614524467 0.16497393840375685 0.16497393840375685 
0.2 0.2 0.2 0.2 0.2 
0.2 0.2 0.2 0.2 0.2 
0.23410279603810327 0.19147430099047413 0.19147430099047413 0.19147430099047413 0.19147430099047413 
0.23410279603810327 0.19147430099047413 0.19147430099047413 0.19147430099047413 0.19147430099047413 
0.09627707374580648 0.178156680851535 0.11795198661459727 0.33617684937165465 0.27143740941640626 
0.12789396206463297 0.08538302861369268 0.12789396206463297 0.36451263310240306 0.294316414154638 
0.03615952217187691 0.02414038525680015 0.789148027808966 0.06733984167246869 0.08321222308988827 
0.06615248622741951 0.06615248622741951 0.08088021165556557 0.4362328079249911 0.35058200796460476 
0.16644063976223641 0.16644063976223641 0.16644063976223641 0.2503390403566456 0.2503390403566456 
0.18188812442370433 0.27244750230518255 0.18188812442370433 0.18188812442370433 0.18188812442370433 
0.12337638699519073 0.4614617163290551 0.03579225987555533 0.18968481840009965 0.18968481840009965 
0.14580222249443783 0.14580222249443783 0.26980088830875404 0.21929733335118515 0.21929733335118515 
0.18027400319000136 0.14744735787752714 0.18027400319000136 0.22085919299300535 0.271145442749465 
0.2 0.2 0.2 0.2 0.2 
0.22453136198566015 0.22453136198566015 0.18364575867622646 0.18364575867622646 0.18364575867622646 
0.12550816746081392 0.10244472722454684 0.12550816746081392 0.3577128416263981 0.28882609622742683 
0.10972727609273807 0.1341561870291557 0.20178083409653824 0.24825038887155787 0.30608531391000976 
0.16750232778530452 0.046710445342249975 0.046710445342249975 0.3274878938888284 0.4115888876413668 
0.03550910633682718 0.01894358317497607 0.8935051800275933 0.02330623674376607 0.02873589371683747 
0.41085584857976054 0.14728603785505995 0.14728603785505995 0.14728603785505995 0.14728603785505995 
0.4338649795798895 0.12586693838450025 0.18853420526661 0.12586693838450025 0.12586693838450025 
0.5492992709751617 0.1447221826977336 0.09456315841177164 0.11685222950356108 0.09456315841177164 
0.18027400319000136 0.14744735787752714 0.18027400319000136 0.22085919299300535 0.271145442749465 
0.4247387810044574 0.14902508339101073 0.18295580849157253 0.12164016355647969 0.12164016355647969 
0.232553433006913 0.15525452573442944 0.18981930412587233 0.232553433006913 0.18981930412587233 
0.17918420943282315 0.09095667972025624 0.36149231252415803 0.2257957495717558 0.14257104875100696 
