0.2042927484232493 0.25244570428492735 0.13467605044532463 0.2042927484232493 0.2042927484232493 
0.1578079704226164 0.1578079704226164 0.1578079704226164 0.236378199630766 0.29019788910138455 
0.26252754417217034 0.1745442993828464 0.1745442993828464 0.2138395576792909 0.1745442993828464 
0.14003019650438117 0.3947921587186287 0.21061577907857182 0.14003019650438117 0.11453166919403689 
0.18364575867622646 0.18364575867622646 0.22453136198566015 0.22453136198566015 0.18364575867622646 
0.14081806755833332 0.14081806755833332 0.31859115870106947 0.25895463862393014 0.14081806755833332 
0.22453136198566015 0.22453136198566015 0.18364575867622646 0.18364575867622646 0.18364575867622646 
0.22453136198566015 0.22453136198566015 0.18364575867622646 0.18364575867622646 0.18364575867622646 
0.0887553527817831 0.16979456321954134 0.03856826590630582 0.6643135521860641 0.03856826590630582 
0.24293505077651895 0.19829319090211614 0.19829319090211614 0.1621853765171327 0.19829319090211614 
0.18789995867687906 0.18789995867687906 0.28261544419331086 0.18789995867687906 0.1536846797760521 
0.12844753312066143 0.19239963954142386 0.12844753312066143 0.19239963954142386 0.3583056546758295 
0.21915883938712738 0.21915883938712738 0.14631218825544054 0.2690579447148641 0.14631218825544054 
0.26252754417217034 0.1745442993828464 0.1745442993828464 0.2138395576792909 0.1745442993828464 
0.14003019650438117 0.3947921587186287 0.21061577907857182 0.14003019650438117 0.11453166919403689 
0.18364575867622646 0.18364575867622646 0.22453136198566015 0.22453136198566015 0.18364575867622646 
0.14081806755833332 0.14081806755833332 0.31859115870106947 0.25895463862393014 0.14081806755833332 
0.22453136198566015 0.22453136198566015 0.18364575867622646 0.18364575867622646 0.18364575867622646 
0.22453136198566015 0.22453136198566015 0.18364575867622646 0.18364575867622646 0.18364575867622646 
0.0887553527817831 0.16979456321954134 0.03856826590630582 0.6643135521860641 0.03856826590630582 
0.17126424110108873 0.17126424110108873 0.17126424110108873 0.3149430355956448 0.17126424110108873 
0.18188812442370433 0.18188812442370433 0.27244750230518255 0.18188812442370433 0.18188812442370433 
0.1682609102320395 0.1682609102320395 0.20572133881923121 0.2520355018974585 0.20572133881923121 
0.28935073579545867 0.19074888654220185 0.10372816542122544 0.12682147644565533 0.28935073579545867 
0.16826091023203954 0.2520355018974585 0.20572133881923121 0.16826091023203954 0.20572133881923121 
0.26122625709805086 0.21232777231391683 0.1729497644059033 0.21232777231391683 0.14116843386821215 
0.2 0.2 0.2 0.2 0.2 
0.15968239858692226 0.15968239858692226 0.3612704056523108 0.15968239858692226 0.15968239858692226 
0.09438991265851776 0.09438991265851776 0.09438991265851776 0.6224403493659294 0.09438991265851776 
0.19147430099047413 0.19147430099047413 0.19147430099047413 0.23410279603810322 0.19147430099047413 
0.18364575867622646 0.22453136198566015 0.18364575867622646 0.22453136198566015 0.18364575867622646 
0.17751287348676775 0.2179298313239046 0.26811845443650334 0.1185090094289195 0.2179298313239046 
0.2 0.2 0.2 0.2 0.2 
0.9892136079366767 0.002549795353226179 0.0031370060036447784 0.002549795353226179 0.002549795353226179 
0.9999995646724428 4.3524431946133016E-7 3.135038744074127E-12 6.153179816445839E-11 1.857081482361125E-11 
2.69546981355979E-7 0.9999985096914382 2.69546981355979E-7 6.202959054377186E-7 3.3091869354002E-7 
0.0020496797803208878 0.0020496797803208878 0.9937136927289729 0.0010934738551926307 0.0010934738551926307 
1.8739379532952902E-10 1.2353574185929542E-10 0.9999848865156287 1.2353574185929542E-10 1.5113049906157753E-5 
5.882516008559049E-6 2.3200395902715232E-6 2.2001127964667567E-7 9.525149291934937E-6 0.9999820522838296 
0.17821003127087318 0.10740499033841575 0.0034542367028329475 0.6704509304212527 0.04047981126662534 
7.828091549377954E-18 3.942981941553128E-18 5.742531777098075E-19 1.0 3.1533685520122778E-18 
0.10258717531213023 0.4013676854436083 0.04339591126968184 0.2520785348554063 0.20057069311917344 
0.03284745715383429 0.826530885888462 0.07838060981129155 0.040681771461008376 0.02155927568540375 
0.16138022639784086 0.16138022639784086 0.1077387256268405 0.3713767935727333 0.19812402800474455 
0.02346678718015746 0.8248893151734971 0.00814283240599147 0.07175053262017682 0.07175053262017682 
0.19147430099047413 0.23410279603810327 0.19147430099047413 0.19147430099047413 0.19147430099047413 
0.18188812442370433 0.18188812442370433 0.18188812442370433 0.27244750230518255 0.18188812442370433 
0.2138395576792909 0.1745442993828464 0.1745442993828464 0.26252754417217034 0.1745442993828464 
0.2 0.2 0.2 0.2 0.2 
0.18364575867622646 0.18364575867622646 0.22453136198566015 0.18364575867622646 0.22453136198566015 
0.22453136198566015 0.22453136198566015 0.18364575867622646 0.18364575867622646 0.18364575867622646 
0.2 0.2 0.2 0.2 0.2 
0.33422010771604277 0.5265597458938485 0.0397309377658261 0.05975827085845658 0.0397309377658261 
0.10855055748681665 0.46341820121273963 0.13271749204830832 0.162596257203827 0.13271749204830832 
0.03146330672264425 0.047128416756213216 0.07118355988788164 0.8117566400387842 0.038468076594476805 
0.09438991265851776 0.6224403493659293 0.09438991265851776 0.09438991265851776 0.09438991265851776 
0.21450608426018808 0.32399362733179565 0.17508834472387344 0.14320597184207143 0.14320597184207143 
0.23410279603810327 0.19147430099047413 0.19147430099047413 0.19147430099047413 0.19147430099047413 
0.46770508645883924 0.30134621080112783 0.10456530209678636 0.06952138089658792 0.05686201974665874 
0.2024292869081743 0.24904817852970004 0.16488703808309613 0.24904817852970004 0.1345873179493294 
0.15912933433150755 0.15912933433150755 0.292627785487911 0.19455677292453685 0.19455677292453685 
0.2 0.2 0.2 0.2 0.2 
0.3139831010262909 0.20787842674463333 0.16967858868922567 0.13878129485062451 0.16967858868922567 
0.15787902683795396 0.4499735472677314 0.15787902683795396 0.10540129688995459 0.1288671021664061 
0.16420405334544438 0.16420405334544438 0.30579704293935017 0.2015907970243165 0.16420405334544438 
0.144753297004173 0.21957912182994233 0.2713351623317692 0.144753297004173 0.21957912182994233 
0.041505112763309544 0.026870173672351453 0.014239829316973986 0.9058105835986037 0.011574300648761401 
0.19147430099047413 0.19147430099047413 0.19147430099047413 0.23410279603810322 0.19147430099047413 
0.15912933433150755 0.15912933433150755 0.19455677292453688 0.292627785487911 0.19455677292453688 
0.24153158546498002 0.3713423292951408 0.07006982037376776 0.15852813243305583 0.15852813243305583 
0.20572133881923121 0.20572133881923121 0.2520355018974585 0.16826091023203954 0.16826091023203954 
0.24317297465244403 0.24317297465244403 0.10658191551621034 0.10658191551621034 0.30049021966269074 
0.19138277710975451 0.2344688915609822 0.19138277710975451 0.19138277710975451 0.19138277710975451 
0.18989073815216884 0.4979456232237775 0.011024547757752608 0.2406005278267377 0.06053856303956309 
