0.8480446687174809 0.020416466281994835 0.03058151961295697 0.03058151961295697 0.07037582577461021 
0.057502115230293874 0.08613155873367569 0.7413620955754426 0.057502115230293874 0.057502115230293874 
0.022603116715122076 0.052473984398941124 0.8315773185470724 0.012291447002196405 0.08105413333666808 
0.8434526821452133 0.02030591533759487 0.045940731953378784 0.02030591533759487 0.06999475522621802 
0.1 0.0 0.0 0.0 0.0 
0.2 0.2 0.2 0.2 0.2 
0.08179782898668078 0.6728086840532764 0.08179782898668078 0.08179782898668078 0.08179782898668078 
0.08179782898668078 0.6728086840532764 0.08179782898668078 0.08179782898668078 0.08179782898668078 
0.1377751854667747 0.1377751854667747 0.20637139054013018 0.20637139054013018 0.3117068479861904 
0.18188812442370433 0.27244750230518255 0.18188812442370433 0.18188812442370433 0.18188812442370433 
0.3207048003323462 0.060514856453200386 0.4977506303080527 0.060514856453200386 0.060514856453200386 
0.6224403493659293 0.09438991265851776 0.09438991265851776 0.09438991265851776 0.09438991265851776 
0.0 0.0 0.1 0.0 0.0 
0.022603116715122076 0.052473984398941124 0.8315773185470724 0.012291447002196405 0.08105413333666808 
0.8434526821452133 0.02030591533759487 0.045940731953378784 0.02030591533759487 0.06999475522621802 
0.1 0.0 0.0 0.0 0.0 
0.2 0.2 0.2 0.2 0.2 
0.08179782898668078 0.6728086840532764 0.08179782898668078 0.08179782898668078 0.08179782898668078 
0.08179782898668078 0.6728086840532764 0.08179782898668078 0.08179782898668078 0.08179782898668078 
0.1377751854667747 0.1377751854667747 0.20637139054013018 0.20637139054013018 0.3117068479861904 
0.06431974179264585 0.06431974179264585 0.14551897650906231 0.6615217981129999 0.06431974179264585 
0.033556927921082426 0.033556927921082426 0.033556927921082426 0.8657722883156704 0.033556927921082426 
0.0 0.0 0.0 0.1 0.0 
0.2498236298095381 0.16678424679364126 0.16678424679364126 0.2498236298095381 0.16678424679364126 
0.2 0.2 0.2 0.2 0.2 
0.15968239858692226 0.3612704056523108 0.15968239858692226 0.15968239858692226 0.15968239858692226 
0.2 0.2 0.2 0.2 0.2 
0.09438991265851776 0.09438991265851776 0.09438991265851776 0.6224403493659294 0.09438991265851776 
0.25895463862393014 0.14081806755833332 0.14081806755833332 0.3185911587010696 0.14081806755833332 
0.10132634275498247 0.06764627417201532 0.06764627417201532 0.6957348347289712 0.06764627417201532 
0.23493375948247336 0.06815574987834319 0.06815574987834319 0.5605989908824972 0.06815574987834319 
0.1713349418019878 0.09317097209760444 0.09317097209760444 0.32116155700140175 0.32116155700140175 
0.2 0.2 0.2 0.2 0.2 
0.0 0.0 0.0 0.0 0.1 
0.1315919935860436 0.2419885298508336 0.19710967986211678 0.1315919935860436 0.2977178031149623 
0.12305684986350422 0.3432682908068691 0.18432501568247656 0.12305684986350422 0.2262929937836458 
0.32399362733179565 0.17508834472387344 0.14320597184207143 0.21450608426018808 0.14320597184207143 
0.12670611330818268 0.15491507344393937 0.12670611330818268 0.15491507344393937 0.4367576264957556 
0.2 0.2 0.2 0.2 0.2 
0.2311236904184946 0.08197806129474274 0.2311236904184946 0.10043382928377904 0.3553407285844892 
0.1539964745595897 0.1539964745595897 0.23066901696027353 0.23066901696027353 0.23066901696027353 
0.1315919935860436 0.2419885298508336 0.19710967986211678 0.1315919935860436 0.2977178031149623 
0.32345103891999977 0.1736837319908059 0.11595264404123742 0.1736837319908059 0.21322885305715095 
0.006760611019012851 0.9729575559239486 0.006760611019012851 0.006760611019012851 0.006760611019012851 
0.5850131179933337 0.07112393777722757 0.10653548307736328 0.10653548307736328 0.13079197807471218 
0.05750211523029389 0.08613155873367569 0.05750211523029389 0.7413620955754426 0.05750211523029389 
0.3957787706944414 0.11481789148579519 0.25976755484817354 0.11481789148579519 0.11481789148579519 
0.2 0.2 0.2 0.2 0.2 
0.15968239858692226 0.15968239858692226 0.3612704056523108 0.15968239858692226 0.15968239858692226 
0.2 0.2 0.2 0.2 0.2 
0.3149430355956448 0.17126424110108873 0.17126424110108873 0.17126424110108873 0.17126424110108873 
0.025366697218964146 0.9332505034418108 0.01379426644640837 0.01379426644640837 0.01379426644640837 
0.14984505505612813 0.14984505505612813 0.5373401033776043 0.08148489325506955 0.08148489325506955 
0.06796696212564979 0.7352487933855186 0.08344199663212137 0.06796696212564979 0.045375285731060394 
0.033556927921082426 0.033556927921082426 0.8657722883156704 0.033556927921082426 0.033556927921082426 
0.2 0.2 0.2 0.2 0.2 
0.0 0.1 0.0 0.0 0.0 
0.15787902683795396 0.1288671021664061 0.4499735472677314 0.10540129688995462 0.15787902683795396 
0.08404007978419431 0.04570051996575746 0.08404007978419431 0.04570051996575746 0.7405188005000962 
0.026237405182049617 0.8913800841664181 0.03946299920563652 0.021459755722947872 0.021459755722947872 
0.29987480041917675 0.5907518744878882 0.03645777503097826 0.03645777503097826 0.03645777503097826 
0.2 0.2 0.2 0.2 0.2 
0.15968239858692226 0.15968239858692226 0.15968239858692226 0.3612704056523108 0.15968239858692226 
0.17480934314738605 0.2137276688970563 0.26184430166078543 0.17480934314738605 0.17480934314738605 
0.2 0.2 0.2 0.2 0.2 
0.242896787293286 0.29948448308318537 0.10736097116512125 0.10736097116512125 0.242896787293286 
0.17126424110108873 0.17126424110108873 0.3149430355956448 0.17126424110108873 0.17126424110108873 
0.2 0.2 0.2 0.2 0.2 
0.004065843764531721 0.9837366249418734 0.004065843764531721 0.004065843764531721 0.004065843764531721 
0.0025468758002802697 0.9880809438977646 0.0020745358218063783 0.0013849766523294468 0.005912667827819329 
0.12929157856839776 0.7975190462532491 0.02439645839278434 0.02439645839278434 0.02439645839278434 
0.27244750230518255 0.18188812442370433 0.18188812442370433 0.18188812442370433 0.18188812442370433 
0.3149430355956448 0.17126424110108873 0.17126424110108873 0.17126424110108873 0.17126424110108873 
0.20190107681473404 0.10979266340267105 0.10979266340267105 0.10979266340267105 0.46872093297725287 
