0.14444507330360848 0.3414656271620541 0.09522262600585536 0.14444507330360848 0.27442160022487366 
0.17480934314738605 0.17480934314738605 0.26184430166078543 0.17480934314738605 0.2137276688970563 
0.22025867399849586 0.11977542090092873 0.14644138030274395 0.3341147125002827 0.17940981229754865 
0.07662758468874359 0.4132959811682247 0.0626742331282427 0.11525355852531413 0.332148642489475 
0.13108839541045503 0.24106244780871772 0.13108839541045503 0.13108839541045503 0.3656723659599173 
0.07150222193197205 0.5881246047834446 0.16176884209529066 0.07150222193197205 0.10710210925732035 
0.2075590111955787 0.16976395521768495 0.2075590111955787 0.2075590111955787 0.2075590111955787 
0.2075590111955787 0.16976395521768495 0.2075590111955787 0.2075590111955787 0.2075590111955787 
0.039432133078524396 0.06062486659153035 0.09409296501643996 0.03191061961470677 0.7739394156987984 
0.2520355018974585 0.16826091023203954 0.16826091023203954 0.20572133881923121 0.20572133881923121 
0.10887267427577793 0.4719176666181743 0.10887267427577793 0.10887267427577793 0.2014643105544918 
0.048956345912953905 0.05985564330432642 0.048956345912953905 0.048956345912953905 0.793275318956812 
0.17368373199080592 0.11595264404123742 0.17368373199080592 0.21322885305715095 0.32345103891999977 
0.22025867399849586 0.11977542090092873 0.14644138030274395 0.3341147125002827 0.17940981229754865 
0.07662758468874359 0.4132959811682247 0.0626742331282427 0.11525355852531413 0.332148642489475 
0.13108839541045503 0.24106244780871772 0.13108839541045503 0.13108839541045503 0.3656723659599173 
0.07150222193197205 0.5881246047834446 0.16176884209529066 0.07150222193197205 0.10710210925732035 
0.2075590111955787 0.16976395521768495 0.2075590111955787 0.2075590111955787 0.2075590111955787 
0.2075590111955787 0.16976395521768495 0.2075590111955787 0.2075590111955787 0.2075590111955787 
0.039432133078524396 0.06062486659153035 0.09409296501643996 0.03191061961470677 0.7739394156987984 
0.1578079704226164 0.1578079704226164 0.2901978891013846 0.1578079704226164 0.236378199630766 
0.14728603785505995 0.41085584857976054 0.14728603785505995 0.14728603785505995 0.14728603785505995 
0.17643222088223307 0.21571185274517785 0.21571185274517785 0.17643222088223307 0.21571185274517785 
0.2638248874670193 0.09457750813794438 0.14166623548443655 0.1739214638183254 0.3260099050922743 
0.18364575867622646 0.22453136198566015 0.18364575867622646 0.18364575867622646 0.22453136198566015 
0.26980088830875404 0.14580222249443783 0.2192973333511851 0.2192973333511851 0.14580222249443783 
0.2 0.2 0.2 0.2 0.2 
0.08033485931672686 0.6607753732595164 0.08033485931672686 0.08033485931672686 0.09822004879030265 
0.11776095173733736 0.11776095173733736 0.5027387209305204 0.11776095173733736 0.14397842385746754 
0.16497393840375685 0.16497393840375685 0.20170257864348456 0.16497393840375685 0.30337560614524467 
0.16497393840375685 0.20170257864348456 0.16497393840375685 0.16497393840375685 0.30337560614524467 
0.18789995867687906 0.18789995867687906 0.1536846797760521 0.28261544419331086 0.18789995867687906 
0.2 0.2 0.2 0.2 0.2 
4.781836734744046E-5 1.4175071124476014E-7 2.1320356058218258E-7 0.999951331718307 4.949600735505333E-7 
0.999999878820506 5.915610835114923E-13 5.610104441956155E-12 1.2110251034477618E-7 7.078190926892356E-11 
0.0011710935678276948 0.9798335575991528 0.005155671798197374 0.0011710935678276948 0.01266858346699462 
6.869258936690659E-12 0.999999999980449 3.664648070365225E-12 4.5086061449736975E-12 4.5086061449736975E-12 
0.23983486432615245 0.08597742256368845 0.1945179844578541 0.23983486432615245 0.23983486432615245 
0.003145203550077651 2.683875542057192E-4 0.00399643386931748 7.913785772147162E-4 0.9917985964491844 
2.735111227791339E-16 8.113496909252155E-18 4.903300747741634E-17 7.894146805743082E-17 0.9999999999999996 
1.7913960066543696E-10 1.6133401477720516E-11 0.9999999995062139 7.216231179658545E-11 2.2635084094852805E-10 
2.1463839161759928E-4 1.114034455150115E-4 0.9988893005042746 1.114034455150115E-4 6.732542130777746E-4 
0.015888236992765564 0.8586541589252948 0.0746874666772254 0.012857622640266986 0.037912514764447194 
0.18304628506280263 0.09953953431090883 0.22520132623990574 0.14909878030549337 0.3431140740808896 
0.001185287196356454 0.0018486355763957796 0.0046373825689231185 6.19575687616836E-4 0.9917091189707079 
0.19147430099047413 0.19147430099047413 0.19147430099047413 0.19147430099047413 0.23410279603810327 
0.07000401417035593 0.07000401417035593 0.07000401417035593 0.07000401417035593 0.719983943318576 
0.21915883938712738 0.1463121882554405 0.2690579447148641 0.21915883938712738 0.1463121882554405 
0.2 0.2 0.2 0.2 0.2 
0.2 0.2 0.2 0.2 0.2 
0.20572133881923121 0.1682609102320395 0.1682609102320395 0.20572133881923121 0.2520355018974585 
0.19147430099047413 0.19147430099047413 0.19147430099047413 0.19147430099047413 0.23410279603810327 
0.5304570640493274 0.09484527166502313 0.07725540192277747 0.2201868604400944 0.07725540192277747 
0.1463121882554405 0.26905794471486416 0.21915883938712738 0.1463121882554405 0.21915883938712738 
0.03022421902425288 0.10418327749990292 0.7797880464123657 0.03022421902425288 0.05558023803922562 
0.15420048366210765 0.34886795149227273 0.18853059752140414 0.15420048366210765 0.15420048366210765 
0.22478382974577063 0.22478382974577063 0.18347744683615302 0.18347744683615302 0.18347744683615302 
0.22453136198566015 0.18364575867622646 0.18364575867622646 0.22453136198566015 0.18364575867622646 
0.24024893856022705 0.19307799358890018 0.03643252939836275 0.3747047436089874 0.15553579484352256 
0.22103155461965 0.14695523840838146 0.271934495825114 0.1800393555734274 0.1800393555734274 
0.1490824656421867 0.33728878896368514 0.18227313987597063 0.1490824656421867 0.18227313987597063 
0.2 0.2 0.2 0.2 0.2 
0.32399362733179565 0.14320597184207143 0.14320597184207143 0.21450608426018808 0.17508834472387344 
0.1729497644059033 0.26122625709805086 0.21232777231391683 0.14116843386821215 0.21232777231391683 
0.17606026472704173 0.4087305171671025 0.17606026472704173 0.14340837740606308 0.09574057597275083 
0.04850619571208639 0.6805395753528285 0.04850619571208639 0.04850619571208639 0.17394183751091274 
0.07795632165766254 0.0407494839593292 0.79979522646435 0.0407494839593292 0.0407494839593292 
0.13428202594165645 0.13428202594165645 0.13428202594165645 0.13428202594165645 0.46287189623337455 
0.11406369730399138 0.11406369730399138 0.1708543069132711 0.11406369730399138 0.48695460117475475 
0.10520914615724868 0.05612752379890329 0.08514094422247999 0.13030215457872688 0.623220231242641 
0.16459310709548805 0.3045726309525541 0.20164804776098197 0.16459310709548805 0.16459310709548805 
0.25047190432847494 0.10978101240270181 0.16511876746888646 0.16511876746888646 0.30950954833105015 
0.19138277710975451 0.19138277710975451 0.19138277710975451 0.19138277710975451 0.2344688915609822 
0.33439048262198084 0.06745463286942738 0.33439048262198084 0.1318822009433055 0.1318822009433055 
