0.13753117991725247 0.16994805661636833 0.26128635342500545 0.26128635342500545 0.16994805661636833 
0.18188812442370433 0.18188812442370433 0.18188812442370433 0.18188812442370433 0.27244750230518255 
0.32399362733179565 0.17508834472387344 0.14320597184207143 0.14320597184207143 0.21450608426018808 
0.09927580251747241 0.184881226904964 0.28294755745162004 0.28294755745162004 0.14994785567432325 
0.13031640281307824 0.19519899151366593 0.239642807079795 0.239642807079795 0.19519899151366593 
0.028393892088071634 0.18723933112531568 0.3660761913827109 0.3660761913827109 0.05221439402119064 
0.22453136198566015 0.18364575867622646 0.18364575867622646 0.18364575867622646 0.22453136198566015 
0.22453136198566015 0.18364575867622646 0.18364575867622646 0.18364575867622646 0.22453136198566015 
0.052156693695236844 0.04230166853383903 0.06445032128986156 0.06445032128986156 0.7766409951912009 
0.27244750230518255 0.18188812442370433 0.18188812442370433 0.18188812442370433 0.18188812442370433 
0.05215968539720871 0.18212932756292935 0.35090428086655967 0.35090428086655967 0.06390242530674274 
0.13428202594165645 0.13428202594165645 0.13428202594165645 0.13428202594165645 0.46287189623337455 
0.22157027023535322 0.14792207871305224 0.14792207871305224 0.14792207871305224 0.3346634936254901 
0.32399362733179565 0.17508834472387344 0.14320597184207143 0.14320597184207143 0.21450608426018808 
0.09927580251747241 0.184881226904964 0.28294755745162004 0.28294755745162004 0.14994785567432325 
0.13031640281307824 0.19519899151366593 0.239642807079795 0.239642807079795 0.19519899151366593 
0.028393892088071634 0.18723933112531568 0.3660761913827109 0.3660761913827109 0.05221439402119064 
0.22453136198566015 0.18364575867622646 0.18364575867622646 0.18364575867622646 0.22453136198566015 
0.22453136198566015 0.18364575867622646 0.18364575867622646 0.18364575867622646 0.22453136198566015 
0.052156693695236844 0.04230166853383903 0.06445032128986156 0.06445032128986156 0.7766409951912009 
0.17126424110108873 0.17126424110108873 0.17126424110108873 0.17126424110108873 0.3149430355956448 
0.10161103672976128 0.22988795748912974 0.28344498452567385 0.28344498452567385 0.10161103672976128 
0.14889176582436528 0.18203998398860094 0.22302275006234462 0.22302275006234462 0.22302275006234462 
0.3827856001104269 0.1372232489402939 0.1372232489402939 0.1372232489402939 0.20554465306869155 
0.19147430099047413 0.19147430099047413 0.19147430099047413 0.19147430099047413 0.23410279603810327 
0.29368996666377695 0.19444297486455384 0.15871204180355789 0.15871204180355789 0.19444297486455384 
0.2 0.2 0.2 0.2 0.2 
0.028899608798953383 0.19057420534371045 0.3725962854530816 0.3725962854530816 0.03533361495117273 
0.12093146915844531 0.12093146915844531 0.12093146915844531 0.12093146915844531 0.5162741233662188 
0.18188812442370433 0.18188812442370433 0.18188812442370433 0.18188812442370433 0.27244750230518255 
0.16218537651713266 0.19829319090211614 0.19829319090211614 0.19829319090211614 0.24293505077651895 
0.232553433006913 0.232553433006913 0.18981930412587236 0.18981930412587236 0.1552545257344294 
0.2 0.2 0.2 0.2 0.2 
0.9983467183610321 3.6782275394973626E-4 3.00231470650125E-4 3.00231470650125E-4 6.849959437177209E-4 
0.9999999894714929 2.8679719605970346E-10 2.8679719605970346E-10 2.8679719605970346E-10 9.66811523829459E-9 
0.1036166262105524 0.12720854228130674 0.15650430939347665 0.15650430939347665 0.45616621272118707 
2.650726649694328E-18 7.108648410570098E-10 0.49999999964456765 0.49999999964456765 1.7474403704795117E-18 
3.689523638618462E-4 0.9950454617510697 0.0021431735984470497 0.0021431735984470497 2.992386881740835E-4 
0.21698982430157393 0.015466184871976745 0.019028003457408148 0.019028003457408148 0.7294879839116327 
1.0636757360523995E-4 2.15737885355846E-6 2.15737885355846E-6 2.15737885355846E-6 0.9998871602898342 
1.2330362022954306E-8 1.1398281182493E-9 1.1398281182493E-9 1.1398281182493E-9 0.9999999842501537 
0.20011095642870697 0.0686552974871133 0.055803832795860195 0.055803832795860195 0.6196260804924592 
0.020140141130465337 0.15074435824510785 0.39529307297587835 0.39529307297587835 0.0385293546726701 
0.18853420526661 0.12586693838450025 0.12586693838450025 0.12586693838450025 0.43386497957988945 
0.04331034836692093 0.015028427431904514 0.015028427431904514 0.015028427431904514 0.9116043693373654 
0.19147430099047413 0.19147430099047413 0.19147430099047413 0.19147430099047413 0.23410279603810327 
0.14728603785505995 0.14728603785505995 0.14728603785505995 0.14728603785505995 0.4108558485797606 
0.24087937523083602 0.19661526726734233 0.16081299113549283 0.16081299113549283 0.24087937523083602 
0.2 0.2 0.2 0.2 0.2 
0.2 0.2 0.2 0.2 0.2 
0.22453136198566015 0.18364575867622646 0.18364575867622646 0.18364575867622646 0.22453136198566015 
0.19147430099047413 0.19147430099047413 0.19147430099047413 0.19147430099047413 0.23410279603810327 
0.6353624476046481 0.09444257932225517 0.0772452408322491 0.0772452408322491 0.11570449140859852 
0.18188812442370433 0.18188812442370433 0.18188812442370433 0.18188812442370433 0.27244750230518255 
0.042973415555342794 0.1481299243606047 0.18345979419813782 0.18345979419813782 0.44197707168777656 
0.2 0.2 0.2 0.2 0.2 
0.2344688915609822 0.19138277710975451 0.19138277710975451 0.19138277710975451 0.19138277710975451 
0.23410279603810327 0.19147430099047413 0.19147430099047413 0.19147430099047413 0.19147430099047413 
0.3352609209507636 0.14049991142960938 0.21601135220303042 0.21601135220303042 0.09221646321356644 
0.22835533249813364 0.18639264855290003 0.15245184036853912 0.15245184036853912 0.28034833821188815 
0.09936324455667539 0.22480248283832913 0.2771747461911146 0.2771747461911146 0.12148478022276604 
0.2 0.2 0.2 0.2 0.2 
0.34886795149227273 0.18853059752140414 0.15420048366210765 0.15420048366210765 0.15420048366210765 
0.18347744683615302 0.22478382974577063 0.18347744683615302 0.18347744683615302 0.22478382974577063 
0.0838487772701992 0.23897874529628907 0.2966618500816563 0.2966618500816563 0.0838487772701992 
0.026604346283724656 0.18652361947971902 0.37325768918122415 0.37325768918122415 0.040356655874107875 
0.09009531225235703 0.05860054697394534 0.07257712669566126 0.07257712669566126 0.7061498873823752 
0.17126424110108873 0.17126424110108873 0.17126424110108873 0.17126424110108873 0.3149430355956448 
0.14260975970711393 0.1743593961020298 0.14260975970711393 0.14260975970711393 0.3978113247766285 
0.3216649704600934 0.09331701548384053 0.09331701548384053 0.09331701548384053 0.3983839830883848 
0.12395885602914182 0.1864432935752495 0.2828194971832333 0.2828194971832333 0.12395885602914182 
0.3827856001104269 0.1372232489402939 0.1372232489402939 0.1372232489402939 0.20554465306869155 
0.20572133881923121 0.20572133881923121 0.1682609102320395 0.1682609102320395 0.2520355018974585 
0.4371553609092434 0.031158722079987555 0.047265278050762825 0.047265278050762825 0.4371553609092434 
