0.23769426000409774 0.08339809902666635 0.295067324247521 0.19192015836085732 0.19192015836085732 
0.20170257864348456 0.16497393840375685 0.30337560614524467 0.16497393840375685 0.16497393840375685 
0.15425921024817119 0.15425921024817119 0.12591246478586296 0.43965664993193176 0.12591246478586296 
0.34645991256463793 0.09792374730248905 0.22534735574216255 0.18236329584169822 0.14790568854901232 
0.3553029900747922 0.155728132720886 0.23422663694137164 0.12737112013147503 0.12737112013147503 
0.22835533249813364 0.28034833821188815 0.1863926485529 0.15245184036853912 0.15245184036853912 
0.21571185274517785 0.17643222088223307 0.21571185274517785 0.17643222088223307 0.21571185274517785 
0.21571185274517785 0.17643222088223307 0.21571185274517785 0.17643222088223307 0.21571185274517785 
0.7463427790483734 0.012888920986230642 0.1756989031480796 0.019467644832192817 0.04560175198512336 
0.19138277710975451 0.19138277710975451 0.19138277710975451 0.19138277710975451 0.2344688915609822 
0.2771593507801175 0.2252783781418461 0.2252783781418461 0.1225051076172484 0.14977878531894168 
0.38957482046997766 0.03787834646268918 0.48835717082834673 0.03787834646268918 0.04631131577629677 
0.32923515266341374 0.09551317258752594 0.21609196073699677 0.21609196073699677 0.14306775327506732 
0.15425921024817119 0.15425921024817119 0.12591246478586296 0.43965664993193176 0.12591246478586296 
0.34645991256463793 0.09792374730248905 0.22534735574216255 0.18236329584169822 0.14790568854901232 
0.3553029900747922 0.155728132720886 0.23422663694137164 0.12737112013147503 0.12737112013147503 
0.22835533249813364 0.28034833821188815 0.1863926485529 0.15245184036853912 0.15245184036853912 
0.21571185274517785 0.17643222088223307 0.21571185274517785 0.17643222088223307 0.21571185274517785 
0.21571185274517785 0.17643222088223307 0.21571185274517785 0.17643222088223307 0.21571185274517785 
0.7463427790483734 0.012888920986230642 0.1756989031480796 0.019467644832192817 0.04560175198512336 
0.30337560614524467 0.16497393840375685 0.20170257864348454 0.16497393840375685 0.16497393840375685 
0.18188812442370433 0.27244750230518255 0.18188812442370433 0.18188812442370433 0.18188812442370433 
0.2520355018974585 0.20572133881923121 0.20572133881923121 0.16826091023203954 0.16826091023203954 
0.2053648610814824 0.09077176843132172 0.38751795127769134 0.11098055812802175 0.2053648610814824 
0.2075590111955787 0.2075590111955787 0.2075590111955787 0.16976395521768498 0.2075590111955787 
0.16459310709548805 0.20164804776098197 0.16459310709548805 0.16459310709548805 0.3045726309525541 
0.2 0.2 0.2 0.2 0.2 
0.19455677292453688 0.292627785487911 0.19455677292453688 0.15912933433150755 0.15912933433150755 
0.30337560614524467 0.16497393840375685 0.20170257864348454 0.16497393840375685 0.16497393840375685 
0.2901978891013846 0.1578079704226164 0.236378199630766 0.1578079704226164 0.1578079704226164 
0.2803483382118882 0.1524518403685391 0.22835533249813364 0.1524518403685391 0.1863926485529 
0.12839855835478695 0.29294894190065623 0.12839855835478695 0.29294894190065623 0.15730499948911328 
0.2 0.2 0.2 0.2 0.2 
1.735079811091467E-15 9.195043047560541E-16 1.133721340950162E-15 0.9999999999999956 7.473839070803225E-16 
1.2429266924680052E-6 1.0995087170765756E-8 9.536717917769349E-7 4.3967214970264007E-7 0.9999973527342788 
4.7095935913131823E-4 5.471612852112089E-5 3.004600160063137E-4 6.71741515141088E-5 0.999106690344827 
0.00733452766201434 0.965017058874072 0.00902364861577056 0.004876440664949118 0.01374832418319384 
1.121379799467653E-12 0.9999999999960145 7.392479841163399E-13 1.385695358412859E-12 7.392479841163399E-13 
8.700620685897493E-6 5.7103252681333437E-8 0.9999899316111723 1.0566717046669694E-7 1.2049977185118835E-6 
0.999970347618211 1.0485449072241427E-14 2.9652381199152505E-5 3.865974704825852E-14 5.409624087199285E-13 
0.9870880535596714 3.636747029601642E-4 0.007936863027140166 6.77271032543304E-4 0.003934137677684852 
0.280192546766776 0.047300804959716294 0.354035726062696 0.038278375444035895 0.280192546766776 
0.18136670898547785 0.11628664986796151 0.09345470232765447 0.03242821323446307 0.5764637255844428 
0.32474433264270175 0.09421035767171937 0.32474433264270175 0.1151846907528153 0.1411162862900616 
0.4867705598788979 5.35638066175089E-4 0.4867705598788979 6.589939962224415E-4 0.02526424817980658 
0.21571185274517785 0.17643222088223307 0.21571185274517785 0.17643222088223307 0.21571185274517785 
0.5308536161274375 0.06453940672608023 0.2755281636943215 0.06453940672608023 0.06453940672608023 
0.19829319090211614 0.19829319090211614 0.16218537651713272 0.19829319090211614 0.24293505077651895 
0.2 0.2 0.2 0.2 0.2 
0.19147430099047413 0.23410279603810327 0.19147430099047413 0.19147430099047413 0.19147430099047413 
0.21571185274517785 0.17643222088223307 0.21571185274517785 0.17643222088223307 0.21571185274517785 
0.22453136198566015 0.18364575867622646 0.22453136198566015 0.18364575867622646 0.18364575867622646 
0.05716918366566342 0.046663747425899404 0.046663747425899404 0.07018572967955523 0.7793175918029825 
0.18705061708597026 0.1526781071880302 0.18705061708597026 0.12487648308830357 0.3483441755517256 
0.38272667038803715 0.20417901946065323 0.16631226771474833 0.11103139572703344 0.13575064670952777 
0.13428202594165645 0.13428202594165645 0.13428202594165645 0.13428202594165645 0.46287189623337455 
0.1709267891246451 0.1709267891246451 0.1709267891246451 0.1709267891246451 0.31629284350141945 
0.18188812442370433 0.18188812442370433 0.18188812442370433 0.27244750230518255 0.18188812442370433 
0.15960066446699867 0.05599795308355802 0.10428493155149965 0.4819924364114693 0.19812401448647457 
0.22859439848231206 0.1861996051254842 0.15198347758805578 0.15198347758805578 0.28123904121609233 
0.20572133881923121 0.2520355018974585 0.20572133881923121 0.16826091023203954 0.16826091023203954 
0.2 0.2 0.2 0.2 0.2 
0.18168360351104154 0.18168360351104154 0.18168360351104154 0.18168360351104154 0.27326558595583417 
0.19812402800474455 0.16138022639784086 0.16138022639784086 0.1077387256268405 0.3713767935727333 
0.15811284242942708 0.36074384700347356 0.12932159074624627 0.15811284242942708 0.19370887739142592 
0.275901382108151 0.14522397409869228 0.34330693501982573 0.11778385438666547 0.11778385438666547 
0.45979722117316074 0.08221135188603294 0.1541024002297363 0.06696455101106087 0.23692447570000896 
0.34643943458921456 0.12419366026740852 0.28097958460855993 0.12419366026740852 0.12419366026740852 
0.41523453000506655 0.118918258475635 0.27131907429089297 0.09726406861420268 0.09726406861420268 
0.36498793295654547 0.028309483724337944 0.36498793295654547 0.12085732518128552 0.12085732518128552 
0.2075590111955787 0.2075590111955787 0.2075590111955787 0.16976395521768498 0.2075590111955787 
0.19227971360533827 0.10390925604429395 0.3628266310809518 0.10390925604429395 0.23707514322512163 
0.232553433006913 0.18981930412587236 0.18981930412587236 0.15525452573442944 0.232553433006913 
0.11851772296326848 0.011239134021375566 0.18770148868558345 0.06061901783429104 0.6219226364954815 
