0.2448483511772911 0.15998676213720348 0.2448483511772911 0.2448483511772911 0.10546818433092321 
0.18188812442370433 0.18188812442370433 0.18188812442370433 0.18188812442370433 0.27244750230518255 
0.1621853765171327 0.24293505077651895 0.19829319090211614 0.19829319090211614 0.19829319090211614 
0.5362603556219553 0.0521405760258028 0.1797292461632195 0.1797292461632195 0.0521405760258028 
0.17718050171487273 0.14491716155955217 0.2664925875830114 0.2664925875830114 0.14491716155955217 
0.07061883727177537 0.04714569871871293 0.3877857873082976 0.3877857873082976 0.10666388939291632 
0.18364575867622646 0.22453136198566015 0.18364575867622646 0.18364575867622646 0.22453136198566015 
0.18364575867622646 0.22453136198566015 0.18364575867622646 0.18364575867622646 0.22453136198566015 
0.3735046383516431 0.12518118556712937 0.10130340115245344 0.10130340115245344 0.29870737377632045 
0.17126424110108873 0.3149430355956448 0.17126424110108873 0.17126424110108873 0.17126424110108873 
0.10300151184048105 0.08407390528993687 0.36442533878982264 0.36442533878982264 0.08407390528993687 
0.27244750230518255 0.18188812442370433 0.18188812442370433 0.18188812442370433 0.18188812442370433 
0.19661526726734233 0.24087937523083602 0.16081299113549283 0.16081299113549283 0.24087937523083602 
0.1621853765171327 0.24293505077651895 0.19829319090211614 0.19829319090211614 0.19829319090211614 
0.5362603556219553 0.0521405760258028 0.1797292461632195 0.1797292461632195 0.0521405760258028 
0.17718050171487273 0.14491716155955217 0.2664925875830114 0.2664925875830114 0.14491716155955217 
0.07061883727177537 0.04714569871871293 0.3877857873082976 0.3877857873082976 0.10666388939291632 
0.18364575867622646 0.22453136198566015 0.18364575867622646 0.18364575867622646 0.22453136198566015 
0.18364575867622646 0.22453136198566015 0.18364575867622646 0.18364575867622646 0.22453136198566015 
0.3735046383516431 0.12518118556712937 0.10130340115245344 0.10130340115245344 0.29870737377632045 
0.17126424110108873 0.17126424110108873 0.17126424110108873 0.17126424110108873 0.3149430355956448 
0.13890947952440888 0.11361502700103475 0.31693023323676084 0.31693023323676084 0.11361502700103475 
0.1608129911354928 0.1608129911354928 0.24087937523083602 0.24087937523083602 0.1966152672673423 
0.12586693838450025 0.43386497957988945 0.12586693838450025 0.12586693838450025 0.18853420526661 
0.3149430355956448 0.17126424110108873 0.17126424110108873 0.17126424110108873 0.17126424110108873 
0.12385885307550296 0.34550548664041925 0.1514339191685593 0.1514339191685593 0.227767821946959 
0.2 0.2 0.2 0.2 0.2 
0.06223638271883658 0.04154950523629628 0.4273323034042854 0.4273323034042854 0.04154950523629628 
0.12093146915844531 0.12093146915844531 0.12093146915844531 0.12093146915844531 0.5162741233662188 
0.19147430099047413 0.19147430099047413 0.19147430099047413 0.19147430099047413 0.23410279603810327 
0.21571185274517785 0.17643222088223307 0.21571185274517785 0.21571185274517785 0.17643222088223307 
0.3117068479861904 0.1377751854667747 0.20637139054013018 0.20637139054013018 0.1377751854667747 
0.2 0.2 0.2 0.2 0.2 
0.11207508659635386 0.6268211408466049 0.0745143429803436 0.0745143429803436 0.11207508659635386 
1.7269438853103394E-22 1.0 4.921990473142462E-22 4.921990473142462E-22 3.768894828730164E-21 
0.9999999999999951 4.969063373624382E-16 9.19504304756054E-16 9.19504304756054E-16 2.6800974229204238E-15 
5.072573539745148E-11 1.941382929962268E-12 0.4999999999732483 0.4999999999732483 8.362487708398288E-13 
0.0019195168817691547 0.004379491846948426 0.4950745029554037 0.4950745029554037 0.003551985360475044 
0.016751209198358503 0.6422011564978467 0.016751209198358503 0.016751209198358503 0.30754521590707784 
0.0447783108266395 0.8714199357152962 0.006252131418623387 0.006252131418623387 0.07129749062081751 
1.1825055216088228E-11 1.7608138094175963E-10 6.3497082210192836E-12 6.3497082210192836E-12 0.9999999997993942 
0.0011931243708740759 3.7538015134674994E-4 8.257465677112122E-5 8.257465677112122E-5 0.9982663461642368 
0.9011239869494637 0.004076547936489544 0.03966337601558739 0.03966337601558739 0.015472713082871892 
0.14081806755833332 0.25895463862393014 0.14081806755833332 0.14081806755833332 0.3185911587010695 
0.9615822462242634 0.008381142444431663 0.0018737805446024855 0.0018737805446024855 0.026289050242099855 
0.23410279603810327 0.19147430099047413 0.19147430099047413 0.19147430099047413 0.19147430099047413 
0.2 0.2 0.2 0.2 0.2 
0.14974854996483358 0.27537717505274945 0.14974854996483358 0.14974854996483358 0.27537717505274945 
0.2 0.2 0.2 0.2 0.2 
0.2 0.2 0.2 0.2 0.2 
0.19147430099047413 0.23410279603810327 0.19147430099047413 0.19147430099047413 0.19147430099047413 
0.2 0.2 0.2 0.2 0.2 
0.255904032267569 0.6352699214835388 0.031111956139328198 0.031111956139328198 0.04660213397023567 
0.6957348347289714 0.06764627417201532 0.06764627417201532 0.06764627417201532 0.10132634275498247 
0.06292122504440237 0.027811334612299784 0.09586603343599567 0.09586603343599567 0.7175353734713064 
0.8286371224796049 0.04058199662562275 0.04058199662562275 0.04058199662562275 0.04961688764352663 
0.2912028759591775 0.2366931204798836 0.1573680011869796 0.1573680011869796 0.1573680011869796 
0.2 0.2 0.2 0.2 0.2 
0.24727243272873653 0.3076836380679031 0.19919263533079573 0.19919263533079573 0.04665865854176909 
0.2568300573905737 0.2087544895172132 0.13879269785081963 0.13879269785081963 0.2568300573905737 
0.15340192717241763 0.1254685004751054 0.28386382259002957 0.28386382259002957 0.15340192717241763 
0.2 0.2 0.2 0.2 0.2 
0.14728603785505995 0.41085584857976054 0.14728603785505995 0.14728603785505995 0.14728603785505995 
0.5872107402448521 0.10693568734797887 0.0872851348447382 0.0872851348447382 0.1312833027176929 
0.09495336516184298 0.11657278960615808 0.33595052781292034 0.33595052781292034 0.11657278960615808 
0.1290230342321137 0.03597993811832357 0.39950854476561953 0.39950854476561953 0.03597993811832357 
0.021216925141899427 0.1186634570321633 0.03977040901107989 0.03977040901107989 0.7805787998037776 
0.2 0.2 0.2 0.2 0.2 
0.18188812442370433 0.18188812442370433 0.18188812442370433 0.18188812442370433 0.27244750230518255 
0.391515557007113 0.25465282505667264 0.07387637387069906 0.07387637387069906 0.2060788701948163 
0.14438251183547152 0.14438251183547152 0.26717377336923315 0.26717377336923315 0.17688742959059084 
0.15593285585489605 0.4444267341262053 0.10410201762726663 0.10410201762726663 0.1914363747643654 
0.2520355018974585 0.20572133881923121 0.16826091023203954 0.16826091023203954 0.20572133881923121 
0.34531132427572403 0.34531132427572403 0.0188082334964774 0.0188082334964774 0.27176088445559715 
