0.09644829540527494 0.11840809253035106 0.2219519670573842 0.34123967794960564 0.2219519670573842 
0.22453136198566015 0.18364575867622646 0.18364575867622646 0.18364575867622646 0.22453136198566015 
0.232553433006913 0.18981930412587236 0.18981930412587236 0.15525452573442944 0.232553433006913 
0.05961735956350425 0.10963218050897441 0.13488016127026528 0.4903684820434981 0.20550181661375802 
0.14320597184207143 0.17508834472387344 0.14320597184207143 0.21450608426018808 0.32399362733179565 
0.0992511169214955 0.27686196505196536 0.0992511169214955 0.34211989557480676 0.1825159055302369 
0.18364575867622646 0.18364575867622646 0.22453136198566015 0.18364575867622646 0.22453136198566015 
0.18364575867622646 0.18364575867622646 0.22453136198566015 0.18364575867622646 0.22453136198566015 
0.014572443252497572 0.017853145765509313 0.06316546794124647 0.09803611124272715 0.8063728317980196 
0.19829319090211614 0.19829319090211614 0.24293505077651895 0.1621853765171327 0.19829319090211614 
0.11646289913390835 0.263489271114926 0.14239138192914974 0.263489271114926 0.21416717670708965 
0.14241148336989123 0.09507504156720739 0.11624188180443841 0.14241148336989123 0.503860109888572 
0.13315529845707297 0.13315529845707297 0.19945133085666558 0.16280005992887628 0.3714380123003122 
0.232553433006913 0.18981930412587236 0.18981930412587236 0.15525452573442944 0.232553433006913 
0.05961735956350425 0.10963218050897441 0.13488016127026528 0.4903684820434981 0.20550181661375802 
0.14320597184207143 0.17508834472387344 0.14320597184207143 0.21450608426018808 0.32399362733179565 
0.0992511169214955 0.27686196505196536 0.0992511169214955 0.34211989557480676 0.1825159055302369 
0.18364575867622646 0.18364575867622646 0.22453136198566015 0.18364575867622646 0.22453136198566015 
0.18364575867622646 0.18364575867622646 0.22453136198566015 0.18364575867622646 0.22453136198566015 
0.014572443252497572 0.017853145765509313 0.06316546794124647 0.09803611124272715 0.8063728317980196 
0.17126424110108873 0.17126424110108873 0.17126424110108873 0.17126424110108873 0.3149430355956448 
0.1578079704226164 0.236378199630766 0.1578079704226164 0.2901978891013846 0.1578079704226164 
0.19829319090211614 0.19829319090211614 0.16218537651713272 0.19829319090211614 0.24293505077651895 
0.18432501568247656 0.12305684986350422 0.3432682908068691 0.12305684986350422 0.2262929937836458 
0.19138277710975451 0.19138277710975451 0.19138277710975451 0.2344688915609822 0.19138277710975451 
0.18773502717534724 0.18773502717534724 0.28355816871840117 0.15323674975555748 0.18773502717534724 
0.2 0.2 0.2 0.2 0.2 
0.10571767875746498 0.29490050277897806 0.10571767875746498 0.3644102186328313 0.12925392107326059 
0.14728603785505995 0.14728603785505995 0.14728603785505995 0.14728603785505995 0.4108558485797606 
0.18188812442370433 0.18188812442370433 0.18188812442370433 0.18188812442370433 0.27244750230518255 
0.1682609102320395 0.20572133881923121 0.1682609102320395 0.20572133881923121 0.2520355018974585 
0.29022961432637334 0.2353906291621273 0.15584480024788064 0.19132827024660806 0.1272066860170104 
0.2 0.2 0.2 0.2 0.2 
0.23568470491489818 0.19115199909069702 0.15537059172824771 0.1265557818563566 0.2912369224098004 
4.032777625412506E-9 2.6230329721431116E-9 0.9999998498649848 1.721615488026791E-9 1.4175758906129092E-7 
9.925421023849784E-9 9.925421023849784E-9 4.98506668499321E-5 0.9999500613316082 6.815069968864569E-8 
1.4942794399706148E-5 0.0674323942622994 5.217671608263251E-5 0.9324780111585355 2.247506868282197E-5 
0.9999983247158123 1.6752841803782333E-6 2.884195624804191E-15 1.5586387978231853E-15 2.884195624804191E-15 
0.272791950952546 0.0077194629233450825 0.13296277950462773 0.011659607708628877 0.5748661989108521 
2.810285641886565E-9 1.188792906976062E-9 6.133187715626055E-8 3.5053236433033327E-9 0.9999999311637208 
2.6602261428043197E-6 1.4284635039803924E-6 1.545274402223833E-5 2.157575500769102E-6 0.9999783009908302 
0.08572697645521057 0.04512341371095622 0.330297303890769 0.20855500205229505 0.330297303890769 
0.004684943038991438 0.017273338659608905 0.05490232034698958 0.9093251822859474 0.013814215668462694 
0.14969431658593582 0.12243602005451319 0.1833950839931366 0.12243602005451319 0.4220385593119011 
0.006775097193554056 0.0029183663938675236 0.10736781705536277 0.22839282014560208 0.6545458992116132 
0.17643222088223307 0.17643222088223307 0.21571185274517785 0.21571185274517785 0.21571185274517785 
0.10753145569987334 0.10753145569987334 0.10753145569987334 0.10753145569987334 0.5698741772005067 
0.232553433006913 0.18981930412587236 0.232553433006913 0.15525452573442944 0.18981930412587236 
0.2 0.2 0.2 0.2 0.2 
0.22453136198566015 0.22453136198566015 0.18364575867622646 0.18364575867622646 0.18364575867622646 
0.18364575867622646 0.18364575867622646 0.22453136198566015 0.18364575867622646 0.22453136198566015 
0.19147430099047413 0.19147430099047413 0.19147430099047413 0.19147430099047413 0.23410279603810327 
0.042702920148525385 0.042702920148525385 0.7131689743938829 0.14910853223897344 0.05231665307009263 
0.10161286831535125 0.10161286831535125 0.23183579814206734 0.44044943354926847 0.12448903167796158 
0.10426009105369347 0.15747620960464695 0.0851012073914379 0.19416346241912907 0.4589990295310925 
0.06815574987834319 0.06815574987834319 0.23493375948247336 0.5605989908824972 0.06815574987834319 
0.1573680011869796 0.1573680011869796 0.2912028759591775 0.23669312047988367 0.1573680011869796 
0.2 0.2 0.2 0.2 0.2 
0.06162322043360329 0.11332081923092799 0.32657869097448183 0.32657869097448183 0.17189857838650477 
0.16762249837935542 0.16762249837935542 0.2531798641500116 0.20578756954563882 0.20578756954563882 
0.18027400319000136 0.271145442749465 0.14744735787752714 0.22085919299300535 0.18027400319000136 
0.2 0.2 0.2 0.2 0.2 
0.22085919299300535 0.18027400319000136 0.271145442749465 0.14744735787752716 0.18027400319000136 
0.11313098251278071 0.11313098251278071 0.26034305736908775 0.40026399509257055 0.11313098251278071 
0.19132827024660806 0.29022961432637334 0.15584480024788064 0.23539062916212736 0.1272066860170104 
0.07441959315388158 0.17276788061354895 0.0915582147473698 0.5217572996244573 0.13949701186074234 
0.04719058057654967 0.07127745317631255 0.16696301837716043 0.07127745317631255 0.6432914946936646 
0.15968239858692226 0.15968239858692226 0.15968239858692226 0.15968239858692226 0.3612704056523108 
0.15491507344393937 0.15491507344393937 0.12670611330818268 0.12670611330818268 0.4367576264957556 
0.06731057270446066 0.05505378438862114 0.2350326550319865 0.1897711134165966 0.4528318744583351 
0.15525452573442944 0.232553433006913 0.18981930412587233 0.232553433006913 0.18981930412587233 
0.20632844588608582 0.13717971629795953 0.3129836756319093 0.13717971629795953 0.20632844588608582 
0.17619929143570645 0.17619929143570645 0.21586713904286245 0.21586713904286245 0.21586713904286245 
0.017088155315463073 0.013919010234664046 0.6286797770079972 0.18974085059175855 0.15057220685011727 
