0.1741335417710095 0.2689760168732002 0.11378088271158077 0.1741335417710095 0.2689760168732002 
0.18188812442370433 0.18188812442370433 0.27244750230518255 0.18188812442370433 0.18188812442370433 
0.2137276688970563 0.17480934314738605 0.26184430166078543 0.17480934314738605 0.17480934314738605 
0.13345513881468815 0.2051803784107484 0.05799237025199763 0.39819173411181735 0.2051803784107484 
0.21416717670708965 0.263489271114926 0.14239138192914974 0.11646289913390835 0.263489271114926 
0.18920982584264676 0.372742421610037 0.042301833295665586 0.023003497641613316 0.372742421610037 
0.2 0.2 0.2 0.2 0.2 
0.2 0.2 0.2 0.2 0.2 
0.0609481974851935 0.07531403222971911 0.5637083365889051 0.22471540146646296 0.07531403222971911 
0.2 0.2 0.2 0.2 0.2 
0.18865154498181316 0.3661143741961565 0.043522418551550375 0.03559728807432346 0.3661143741961565 
0.14974854996483358 0.14974854996483358 0.27537717505274945 0.27537717505274945 0.14974854996483358 
0.1578079704226164 0.1578079704226164 0.2901978891013846 0.236378199630766 0.1578079704226164 
0.2137276688970563 0.17480934314738605 0.26184430166078543 0.17480934314738605 0.17480934314738605 
0.13345513881468815 0.2051803784107484 0.05799237025199763 0.39819173411181735 0.2051803784107484 
0.21416717670708965 0.263489271114926 0.14239138192914974 0.11646289913390835 0.263489271114926 
0.18920982584264676 0.372742421610037 0.042301833295665586 0.023003497641613316 0.372742421610037 
0.2 0.2 0.2 0.2 0.2 
0.2 0.2 0.2 0.2 0.2 
0.0609481974851935 0.07531403222971911 0.5637083365889051 0.22471540146646296 0.07531403222971911 
0.17126424110108873 0.17126424110108873 0.3149430355956448 0.17126424110108873 0.17126424110108873 
0.20279116955441542 0.3089702247104893 0.08963419051230322 0.08963419051230322 0.3089702247104893 
0.18203998398860094 0.22302275006234462 0.22302275006234462 0.14889176582436528 0.22302275006234462 
0.19147430099047413 0.19147430099047413 0.23410279603810327 0.19147430099047413 0.19147430099047413 
0.15968239858692226 0.15968239858692226 0.15968239858692226 0.3612704056523108 0.15968239858692226 
0.18789995867687906 0.18789995867687906 0.28261544419331086 0.1536846797760521 0.18789995867687906 
0.2 0.2 0.2 0.2 0.2 
0.16108089701253928 0.39987587491649773 0.019583676577232593 0.019583676577232593 0.39987587491649773 
0.09438991265851776 0.09438991265851776 0.6224403493659293 0.09438991265851776 0.09438991265851776 
0.18188812442370433 0.18188812442370433 0.27244750230518255 0.18188812442370433 0.18188812442370433 
0.2 0.2 0.2 0.2 0.2 
0.20554465306869155 0.1372232489402939 0.1372232489402939 0.3827856001104269 0.1372232489402939 
0.2 0.2 0.2 0.2 0.2 
0.20874276230449285 0.13935833216065807 0.25627028668709545 0.25627028668709545 0.13935833216065807 
0.041517689835486295 0.05153895448920085 0.8435142258408502 0.011890175345261818 0.05153895448920085 
1.9282583823078177E-34 2.3723308281287812E-34 4.476524257500008E-34 1.0 2.3723308281287812E-34 
5.975982138727858E-24 0.5 9.641291911539089E-35 1.8072275796454032E-34 0.5 
0.991581017172696 0.0020818844377599953 0.002555897583341853 0.0016993163684422483 0.0020818844377599953 
0.029369811882329976 0.044551645004995685 0.845393301705829 0.03613359640184976 0.044551645004995685 
0.001332121594579337 0.001332121594579337 0.9839810045875987 0.012022630628663303 0.001332121594579337 
1.8108319114831506E-16 2.2231305554010096E-16 0.9999999999999989 3.372310442464E-16 2.2231305554010096E-16 
0.03013497391942658 0.024494061018713605 0.21582931300792568 0.7050475910352205 0.024494061018713605 
0.017364050311327775 0.04607199484305805 0.0028150117362585833 0.8876769482662974 0.04607199484305805 
0.13428202594165645 0.13428202594165645 0.46287189623337455 0.13428202594165645 0.13428202594165645 
4.488606074147272E-4 4.488606074147272E-4 0.006297492571377157 0.9923559256063786 4.488606074147272E-4 
0.18188812442370433 0.18188812442370433 0.18188812442370433 0.27244750230518255 0.18188812442370433 
0.18188812442370433 0.18188812442370433 0.27244750230518255 0.18188812442370433 0.18188812442370433 
0.20170257864348456 0.16497393840375685 0.30337560614524467 0.16497393840375685 0.16497393840375685 
0.2 0.2 0.2 0.2 0.2 
0.2 0.2 0.2 0.2 0.2 
0.2 0.2 0.2 0.2 0.2 
0.2 0.2 0.2 0.2 0.2 
0.056396139866765026 0.056396139866765026 0.10370858137882838 0.7271029990208763 0.056396139866765026 
0.04830541425757312 0.04830541425757312 0.07235595783942116 0.7827277993878596 0.04830541425757312 
0.09943333985306374 0.12314878404628447 0.5890064820394418 0.06526261001492512 0.12314878404628447 
0.027255418825971274 0.027255418825971274 0.027255418825971274 0.890978324696115 0.027255418825971274 
0.16394876852584983 0.16394876852584983 0.1340948351878152 0.37405885923463505 0.16394876852584983 
0.2 0.2 0.2 0.2 0.2 
0.15386562730263922 0.29435460694506443 0.0668616623296971 0.19056349647753487 0.29435460694506443 
0.14775782009145993 0.12085214613704867 0.27341963951723597 0.3371182481172066 0.12085214613704867 
0.22480248283832913 0.2771747461911146 0.12148478022276604 0.09936324455667539 0.2771747461911146 
0.2 0.2 0.2 0.2 0.2 
0.23410279603810327 0.19147430099047413 0.19147430099047413 0.19147430099047413 0.19147430099047413 
0.08294596882172844 0.06770377834550707 0.06770377834550707 0.7139426961417503 0.06770377834550707 
0.21033611657739346 0.3248964574324376 0.09060207352007905 0.049268895037652326 0.3248964574324376 
0.15166301198694443 0.3887790744826623 0.021175811788829737 0.04960302725890103 0.3887790744826623 
0.027122362760918724 0.04169923094835835 0.8776932664795798 0.011785908862784675 0.04169923094835835 
0.19147430099047413 0.19147430099047413 0.23410279603810327 0.19147430099047413 0.19147430099047413 
0.17126424110108873 0.17126424110108873 0.3149430355956448 0.17126424110108873 0.17126424110108873 
0.07414165655131347 0.07414165655131347 0.16774038074989805 0.6098346495961611 0.07414165655131347 
0.22988795748912974 0.28344498452567385 0.10161103672976128 0.10161103672976128 0.28344498452567385 
0.17480934314738605 0.17480934314738605 0.2137276688970563 0.26184430166078543 0.17480934314738605 
0.1578079704226164 0.1578079704226164 0.236378199630766 0.2901978891013846 0.1578079704226164 
0.02091234971844591 0.02578430252320052 0.3021633401453686 0.6253557050897841 0.02578430252320052 
